0.000 -0.000 0.063
0.000 -0.000 0.119
0.000 -0.000 0.167
0.000 -0.000 0.209
0.000 -0.000 0.243
0.000 -0.000 0.272
0.000 -0.000 0.295
0.000 -0.000 0.313
0.000 -0.000 0.325
0.000 -0.000 0.333
0.000 -0.000 0.336
0.000 -0.000 0.335
0.000 -0.000 0.330
0.000 -0.000 0.322
0.000 -0.000 0.311
0.000 -0.000 0.296
0.000 -0.000 0.279
0.000 -0.000 0.260
0.000 -0.000 0.238
0.000 -0.000 0.215
0.000 -0.000 0.190
0.000 -0.000 0.164
0.000 -0.000 0.136
0.000 -0.000 0.108
-0.000 0.000 0.079
-0.000 0.000 0.049
-0.000 0.000 0.019
-0.000 0.000 -0.011
-0.000 0.000 -0.041
-0.000 0.000 -0.071
-0.000 0.000 -0.100
-0.000 0.000 -0.129
-0.000 0.000 -0.157
-0.000 0.000 -0.184
-0.000 0.000 -0.210
-0.000 0.000 -0.235
-0.000 0.000 -0.259
-0.000 0.000 -0.282
-0.000 0.000 -0.303
-0.000 0.000 -0.323
-0.000 0.000 -0.341
-0.000 0.000 -0.357
-0.000 0.000 -0.371
-0.000 0.000 -0.384
-0.000 0.000 -0.395
-0.000 0.000 -0.404
-0.000 0.000 -0.411
-0.000 0.000 -0.416
-0.000 0.000 -0.419
-0.000 0.000 -0.420
-0.000 0.000 -0.419
-0.000 0.000 -0.416
-0.000 0.000 -0.411
-0.000 0.000 -0.404
-0.000 0.000 -0.395
-0.000 0.000 -0.384
-0.000 0.000 -0.371
-0.000 0.000 -0.357
0.000 -0.000 -0.341
0.000 -0.000 -0.323
0.000 -0.000 -0.303
0.000 -0.000 -0.282
0.000 -0.000 -0.259
0.000 -0.000 -0.235
0.000 -0.000 -0.210
0.000 -0.000 -0.184
0.000 -0.000 -0.157
0.000 -0.000 -0.129
0.000 -0.000 -0.100
0.000 -0.000 -0.071
0.000 -0.000 -0.041
0.000 -0.000 -0.011
0.000 -0.000 0.019
0.000 -0.000 0.049
0.000 -0.000 0.079
-0.000 0.000 0.108
-0.000 0.000 0.136
-0.000 0.000 0.164
-0.000 0.000 0.190
-0.000 0.000 0.215
-0.000 0.000 0.238
-0.000 0.000 0.260
-0.000 0.000 0.279
-0.000 0.000 0.296
-0.000 0.000 0.311
-0.000 0.000 0.322
-0.000 0.000 0.330
-0.000 0.000 0.335
-0.000 0.000 0.336
-0.000 0.000 0.333
-0.000 0.000 0.325
-0.000 0.000 0.313
-0.000 0.000 0.295
-0.000 0.000 0.272
0.000 -0.000 0.243
0.000 -0.000 0.209
0.000 -0.000 0.167
0.000 -0.000 0.119
0.000 -0.000 0.063
0.000 -0.000 -0.000
0.000 0.000 0.000
0.000 0.000 0.000
0.000 0.000 0.000
0.000 0.000 0.000
0.000 0.000 0.000
0.000 0.000 0.000
0.000 0.000 0.000
0.000 0.000 0.000
0.000 0.000 0.000
0.000 0.000 0.000
0.000 0.000 0.000
0.000 0.000 0.000
0.000 0.000 0.000
0.000 0.000 0.000
0.000 0.000 0.000
0.000 0.000 0.000
0.000 0.000 0.000
0.000 0.000 0.000
0.000 0.000 0.000
0.000 0.000 0.000
0.000 0.000 0.000
0.000 0.000 0.000
0.000 0.000 0.000
0.000 0.000 0.000
0.000 0.000 0.000
0.000 0.000 0.000
0.000 0.000 0.000
0.000 0.000 0.000
0.000 0.000 0.000
0.000 0.000 0.000
0.000 0.000 0.000
0.000 0.000 0.000
0.000 0.000 0.000
0.000 0.000 0.000
0.000 0.000 0.000
0.000 0.000 0.000
0.000 0.000 0.000
0.000 0.000 0.000
0.000 0.000 0.000
0.000 0.000 0.000
0.000 0.000 0.000
0.000 0.000 0.000
0.000 0.000 0.000
0.000 0.000 0.000
0.000 0.000 0.000
0.000 0.000 0.000
0.000 0.000 0.000
0.000 0.000 0.000
0.000 0.000 0.000
0.000 0.000 0.000
0.000 0.000 0.000
0.000 0.000 0.000
0.000 0.000 0.000
0.000 0.000 0.000
0.000 0.000 0.000
0.000 0.000 0.000
0.000 0.000 0.000
0.000 0.000 0.000
0.000 0.000 0.000
0.000 0.000 0.000
0.000 0.000 0.000
0.000 0.000 0.000
0.000 0.000 0.000
0.000 0.000 0.000
0.000 0.000 0.000
0.000 0.000 0.000
0.000 0.000 0.000
0.000 0.000 0.000
0.000 0.000 0.000
0.000 0.000 0.000
0.000 0.000 0.000
0.000 0.000 0.000
0.000 0.000 0.000
0.000 0.000 0.000
0.000 0.000 0.000
0.000 0.000 0.000
0.000 0.000 0.000
0.000 0.000 0.000
0.000 0.000 0.000
0.000 0.000 0.000
0.000 0.000 0.000
0.000 0.000 0.000
0.000 0.000 0.000
0.000 0.000 0.000
0.000 0.000 0.000
0.000 0.000 0.000
0.000 0.000 0.000
0.000 0.000 0.000
0.000 0.000 0.000
0.000 0.000 0.000
0.000 0.000 0.000
0.000 0.000 0.000
0.000 0.000 0.000
0.000 0.000 0.000
0.000 0.000 0.000
0.000 0.000 0.000
0.000 0.000 0.000
0.000 0.000 0.000
0.000 0.000 0.000
0.000 0.000 0.000
0.000 0.000 0.000
0.000 0.000 0.000
0.000 0.000 0.000
0.000 0.000 0.000
0.000 0.000 0.000
0.000 0.000 0.000
0.000 0.000 0.000
0.000 0.000 0.000
0.000 0.000 0.000
0.000 0.000 0.000
0.000 0.000 0.000
0.000 0.000 0.000
0.000 0.000 0.000
0.000 0.000 0.000
0.000 0.000 0.000
0.000 0.000 0.000
0.000 0.000 0.000
0.000 0.000 0.000
0.000 0.000 0.000
0.000 0.000 0.000
0.000 0.000 0.000
0.000 0.000 0.000
0.000 0.000 0.000
0.000 0.000 0.000
0.000 0.000 0.000
0.000 0.000 0.000
0.000 0.000 0.000
0.000 0.000 0.000
0.000 0.000 0.000
0.000 0.000 0.000
0.000 0.000 0.000
0.000 0.000 0.000
0.000 0.000 0.000
0.000 0.000 0.000
0.000 0.000 0.000
0.000 0.000 0.000
0.000 0.000 0.000
0.000 0.000 0.000
0.000 0.000 0.000
0.000 0.000 0.000
0.000 0.000 0.000
0.000 0.000 0.000
0.000 0.000 0.000
0.000 0.000 0.000
0.000 0.000 0.000
0.000 0.000 0.000
0.000 0.000 0.000
0.000 0.000 0.000
0.000 0.000 0.000
0.000 0.000 0.000
0.000 0.000 0.000
0.000 0.000 0.000
0.000 0.000 0.000
0.000 0.000 0.000
0.000 0.000 0.000
0.000 0.000 0.000
0.000 0.000 0.000
0.000 0.000 0.000
0.000 0.000 0.000
0.000 0.000 0.000
0.000 0.000 0.000
0.000 0.000 0.000
0.000 0.000 0.000
0.000 0.000 0.000
0.000 0.000 0.000
0.000 0.000 0.000
0.000 0.000 0.000
0.000 0.000 0.000
0.000 0.000 0.000
0.000 0.000 0.000
0.000 0.000 0.000
0.000 0.000 0.000
0.000 0.000 0.000
0.000 0.000 0.000
0.000 0.000 0.000
0.000 0.000 0.000
0.000 0.000 0.000
0.000 0.000 0.000
0.000 0.000 0.000
0.000 0.000 0.000
0.000 0.000 0.000
0.000 0.000 0.000
0.000 0.000 0.000
0.000 0.000 0.000
0.000 0.000 0.000
0.000 0.000 0.000
0.000 0.000 0.000
0.000 0.000 0.000
0.000 0.000 0.000
0.000 0.000 0.000
0.000 0.000 0.000
0.000 0.000 0.000
0.000 0.000 0.000
0.000 0.000 0.000
0.000 0.000 0.000
0.000 0.000 0.000
0.000 0.000 0.000
0.000 0.000 0.000
0.000 0.000 0.000
0.000 0.000 0.000
0.095 0.043 -0.000
0.179 0.081 -0.000
0.254 0.115 -0.000
0.319 0.144 -0.000
0.375 0.168 -0.000
0.423 0.189 -0.001
0.463 0.206 -0.001
0.495 0.219 -0.001
0.521 0.229 -0.001
0.539 0.235 -0.001
0.551 0.239 -0.001
0.557 0.240 -0.001
0.558 0.238 -0.001
0.553 0.233 -0.001
0.544 0.227 -0.001
0.530 0.218 -0.000
0.512 0.207 -0.000
0.491 0.195 -0.000
0.466 0.181 -0.000
0.437 0.165 -0.000
0.406 0.148 -0.000
0.373 0.131 -0.000
0.337 0.112 -0.000
0.300 0.092 0.000
0.261 0.071 0.000
0.220 0.050 0.000
0.178 0.029 0.000
0.136 0.007 0.000
0.093 -0.015 0.000
0.050 -0.038 0.000
0.006 -0.060 0.001
-0.037 -0.082 0.001
-0.080 -0.104 0.001
-0.123 -0.125 0.001
-0.165 -0.147 0.001
-0.206 -0.167 0.001
-0.246 -0.187 0.001
-0.285 -0.207 0.001
-0.322 -0.225 0.001
-0.358 -0.243 0.001
-0.392 -0.260 0.001
-0.425 -0.276 0.001
-0.456 -0.291 0.001
-0.484 -0.305 0.001
-0.511 -0.318 0.001
-0.535 -0.330 0.001
-0.557 -0.340 0.001
-0.576 -0.349 0.001
-0.594 -0.357 0.001
-0.608 -0.364 0.001
-0.620 -0.369 0.001
-0.630 -0.373 0.001
-0.637 -0.376 0.001
-0.641 -0.377 0.001
-0.643 -0.377 0.001
-0.642 -0.375 0.001
-0.638 -0.372 0.001
-0.631 -0.368 0.001
-0.622 -0.362 0.001
-0.611 -0.355 0.001
-0.597 -0.347 0.000
-0.580 -0.337 0.000
-0.561 -0.326 0.000
-0.539 -0.314 0.000
-0.515 -0.300 0.000
-0.489 -0.285 0.000
-0.461 -0.270 -0.000
-0.431 -0.253 -0.000
-0.399 -0.235 -0.000
-0.365 -0.216 -0.000
-0.329 -0.196 -0.000
-0.292 -0.175 -0.001
-0.253 -0.153 -0.001
-0.213 -0.131 -0.001
-0.172 -0.108 -0.001
-0.130 -0.084 -0.001
-0.087 -0.060 -0.001
-0.044 -0.035 -0.001
-0.000 -0.011 -0.001
0.043 0.014 -0.001
0.087 0.040 -0.001
0.131 0.065 -0.002
0.174 0.090 -0.002
0.216 0.114 -0.002
0.257 0.139 -0.002
0.297 0.163 -0.002
0.335 0.186 -0.002
0.372 0.209 -0.002
0.406 0.230 -0.002
0.438 0.251 -0.002
0.468 0.270 -0.002
0.494 0.289 -0.002
0.517 0.305 -0.002
0.536 0.320 -0.002
0.552 0.334 -0.002
0.563 0.345 -0.002
0.569 0.354 -0.002
0.571 0.361 -0.001
0.568 0.366 -0.001
0.559 0.369 -0.001
0.546 0.369 -0.001
0.527 0.366 -0.001
0.503 0.361 -0.001
0.474 0.354 -0.000
0.440 0.344 -0.000
0.401 0.332 -0.000
0.358 0.317 0.000
0.311 0.300 0.000
0.259 0.281 0.001
0.204 0.260 0.001
0.145 0.238 0.001
0.084 0.213 0.002
0.021 0.187 0.002
-0.044 0.159 0.002
-0.110 0.131 0.002
-0.177 0.102 0.003
-0.243 0.072 0.003
-0.308 0.041 0.003
-0.371 0.011 0.003
-0.432 -0.019 0.003
-0.488 -0.048 0.003
-0.541 -0.076 0.003
-0.588 -0.103 0.003
-0.628 -0.129 0.003
-0.663 -0.152 0.003
-0.690 -0.174 0.003
-0.709 -0.193 0.003
-0.721 -0.209 0.003
-0.724 -0.223 0.003
-0.719 -0.234 0.002
-0.706 -0.243 0.002
-0.684 -0.248 0.002
-0.655 -0.250 0.001
-0.617 -0.249 0.001
-0.571 -0.246 0.000
-0.519 -0.239 -0.000
-0.459 -0.229 -0.001
-0.394 -0.217 -0.002
-0.323 -0.202 -0.002
-0.247 -0.184 -0.003
-0.168 -0.164 -0.003
-0.085 -0.141 -0.004
-0.001 -0.116 -0.004
0.084 -0.090 -0.005
0.168 -0.062 -0.005
0.250 -0.033 -0.006
0.330 -0.003 -0.006
0.404 0.028 -0.006
0.472 0.059 -0.006
0.534 0.090 -0.006
0.587 0.120 -0.006
0.632 0.150 -0.006
0.668 0.179 -0.005
0.694 0.207 -0.005
0.709 0.233 -0.004
0.715 0.258 -0.003
0.710 0.281 -0.003
0.695 0.302 -0.002
0.671 0.321 -0.001
0.637 0.337 0.000
0.595 0.350 0.002
0.544 0.361 0.003
0.487 0.368 0.004
0.424 0.373 0.005
0.357 0.374 0.006
0.286 0.371 0.007
0.214 0.366 0.008
0.141 0.356 0.009
0.070 0.343 0.010
0.002 0.326 0.011
-0.062 0.306 0.011
-0.122 0.282 0.011
-0.176 0.254 0.011
-0.223 0.223 0.011
-0.262 0.189 0.011
-0.295 0.151 0.010
-0.318 0.111 0.009
-0.334 0.069 0.008
-0.341 0.024 0.007
-0.339 -0.023 0.005
-0.330 -0.071 0.004
-0.312 -0.120 0.002
-0.286 -0.170 0.000
-0.254 -0.220 -0.002
-0.214 -0.269 -0.004
-0.170 -0.318 -0.006
-0.120 -0.365 -0.008
-0.068 -0.409 -0.010
-0.012 -0.451 -0.012
0.044 -0.489 -0.014
0.100 -0.522 -0.016
0.154 -0.551 -0.017
0.205 -0.573 -0.019
0.252 -0.590 -0.020
0.293 -0.599 -0.020
0.327 -0.602 -0.020
0.355 -0.597 -0.020
0.374 -0.584 -0.020
0.386 -0.564 -0.019
0.388 -0.537 -0.017
0.381 -0.502 -0.016
0.366 -0.459 -0.013
0.341 -0.410 -0.011
0.308 -0.354 -0.008
0.265 -0.292 -0.005
0.215 -0.224 -0.002
0.157 -0.152 0.002
0.092 -0.075 0.006
0.021 0.005 0.010
-0.055 0.087 0.014
-0.135 0.170 0.018
-0.218 0.254 0.021
-0.302 0.336 0.025
-0.386 0.417 0.029
-0.468 0.493 0.032
-0.547 0.564 0.035
-0.620 0.629 0.037
-0.686 0.684 0.038
-0.742 0.731 0.039
-0.789 0.766 0.039
-0.823 0.790 0.038
-0.845 0.801 0.037
-0.854 0.800 0.034
-0.850 0.786 0.031
-0.832 0.759 0.027
-0.799 0.719 0.022
-0.754 0.667 0.016
-0.696 0.604 0.009
-0.625 0.530 0.002
-0.543 0.446 -0.005
-0.452 0.355 -0.013
-0.352 0.256 -0.021
-0.245 0.153 -0.029
-0.134 0.047 -0.037
-0.020 -0.060 -0.045
0.093 -0.165 -0.052
0.206 -0.267 -0.058
0.314 -0.363 -0.063
0.417 -0.452 -0.068
0.513 -0.532 -0.071
0.600 -0.602 -0.074
0.678 -0.661 -0.075
0.745 -0.708 -0.074
0.800 -0.742 -0.073
0.844 -0.763 -0.069
0.874 -0.770 -0.065
0.892 -0.764 -0.059
0.896 -0.743 -0.052
0.887 -0.709 -0.043
0.865 -0.661 -0.034
0.830 -0.601 -0.023
0.783 -0.528 -0.011
0.725 -0.445 0.001
0.655 -0.351 0.014
0.576 -0.249 0.028
0.489 -0.140 0.041
0.395 -0.025 0.055
0.295 0.094 0.069
0.191 0.214 0.082
0.086 0.333 0.095
-0.019 0.450 0.106
-0.122 0.561 0.116
-0.221 0.664 0.125
-0.314 0.758 0.132
-0.399 0.840 0.137
-0.476 0.910 0.139
-0.543 0.966 0.139
-0.599 1.007 0.137
-0.643 1.032 0.133
-0.675 1.041 0.126
-0.695 1.033 0.116
-0.701 1.009 0.104
-0.694 0.968 0.090
-0.675 0.911 0.073
-0.643 0.839 0.054
-0.599 0.752 0.032
-0.543 0.651 0.009
-0.477 0.538 -0.015
-0.402 0.415 -0.042
-0.318 0.282 -0.069
-0.227 0.143 -0.097
-0.131 -0.001 -0.126
-0.031 -0.147 -0.155
0.070 -0.292 -0.183
0.171 -0.434 -0.211
0.269 -0.569 -0.238
0.361 -0.694 -0.263
0.446 -0.805 -0.285
0.521 -0.901 -0.306
0.584 -0.978 -0.323
0.635 -1.034 -0.337
0.671 -1.069 -0.347
0.692 -1.081 -0.354
0.698 -1.070 -0.356
0.688 -1.036 -0.355
0.663 -0.980 -0.349
0.623 -0.902 -0.340
0.570 -0.805 -0.326
0.503 -0.689 -0.308
0.426 -0.559 -0.287
0.339 -0.415 -0.262
0.245 -0.263 -0.234
0.146 -0.106 -0.203
0.045 0.051 -0.170
-0.055 0.205 -0.134
-0.150 0.350 -0.097
-0.237 0.481 -0.059
-0.316 0.595 -0.020
-0.382 0.690 0.019
-0.436 0.761 0.059
-0.474 0.809 0.097
-0.497 0.830 0.135
-0.504 0.824 0.172
-0.494 0.792 0.207
-0.468 0.733 0.240
-0.426 0.648 0.271
-0.368 0.539 0.299
-0.297 0.408 0.325
-0.213 0.258 0.347
-0.119 0.091 0.366
-0.017 -0.088 0.382
0.090 -0.275 0.393
0.201 -0.465 0.401
0.310 -0.653 0.404
0.415 -0.832 0.403
0.511 -0.996 0.398
0.596 -1.141 0.387
0.667 -1.262 0.372
0.721 -1.354 0.353
0.757 -1.414 0.328
0.772 -1.441 0.300
0.767 -1.431 0.267
0.739 -1.385 0.230
0.690 -1.302 0.190
0.619 -1.182 0.147
0.528 -1.026 0.101
0.416 -0.836 0.053
0.287 -0.615 0.004
0.141 -0.365 -0.047
-0.018 -0.092 -0.097
-0.188 0.202 -0.147
-0.365 0.509 -0.196
-0.546 0.825 -0.242
-0.726 1.143 -0.285
-0.901 1.454 -0.323
-1.065 1.751 -0.356
-1.213 2.025 -0.382
-1.340 2.267 -0.401
-1.441 2.469 -0.411
-1.512 2.627 -0.412
-1.550 2.733 -0.403
-1.553 2.784 -0.384
-1.519 2.777 -0.355
-1.447 2.711 -0.316
-1.337 2.584 -0.267
-1.190 2.398 -0.209
-1.007 2.153 -0.142
-0.791 1.854 -0.067
-0.544 1.503 0.015
-0.271 1.106 0.102
0.025 0.670 0.193
0.339 0.201 0.287
0.663 -0.292 0.381
0.991 -0.798 0.475
1.317 -1.307 0.564
1.630 -1.807 0.648
1.924 -2.284 0.723
2.187 -2.725 0.787
2.409 -3.113 0.836
2.580 -3.435 0.868
2.693 -3.677 0.882
2.741 -3.831 0.874
2.721 -3.890 0.845
2.629 -3.850 0.794
2.467 -3.710 0.721
2.235 -3.471 0.627
1.938 -3.137 0.514
1.581 -2.714 0.383
1.171 -2.214 0.238
0.720 -1.647 0.081
0.237 -1.028 -0.083
-0.263 -0.376 -0.250
-0.765 0.290 -0.415
-1.251 0.946 -0.571
-1.702 1.567 -0.714
-2.096 2.125 -0.835
-2.411 2.588 -0.927
-2.620 2.922 -0.982
-2.696 3.092 -0.991
-2.611 3.057 -0.945
-2.333 2.777 -0.834
-1.829 2.206 -0.647
-1.064 1.297 -0.373
0.000 -0.000 0.000
-0.000 -0.000 -0.012
-0.000 -0.000 -0.023
-0.000 -0.000 -0.033
-0.000 -0.000 -0.042
-0.000 -0.000 -0.050
-0.000 -0.000 -0.058
-0.000 -0.000 -0.064
-0.000 -0.000 -0.070
-0.000 -0.000 -0.074
-0.000 -0.000 -0.078
-0.000 -0.000 -0.081
-0.000 -0.000 -0.084
-0.000 -0.000 -0.086
-0.000 -0.000 -0.087
-0.000 -0.000 -0.087
-0.000 -0.000 -0.088
-0.000 -0.000 -0.087
-0.000 -0.000 -0.086
-0.000 -0.000 -0.085
-0.000 -0.000 -0.083
-0.000 -0.000 -0.080
-0.000 -0.000 -0.077
-0.000 -0.000 -0.074
-0.000 -0.000 -0.071
-0.000 -0.000 -0.067
-0.000 -0.000 -0.063
-0.000 -0.000 -0.059
-0.000 -0.000 -0.054
0.000 0.000 -0.049
0.000 0.000 -0.045
0.000 0.000 -0.039
0.000 0.000 -0.034
0.000 0.000 -0.029
0.000 0.000 -0.023
0.000 0.000 -0.018
0.000 0.000 -0.012
0.000 0.000 -0.006
0.000 0.000 -0.001
0.000 0.000 0.005
0.000 0.000 0.011
0.000 0.000 0.016
0.000 0.000 0.022
0.000 0.000 0.027
0.000 0.000 0.033
0.000 0.000 0.038
0.000 0.000 0.043
0.000 0.000 0.048
0.000 0.000 0.053
0.000 0.000 0.058
0.000 0.000 0.063
0.000 0.000 0.067
0.000 0.000 0.072
0.000 0.000 0.076
0.000 0.000 0.080
0.000 0.000 0.083
0.000 0.000 0.087
0.000 0.000 0.090
0.000 0.000 0.093
0.000 0.000 0.096
0.000 0.000 0.098
0.000 0.000 0.101
0.000 0.000 0.103
0.000 0.000 0.105
0.000 0.000 0.106
0.000 0.000 0.107
0.000 0.000 0.108
0.000 0.000 0.109
0.000 0.000 0.109
0.000 0.000 0.109
0.000 0.000 0.109
0.000 0.000 0.109
0.000 0.000 0.108
0.000 0.000 0.107
0.000 0.000 0.106
0.000 0.000 0.105
0.000 0.000 0.103
0.000 0.000 0.101
0.000 0.000 0.098
0.000 0.000 0.096
0.000 0.000 0.093
-0.000 -0.000 0.090
-0.000 -0.000 0.087
-0.000 -0.000 0.083
-0.000 -0.000 0.080
-0.000 -0.000 0.076
-0.000 -0.000 0.072
-0.000 -0.000 0.067
-0.000 -0.000 0.063
-0.000 -0.000 0.058
-0.000 -0.000 0.053
-0.000 -0.000 0.048
-0.000 -0.000 0.043
-0.000 -0.000 0.038
-0.000 -0.000 0.033
-0.000 -0.000 0.027
-0.000 -0.000 0.022
-0.000 -0.000 0.016
-0.000 -0.000 0.011
-0.000 -0.000 0.005
-0.000 -0.000 -0.001
-0.000 -0.000 -0.006
-0.000 -0.000 -0.012
-0.000 -0.000 -0.018
-0.000 -0.000 -0.023
-0.000 -0.000 -0.029
-0.000 -0.000 -0.034
-0.000 -0.000 -0.039
-0.000 -0.000 -0.045
-0.000 -0.000 -0.049
-0.000 -0.000 -0.054
-0.000 -0.000 -0.059
-0.000 -0.000 -0.063
-0.000 -0.000 -0.067
-0.000 -0.000 -0.071
-0.000 -0.000 -0.074
-0.000 -0.000 -0.077
-0.000 -0.000 -0.080
-0.000 -0.000 -0.083
-0.000 -0.000 -0.085
-0.000 -0.000 -0.086
-0.000 -0.000 -0.087
-0.000 -0.000 -0.088
-0.000 -0.000 -0.087
-0.000 -0.000 -0.087
-0.000 -0.000 -0.086
0.000 0.000 -0.084
0.000 0.000 -0.081
0.000 0.000 -0.078
0.000 0.000 -0.074
0.000 0.000 -0.070
0.000 0.000 -0.064
0.000 0.000 -0.058
0.000 0.000 -0.050
0.000 0.000 -0.042
0.000 0.000 -0.033
0.000 0.000 -0.023
0.000 0.000 -0.012
0.000 0.000 -0.000
