-1.500 1.500 0.185 0.000 -0.000 -0.000 0.000 -0.000 -0.000 0.000 0.000
-1.500 1.500 0.185 0.000 -0.000 -0.000 0.000 -0.000 -0.001 0.000 0.000
-1.500 1.500 0.185 0.000 -0.000 -0.000 0.000 -0.000 -0.003 0.000 0.000
-1.500 1.500 0.185 0.000 -0.000 -0.000 0.000 -0.000 -0.005 0.000 0.000
-1.500 1.500 0.185 0.000 -0.000 -0.001 0.000 -0.000 -0.007 0.000 0.000
-1.500 1.500 0.185 0.000 -0.000 -0.001 0.000 -0.000 -0.010 0.000 0.000
-1.500 1.500 0.185 0.000 -0.000 -0.002 0.000 -0.000 -0.012 0.000 0.000
-1.500 1.500 0.185 0.000 -0.000 -0.002 0.000 -0.000 -0.015 0.000 0.000
-1.500 1.500 0.185 0.000 -0.000 -0.003 0.000 -0.000 -0.018 0.000 0.000
-1.500 1.500 0.184 0.000 -0.000 -0.004 0.000 -0.000 -0.020 0.000 0.000
-1.500 1.500 0.184 0.000 -0.000 -0.005 0.000 -0.000 -0.023 0.000 0.000
-1.500 1.500 0.184 0.000 -0.000 -0.006 0.000 -0.000 -0.025 0.000 0.000
-1.500 1.500 0.184 0.000 -0.000 -0.008 0.000 -0.000 -0.027 0.000 0.000
-1.500 1.500 0.183 0.000 -0.000 -0.009 0.000 -0.000 -0.029 0.000 0.000
-1.500 1.500 0.183 0.000 -0.000 -0.011 0.000 -0.000 -0.031 0.000 0.000
-1.500 1.500 0.182 0.000 -0.000 -0.012 0.000 -0.000 -0.032 0.000 0.000
-1.500 1.500 0.181 0.000 -0.000 -0.014 0.000 -0.000 -0.032 0.000 0.000
-1.500 1.500 0.181 0.000 -0.000 -0.015 0.000 -0.000 -0.033 0.000 0.000
-1.500 1.500 0.180 0.000 -0.000 -0.017 0.000 -0.000 -0.033 0.000 0.000
-1.500 1.500 0.179 0.000 -0.000 -0.019 0.000 -0.000 -0.032 0.000 0.000
-1.500 1.500 0.178 0.000 -0.000 -0.020 0.000 -0.000 -0.031 0.000 0.000
-1.500 1.500 0.177 0.000 -0.000 -0.022 0.000 -0.000 -0.029 0.000 0.000
-1.500 1.500 0.176 0.000 -0.000 -0.023 0.000 -0.000 -0.027 0.000 0.000
-1.500 1.500 0.175 0.000 -0.000 -0.024 0.000 -0.000 -0.025 0.000 0.000
-1.500 1.500 0.173 0.000 -0.000 -0.026 0.000 -0.000 -0.022 0.000 0.000
-1.500 1.500 0.172 0.000 -0.000 -0.027 0.000 -0.000 -0.018 0.000 0.000
-1.500 1.500 0.171 0.000 -0.000 -0.027 0.000 -0.000 -0.014 0.000 0.000
-1.500 1.500 0.169 0.000 -0.000 -0.028 0.000 -0.000 -0.010 0.000 0.000
-1.500 1.500 0.168 0.000 -0.000 -0.028 0.000 -0.000 -0.005 0.000 0.000
-1.500 1.500 0.167 0.000 -0.000 -0.028 0.000 -0.000 0.001 0.000 0.000
-1.500 1.500 0.165 0.000 -0.000 -0.028 0.000 -0.000 0.007 0.000 0.000
-1.500 1.500 0.164 0.000 -0.000 -0.028 0.000 -0.000 0.013 0.000 0.000
-1.500 1.500 0.162 0.000 -0.000 -0.027 0.000 -0.000 0.020 0.000 0.000
-1.500 1.500 0.161 0.000 -0.000 -0.026 0.000 -0.000 0.027 0.000 0.000
-1.500 1.500 0.160 0.000 -0.000 -0.024 0.000 -0.000 0.034 0.000 0.000
-1.500 1.500 0.159 0.000 -0.000 -0.022 0.000 -0.000 0.042 0.000 0.000
-1.500 1.500 0.158 0.000 -0.000 -0.020 0.000 -0.000 0.050 0.000 0.000
-1.500 1.500 0.157 0.000 -0.000 -0.017 0.000 -0.000 0.059 0.000 0.000
-1.500 1.500 0.156 0.000 -0.000 -0.014 0.000 -0.000 0.067 0.000 0.000
-1.500 1.500 0.155 0.000 -0.000 -0.011 0.000 -0.000 0.076 0.000 0.000
-1.500 1.500 0.155 0.000 -0.000 -0.006 0.000 -0.000 0.085 0.000 0.000
-1.500 1.500 0.155 0.000 -0.000 -0.002 0.000 -0.000 0.094 0.000 0.000
-1.500 1.500 0.155 0.000 -0.000 0.003 0.000 -0.000 0.103 0.000 0.000
-1.500 1.500 0.155 0.000 -0.000 0.008 0.000 -0.000 0.113 0.000 0.000
-1.500 1.500 0.156 0.000 -0.000 0.014 -0.000 0.000 0.122 0.000 0.000
-1.500 1.500 0.156 0.000 -0.000 0.020 -0.000 0.000 0.131 0.000 0.000
-1.500 1.500 0.158 0.000 -0.000 0.027 -0.000 0.000 0.140 0.000 0.000
-1.500 1.500 0.159 0.000 -0.000 0.034 -0.000 0.000 0.149 0.000 0.000
-1.500 1.500 0.161 0.000 -0.000 0.042 -0.000 0.000 0.158 0.000 0.000
-1.500 1.500 0.163 0.000 -0.000 0.050 -0.000 0.000 0.166 0.000 0.000
-1.500 1.500 0.166 0.000 -0.000 0.059 -0.000 0.000 0.175 0.000 0.000
-1.500 1.500 0.169 0.000 -0.000 0.068 -0.000 0.000 0.183 0.000 0.000
-1.500 1.500 0.173 0.000 -0.000 0.077 -0.000 0.000 0.191 0.000 0.000
-1.500 1.500 0.177 0.000 -0.000 0.087 -0.000 0.000 0.198 0.000 0.000
-1.500 1.500 0.182 0.000 -0.000 0.097 -0.000 0.000 0.205 0.000 0.000
-1.500 1.500 0.187 0.000 -0.000 0.107 -0.000 0.000 0.212 0.000 0.000
-1.500 1.500 0.192 0.000 -0.000 0.118 -0.000 0.000 0.218 0.000 0.000
-1.500 1.500 0.198 0.000 -0.000 0.129 -0.000 0.000 0.223 0.000 0.000
-1.500 1.500 0.205 0.000 -0.000 0.140 -0.000 0.000 0.228 0.000 0.000
-1.500 1.500 0.213 0.000 -0.000 0.152 -0.000 0.000 0.233 0.000 0.000
-1.500 1.500 0.220 0.000 -0.000 0.164 -0.000 0.000 0.237 0.000 0.000
-1.500 1.500 0.229 0.000 -0.000 0.176 -0.000 0.000 0.240 0.000 0.000
-1.500 1.500 0.238 0.000 -0.000 0.188 -0.000 0.000 0.242 0.000 0.000
-1.500 1.500 0.248 0.000 -0.000 0.200 -0.000 0.000 0.244 0.000 0.000
-1.500 1.500 0.258 0.000 -0.000 0.212 -0.000 0.000 0.245 0.000 0.000
-1.500 1.500 0.269 0.000 -0.000 0.224 -0.000 0.000 0.245 0.000 0.000
-1.500 1.500 0.280 0.000 -0.000 0.236 -0.000 0.000 0.245 0.000 0.000
-1.500 1.500 0.292 0.000 -0.000 0.249 -0.000 0.000 0.243 0.000 0.000
-1.500 1.500 0.305 0.000 -0.000 0.261 -0.000 0.000 0.241 0.000 0.000
-1.500 1.500 0.319 0.000 -0.000 0.273 -0.000 0.000 0.238 0.000 0.000
-1.500 1.500 0.333 0.000 -0.000 0.285 -0.000 0.000 0.234 0.000 0.000
-1.500 1.500 0.347 0.000 -0.000 0.296 -0.000 0.000 0.230 0.000 0.000
-1.500 1.500 0.362 0.000 -0.000 0.308 -0.000 0.000 0.224 0.000 0.000
-1.500 1.500 0.378 0.000 -0.000 0.319 -0.000 0.000 0.218 0.000 0.000
-1.500 1.500 0.394 0.000 -0.000 0.329 -0.000 0.000 0.210 0.000 0.000
-1.500 1.500 0.411 0.000 -0.000 0.340 -0.000 0.000 0.202 0.000 0.000
-1.500 1.500 0.428 0.000 -0.000 0.350 -0.000 0.000 0.193 0.000 0.000
-1.500 1.500 0.446 0.000 -0.000 0.359 -0.000 0.000 0.183 0.000 0.000
-1.500 1.500 0.464 0.000 -0.000 0.368 -0.000 0.000 0.173 0.000 0.000
-1.500 1.500 0.482 0.000 -0.000 0.376 -0.000 0.000 0.161 0.000 0.000
-1.500 1.500 0.501 0.000 -0.000 0.384 -0.000 0.000 0.149 0.000 0.000
-1.500 1.500 0.521 0.000 -0.000 0.391 -0.000 0.000 0.136 0.000 0.000
-1.500 1.500 0.541 0.000 -0.000 0.398 -0.000 0.000 0.122 0.000 0.000
-1.500 1.500 0.561 -0.000 0.000 0.403 -0.000 0.000 0.108 0.000 0.000
-1.500 1.500 0.581 -0.000 0.000 0.408 -0.000 0.000 0.093 0.000 0.000
-1.500 1.500 0.601 -0.000 0.000 0.413 -0.000 0.000 0.077 0.000 0.000
-1.500 1.500 0.622 -0.000 0.000 0.416 -0.000 0.000 0.061 0.000 0.000
-1.500 1.500 0.643 -0.000 0.000 0.419 -0.000 0.000 0.044 0.000 0.000
-1.500 1.500 0.664 -0.000 0.000 0.420 -0.000 0.000 0.027 0.000 0.000
-1.500 1.500 0.685 -0.000 0.000 0.421 0.000 -0.000 0.010 0.000 0.000
-1.500 1.500 0.706 0.000 -0.000 0.421 0.000 -0.000 -0.008 0.000 0.000
-1.500 1.500 0.727 0.000 -0.000 0.421 0.000 -0.000 -0.026 0.000 0.000
-1.500 1.500 0.748 0.000 -0.000 0.419 0.000 -0.000 -0.044 0.000 0.000
-1.500 1.500 0.769 0.000 -0.000 0.416 0.000 -0.000 -0.063 0.000 0.000
-1.500 1.500 0.790 0.000 -0.000 0.413 0.000 -0.000 -0.081 0.000 0.000
-1.500 1.500 0.810 0.000 -0.000 0.408 0.000 -0.000 -0.099 0.000 0.000
-1.500 1.500 0.831 0.000 -0.000 0.403 0.000 -0.000 -0.116 0.000 0.000
-1.500 1.500 0.850 0.000 -0.000 0.396 0.000 -0.000 -0.134 0.000 0.000
-1.500 1.500 0.870 0.000 -0.000 0.389 0.000 -0.000 -0.151 0.000 0.000
-1.500 1.500 0.889 0.000 -0.000 0.381 0.000 -0.000 -0.167 0.000 0.000
-1.500 1.500 0.908 0.000 -0.000 0.373 0.000 -0.000 -0.183 0.000 0.000
-1.500 1.500 0.927 0.000 -0.000 0.363 0.000 -0.000 -0.198 0.000 0.000
-1.500 1.500 0.945 0.000 -0.000 0.353 0.000 -0.000 -0.213 0.000 0.000
-1.500 1.500 0.962 0.000 -0.000 0.342 0.000 -0.000 -0.226 0.000 0.000
-1.500 1.500 0.979 0.000 -0.000 0.330 0.000 -0.000 -0.239 0.000 0.000
-1.500 1.500 0.995 0.000 -0.000 0.318 0.000 -0.000 -0.250 0.000 0.000
-1.500 1.500 1.010 0.000 -0.000 0.305 0.000 -0.000 -0.260 0.000 0.000
-1.500 1.500 1.025 0.000 -0.000 0.292 0.000 -0.000 -0.269 0.000 0.000
-1.500 1.500 1.040 0.000 -0.000 0.278 0.000 -0.000 -0.277 0.000 0.000
-1.500 1.500 1.053 0.000 -0.000 0.264 0.000 -0.000 -0.283 0.000 0.000
-1.500 1.500 1.066 0.000 -0.000 0.250 0.000 -0.000 -0.288 0.000 0.000
-1.500 1.500 1.078 0.000 -0.000 0.236 0.000 -0.000 -0.291 0.000 0.000
-1.500 1.500 1.090 0.000 -0.000 0.221 0.000 -0.000 -0.293 0.000 0.000
-1.500 1.500 1.100 0.000 -0.000 0.206 0.000 -0.000 -0.294 0.000 0.000
-1.500 1.500 1.110 0.000 -0.000 0.192 0.000 -0.000 -0.293 0.000 0.000
-1.500 1.500 1.119 0.000 -0.000 0.177 0.000 -0.000 -0.290 0.000 0.000
-1.500 1.500 1.128 0.000 -0.000 0.163 0.000 -0.000 -0.286 0.000 0.000
-1.500 1.500 1.136 0.000 -0.000 0.148 0.000 -0.000 -0.280 0.000 0.000
-1.500 1.500 1.143 0.000 -0.000 0.135 0.000 -0.000 -0.273 0.000 0.000
-1.500 1.500 1.149 0.000 -0.000 0.121 0.000 -0.000 -0.264 0.000 0.000
-1.500 1.500 1.155 0.000 -0.000 0.108 0.000 -0.000 -0.254 0.000 0.000
-1.500 1.500 1.160 0.000 -0.000 0.096 -0.000 0.000 -0.243 0.000 0.000
-1.500 1.500 1.165 0.000 -0.000 0.084 -0.000 0.000 -0.230 0.000 0.000
-1.500 1.500 1.168 0.000 -0.000 0.073 -0.000 0.000 -0.216 0.000 0.000
-1.500 1.500 1.172 0.000 -0.000 0.062 -0.000 0.000 -0.201 0.000 0.000
-1.500 1.500 1.175 0.000 -0.000 0.053 -0.000 0.000 -0.186 0.000 0.000
-1.500 1.500 1.177 0.000 -0.000 0.044 -0.000 0.000 -0.169 0.000 0.000
-1.500 1.500 1.179 0.000 -0.000 0.036 -0.000 0.000 -0.152 0.000 0.000
-1.500 1.500 1.181 0.000 -0.000 0.029 -0.000 0.000 -0.135 0.000 0.000
-1.500 1.500 1.182 0.000 -0.000 0.022 -0.000 0.000 -0.118 0.000 0.000
-1.500 1.500 1.183 0.000 -0.000 0.017 -0.000 0.000 -0.100 0.000 0.000
-1.500 1.500 1.184 0.000 -0.000 0.012 -0.000 0.000 -0.083 0.000 0.000
-1.500 1.500 1.184 0.000 -0.000 0.009 -0.000 0.000 -0.067 0.000 0.000
-1.500 1.500 1.185 0.000 -0.000 0.006 -0.000 0.000 -0.052 0.000 0.000
-1.500 1.500 1.185 0.000 -0.000 0.003 -0.000 0.000 -0.038 0.000 0.000
-1.500 1.500 1.185 0.000 -0.000 0.002 -0.000 0.000 -0.025 0.000 0.000
-1.500 1.500 1.185 0.000 -0.000 0.001 -0.000 0.000 -0.015 0.000 0.000
-1.500 1.500 1.185 0.000 -0.000 0.000 -0.000 0.000 -0.007 0.000 0.000
-1.500 1.500 1.185 0.000 -0.000 0.000 -0.000 0.000 -0.002 0.000 0.000
-1.500 1.500 1.185 0.000 -0.000 -0.000 -0.000 0.000 -0.000 0.000 0.000
-1.500  1.500  1.185  0.000  0.000  0.000  0.000  0.000  0.000 0.000 0.000
-1.500  1.500  1.185  0.000  0.000  0.000  0.000  0.000  0.000 0.000 0.000
-1.500  1.500  1.185  0.000  0.000  0.000  0.000  0.000  0.000 0.000 0.000
-1.500  1.500  1.185  0.000  0.000  0.000  0.000  0.000  0.000 0.000 0.000
-1.500  1.500  1.185  0.000  0.000  0.000  0.000  0.000  0.000 0.000 0.000
-1.500  1.500  1.185  0.000  0.000  0.000  0.000  0.000  0.000 0.000 0.000
-1.500  1.500  1.185  0.000  0.000  0.000  0.000  0.000  0.000 0.000 0.000
-1.500  1.500  1.185  0.000  0.000  0.000  0.000  0.000  0.000 0.000 0.000
-1.500  1.500  1.185  0.000  0.000  0.000  0.000  0.000  0.000 0.000 0.000
-1.500  1.500  1.185  0.000  0.000  0.000  0.000  0.000  0.000 0.000 0.000
-1.500  1.500  1.185  0.000  0.000  0.000  0.000  0.000  0.000 0.000 0.000
-1.500  1.500  1.185  0.000  0.000  0.000  0.000  0.000  0.000 0.000 0.000
-1.500  1.500  1.185  0.000  0.000  0.000  0.000  0.000  0.000 0.000 0.000
-1.500  1.500  1.185  0.000  0.000  0.000  0.000  0.000  0.000 0.000 0.000
-1.500  1.500  1.185  0.000  0.000  0.000  0.000  0.000  0.000 0.000 0.000
-1.500  1.500  1.185  0.000  0.000  0.000  0.000  0.000  0.000 0.000 0.000
-1.500  1.500  1.185  0.000  0.000  0.000  0.000  0.000  0.000 0.000 0.000
-1.500  1.500  1.185  0.000  0.000  0.000  0.000  0.000  0.000 0.000 0.000
-1.500  1.500  1.185  0.000  0.000  0.000  0.000  0.000  0.000 0.000 0.000
-1.500  1.500  1.185  0.000  0.000  0.000  0.000  0.000  0.000 0.000 0.000
-1.500  1.500  1.185  0.000  0.000  0.000  0.000  0.000  0.000 0.000 0.000
-1.500  1.500  1.185  0.000  0.000  0.000  0.000  0.000  0.000 0.000 0.000
-1.500  1.500  1.185  0.000  0.000  0.000  0.000  0.000  0.000 0.000 0.000
-1.500  1.500  1.185  0.000  0.000  0.000  0.000  0.000  0.000 0.000 0.000
-1.500  1.500  1.185  0.000  0.000  0.000  0.000  0.000  0.000 0.000 0.000
-1.500  1.500  1.185  0.000  0.000  0.000  0.000  0.000  0.000 0.000 0.000
-1.500  1.500  1.185  0.000  0.000  0.000  0.000  0.000  0.000 0.000 0.000
-1.500  1.500  1.185  0.000  0.000  0.000  0.000  0.000  0.000 0.000 0.000
-1.500  1.500  1.185  0.000  0.000  0.000  0.000  0.000  0.000 0.000 0.000
-1.500  1.500  1.185  0.000  0.000  0.000  0.000  0.000  0.000 0.000 0.000
-1.500  1.500  1.185  0.000  0.000  0.000  0.000  0.000  0.000 0.000 0.000
-1.500  1.500  1.185  0.000  0.000  0.000  0.000  0.000  0.000 0.000 0.000
-1.500  1.500  1.185  0.000  0.000  0.000  0.000  0.000  0.000 0.000 0.000
-1.500  1.500  1.185  0.000  0.000  0.000  0.000  0.000  0.000 0.000 0.000
-1.500  1.500  1.185  0.000  0.000  0.000  0.000  0.000  0.000 0.000 0.000
-1.500  1.500  1.185  0.000  0.000  0.000  0.000  0.000  0.000 0.000 0.000
-1.500  1.500  1.185  0.000  0.000  0.000  0.000  0.000  0.000 0.000 0.000
-1.500  1.500  1.185  0.000  0.000  0.000  0.000  0.000  0.000 0.000 0.000
-1.500  1.500  1.185  0.000  0.000  0.000  0.000  0.000  0.000 0.000 0.000
-1.500  1.500  1.185  0.000  0.000  0.000  0.000  0.000  0.000 0.000 0.000
-1.500  1.500  1.185  0.000  0.000  0.000  0.000  0.000  0.000 0.000 0.000
-1.500  1.500  1.185  0.000  0.000  0.000  0.000  0.000  0.000 0.000 0.000
-1.500  1.500  1.185  0.000  0.000  0.000  0.000  0.000  0.000 0.000 0.000
-1.500  1.500  1.185  0.000  0.000  0.000  0.000  0.000  0.000 0.000 0.000
-1.500  1.500  1.185  0.000  0.000  0.000  0.000  0.000  0.000 0.000 0.000
-1.500  1.500  1.185  0.000  0.000  0.000  0.000  0.000  0.000 0.000 0.000
-1.500  1.500  1.185  0.000  0.000  0.000  0.000  0.000  0.000 0.000 0.000
-1.500  1.500  1.185  0.000  0.000  0.000  0.000  0.000  0.000 0.000 0.000
-1.500  1.500  1.185  0.000  0.000  0.000  0.000  0.000  0.000 0.000 0.000
-1.500  1.500  1.185  0.000  0.000  0.000  0.000  0.000  0.000 0.000 0.000
-1.500  1.500  1.185  0.000  0.000  0.000  0.000  0.000  0.000 0.000 0.000
-1.500  1.500  1.185  0.000  0.000  0.000  0.000  0.000  0.000 0.000 0.000
-1.500  1.500  1.185  0.000  0.000  0.000  0.000  0.000  0.000 0.000 0.000
-1.500  1.500  1.185  0.000  0.000  0.000  0.000  0.000  0.000 0.000 0.000
-1.500  1.500  1.185  0.000  0.000  0.000  0.000  0.000  0.000 0.000 0.000
-1.500  1.500  1.185  0.000  0.000  0.000  0.000  0.000  0.000 0.000 0.000
-1.500  1.500  1.185  0.000  0.000  0.000  0.000  0.000  0.000 0.000 0.000
-1.500  1.500  1.185  0.000  0.000  0.000  0.000  0.000  0.000 0.000 0.000
-1.500  1.500  1.185  0.000  0.000  0.000  0.000  0.000  0.000 0.000 0.000
-1.500  1.500  1.185  0.000  0.000  0.000  0.000  0.000  0.000 0.000 0.000
-1.500  1.500  1.185  0.000  0.000  0.000  0.000  0.000  0.000 0.000 0.000
-1.500  1.500  1.185  0.000  0.000  0.000  0.000  0.000  0.000 0.000 0.000
-1.500  1.500  1.185  0.000  0.000  0.000  0.000  0.000  0.000 0.000 0.000
-1.500  1.500  1.185  0.000  0.000  0.000  0.000  0.000  0.000 0.000 0.000
-1.500  1.500  1.185  0.000  0.000  0.000  0.000  0.000  0.000 0.000 0.000
-1.500  1.500  1.185  0.000  0.000  0.000  0.000  0.000  0.000 0.000 0.000
-1.500  1.500  1.185  0.000  0.000  0.000  0.000  0.000  0.000 0.000 0.000
-1.500  1.500  1.185  0.000  0.000  0.000  0.000  0.000  0.000 0.000 0.000
-1.500  1.500  1.185  0.000  0.000  0.000  0.000  0.000  0.000 0.000 0.000
-1.500  1.500  1.185  0.000  0.000  0.000  0.000  0.000  0.000 0.000 0.000
-1.500  1.500  1.185  0.000  0.000  0.000  0.000  0.000  0.000 0.000 0.000
-1.500  1.500  1.185  0.000  0.000  0.000  0.000  0.000  0.000 0.000 0.000
-1.500  1.500  1.185  0.000  0.000  0.000  0.000  0.000  0.000 0.000 0.000
-1.500  1.500  1.185  0.000  0.000  0.000  0.000  0.000  0.000 0.000 0.000
-1.500  1.500  1.185  0.000  0.000  0.000  0.000  0.000  0.000 0.000 0.000
-1.500  1.500  1.185  0.000  0.000  0.000  0.000  0.000  0.000 0.000 0.000
-1.500  1.500  1.185  0.000  0.000  0.000  0.000  0.000  0.000 0.000 0.000
-1.500  1.500  1.185  0.000  0.000  0.000  0.000  0.000  0.000 0.000 0.000
-1.500  1.500  1.185  0.000  0.000  0.000  0.000  0.000  0.000 0.000 0.000
-1.500  1.500  1.185  0.000  0.000  0.000  0.000  0.000  0.000 0.000 0.000
-1.500  1.500  1.185  0.000  0.000  0.000  0.000  0.000  0.000 0.000 0.000
-1.500  1.500  1.185  0.000  0.000  0.000  0.000  0.000  0.000 0.000 0.000
-1.500  1.500  1.185  0.000  0.000  0.000  0.000  0.000  0.000 0.000 0.000
-1.500  1.500  1.185  0.000  0.000  0.000  0.000  0.000  0.000 0.000 0.000
-1.500  1.500  1.185  0.000  0.000  0.000  0.000  0.000  0.000 0.000 0.000
-1.500  1.500  1.185  0.000  0.000  0.000  0.000  0.000  0.000 0.000 0.000
-1.500  1.500  1.185  0.000  0.000  0.000  0.000  0.000  0.000 0.000 0.000
-1.500  1.500  1.185  0.000  0.000  0.000  0.000  0.000  0.000 0.000 0.000
-1.500  1.500  1.185  0.000  0.000  0.000  0.000  0.000  0.000 0.000 0.000
-1.500  1.500  1.185  0.000  0.000  0.000  0.000  0.000  0.000 0.000 0.000
-1.500  1.500  1.185  0.000  0.000  0.000  0.000  0.000  0.000 0.000 0.000
-1.500  1.500  1.185  0.000  0.000  0.000  0.000  0.000  0.000 0.000 0.000
-1.500  1.500  1.185  0.000  0.000  0.000  0.000  0.000  0.000 0.000 0.000
-1.500  1.500  1.185  0.000  0.000  0.000  0.000  0.000  0.000 0.000 0.000
-1.500  1.500  1.185  0.000  0.000  0.000  0.000  0.000  0.000 0.000 0.000
-1.500  1.500  1.185  0.000  0.000  0.000  0.000  0.000  0.000 0.000 0.000
-1.500  1.500  1.185  0.000  0.000  0.000  0.000  0.000  0.000 0.000 0.000
-1.500  1.500  1.185  0.000  0.000  0.000  0.000  0.000  0.000 0.000 0.000
-1.500  1.500  1.185  0.000  0.000  0.000  0.000  0.000  0.000 0.000 0.000
-1.500  1.500  1.185  0.000  0.000  0.000  0.000  0.000  0.000 0.000 0.000
-1.500  1.500  1.185  0.000  0.000  0.000  0.000  0.000  0.000 0.000 0.000
-1.500  1.500  1.185  0.000  0.000  0.000  0.000  0.000  0.000 0.000 0.000
-1.500  1.500  1.185  0.000  0.000  0.000  0.000  0.000  0.000 0.000 0.000
-1.500  1.500  1.185  0.000  0.000  0.000  0.000  0.000  0.000 0.000 0.000
-1.500  1.500  1.185  0.000  0.000  0.000  0.000  0.000  0.000 0.000 0.000
-1.500  1.500  1.185  0.000  0.000  0.000  0.000  0.000  0.000 0.000 0.000
-1.500  1.500  1.185  0.000  0.000  0.000  0.000  0.000  0.000 0.000 0.000
-1.500  1.500  1.185  0.000  0.000  0.000  0.000  0.000  0.000 0.000 0.000
-1.500  1.500  1.185  0.000  0.000  0.000  0.000  0.000  0.000 0.000 0.000
-1.500  1.500  1.185  0.000  0.000  0.000  0.000  0.000  0.000 0.000 0.000
-1.500  1.500  1.185  0.000  0.000  0.000  0.000  0.000  0.000 0.000 0.000
-1.500  1.500  1.185  0.000  0.000  0.000  0.000  0.000  0.000 0.000 0.000
-1.500  1.500  1.185  0.000  0.000  0.000  0.000  0.000  0.000 0.000 0.000
-1.500  1.500  1.185  0.000  0.000  0.000  0.000  0.000  0.000 0.000 0.000
-1.500  1.500  1.185  0.000  0.000  0.000  0.000  0.000  0.000 0.000 0.000
-1.500  1.500  1.185  0.000  0.000  0.000  0.000  0.000  0.000 0.000 0.000
-1.500  1.500  1.185  0.000  0.000  0.000  0.000  0.000  0.000 0.000 0.000
-1.500  1.500  1.185  0.000  0.000  0.000  0.000  0.000  0.000 0.000 0.000
-1.500  1.500  1.185  0.000  0.000  0.000  0.000  0.000  0.000 0.000 0.000
-1.500  1.500  1.185  0.000  0.000  0.000  0.000  0.000  0.000 0.000 0.000
-1.500  1.500  1.185  0.000  0.000  0.000  0.000  0.000  0.000 0.000 0.000
-1.500  1.500  1.185  0.000  0.000  0.000  0.000  0.000  0.000 0.000 0.000
-1.500  1.500  1.185  0.000  0.000  0.000  0.000  0.000  0.000 0.000 0.000
-1.500  1.500  1.185  0.000  0.000  0.000  0.000  0.000  0.000 0.000 0.000
-1.500  1.500  1.185  0.000  0.000  0.000  0.000  0.000  0.000 0.000 0.000
-1.500  1.500  1.185  0.000  0.000  0.000  0.000  0.000  0.000 0.000 0.000
-1.500  1.500  1.185  0.000  0.000  0.000  0.000  0.000  0.000 0.000 0.000
-1.500  1.500  1.185  0.000  0.000  0.000  0.000  0.000  0.000 0.000 0.000
-1.500  1.500  1.185  0.000  0.000  0.000  0.000  0.000  0.000 0.000 0.000
-1.500  1.500  1.185  0.000  0.000  0.000  0.000  0.000  0.000 0.000 0.000
-1.500  1.500  1.185  0.000  0.000  0.000  0.000  0.000  0.000 0.000 0.000
-1.500  1.500  1.185  0.000  0.000  0.000  0.000  0.000  0.000 0.000 0.000
-1.500  1.500  1.185  0.000  0.000  0.000  0.000  0.000  0.000 0.000 0.000
-1.500  1.500  1.185  0.000  0.000  0.000  0.000  0.000  0.000 0.000 0.000
-1.500  1.500  1.185  0.000  0.000  0.000  0.000  0.000  0.000 0.000 0.000
-1.500  1.500  1.185  0.000  0.000  0.000  0.000  0.000  0.000 0.000 0.000
-1.500  1.500  1.185  0.000  0.000  0.000  0.000  0.000  0.000 0.000 0.000
-1.500  1.500  1.185  0.000  0.000  0.000  0.000  0.000  0.000 0.000 0.000
-1.500  1.500  1.185  0.000  0.000  0.000  0.000  0.000  0.000 0.000 0.000
-1.500  1.500  1.185  0.000  0.000  0.000  0.000  0.000  0.000 0.000 0.000
-1.500  1.500  1.185  0.000  0.000  0.000  0.000  0.000  0.000 0.000 0.000
-1.500  1.500  1.185  0.000  0.000  0.000  0.000  0.000  0.000 0.000 0.000
-1.500  1.500  1.185  0.000  0.000  0.000  0.000  0.000  0.000 0.000 0.000
-1.500  1.500  1.185  0.000  0.000  0.000  0.000  0.000  0.000 0.000 0.000
-1.500  1.500  1.185  0.000  0.000  0.000  0.000  0.000  0.000 0.000 0.000
-1.500  1.500  1.185  0.000  0.000  0.000  0.000  0.000  0.000 0.000 0.000
-1.500  1.500  1.185  0.000  0.000  0.000  0.000  0.000  0.000 0.000 0.000
-1.500  1.500  1.185  0.000  0.000  0.000  0.000  0.000  0.000 0.000 0.000
-1.500  1.500  1.185  0.000  0.000  0.000  0.000  0.000  0.000 0.000 0.000
-1.500  1.500  1.185  0.000  0.000  0.000  0.000  0.000  0.000 0.000 0.000
-1.500  1.500  1.185  0.000  0.000  0.000  0.000  0.000  0.000 0.000 0.000
-1.500  1.500  1.185  0.000  0.000  0.000  0.000  0.000  0.000 0.000 0.000
-1.500  1.500  1.185  0.000  0.000  0.000  0.000  0.000  0.000 0.000 0.000
-1.500  1.500  1.185  0.000  0.000  0.000  0.000  0.000  0.000 0.000 0.000
-1.500  1.500  1.185  0.000  0.000  0.000  0.000  0.000  0.000 0.000 0.000
-1.500  1.500  1.185  0.000  0.000  0.000  0.000  0.000  0.000 0.000 0.000
-1.500  1.500  1.185  0.000  0.000  0.000  0.000  0.000  0.000 0.000 0.000
-1.500  1.500  1.185  0.000  0.000  0.000  0.000  0.000  0.000 0.000 0.000
-1.500  1.500  1.185  0.000  0.000  0.000  0.000  0.000  0.000 0.000 0.000
-1.500  1.500  1.185  0.000  0.000  0.000  0.000  0.000  0.000 0.000 0.000
-1.500  1.500  1.185  0.000  0.000  0.000  0.000  0.000  0.000 0.000 0.000
-1.500  1.500  1.185  0.000  0.000  0.000  0.000  0.000  0.000 0.000 0.000
-1.500  1.500  1.185  0.000  0.000  0.000  0.000  0.000  0.000 0.000 0.000
-1.500  1.500  1.185  0.000  0.000  0.000  0.000  0.000  0.000 0.000 0.000
-1.500  1.500  1.185  0.000  0.000  0.000  0.000  0.000  0.000 0.000 0.000
-1.500  1.500  1.185  0.000  0.000  0.000  0.000  0.000  0.000 0.000 0.000
-1.500  1.500  1.185  0.000  0.000  0.000  0.000  0.000  0.000 0.000 0.000
-1.500  1.500  1.185  0.000  0.000  0.000  0.000  0.000  0.000 0.000 0.000
-1.500  1.500  1.185  0.000  0.000  0.000  0.000  0.000  0.000 0.000 0.000
-1.500  1.500  1.185  0.000  0.000  0.000  0.000  0.000  0.000 0.000 0.000
-1.500  1.500  1.185  0.000  0.000  0.000  0.000  0.000  0.000 0.000 0.000
-1.500  1.500  1.185  0.000  0.000  0.000  0.000  0.000  0.000 0.000 0.000
-1.500  1.500  1.185  0.000  0.000  0.000  0.000  0.000  0.000 0.000 0.000
-1.500  1.500  1.185  0.000  0.000  0.000  0.000  0.000  0.000 0.000 0.000
-1.500  1.500  1.185  0.000  0.000  0.000  0.000  0.000  0.000 0.000 0.000
-1.500  1.500  1.185  0.000  0.000  0.000  0.000  0.000  0.000 0.000 0.000
-1.500  1.500  1.185  0.000  0.000  0.000  0.000  0.000  0.000 0.000 0.000
-1.500  1.500  1.185  0.000  0.000  0.000  0.000  0.000  0.000 0.000 0.000
-1.500  1.500  1.185  0.000  0.000  0.000  0.000  0.000  0.000 0.000 0.000
-1.500  1.500  1.185  0.000  0.000  0.000  0.000  0.000  0.000 0.000 0.000
-1.500  1.500  1.185  0.000  0.000  0.000  0.000  0.000  0.000 0.000 0.000
-1.500  1.500  1.185  0.000  0.000  0.000  0.000  0.000  0.000 0.000 0.000
-1.500  1.500  1.185  0.000  0.000  0.000  0.000  0.000  0.000 0.000 0.000
-1.500  1.500  1.185  0.000  0.000  0.000  0.000  0.000  0.000 0.000 0.000
-1.500  1.500  1.185  0.000  0.000  0.000  0.000  0.000  0.000 0.000 0.000
-1.500  1.500  1.185  0.000  0.000  0.000  0.000  0.000  0.000 0.000 0.000
-1.500  1.500  1.185  0.000  0.000  0.000  0.000  0.000  0.000 0.000 0.000
-1.500  1.500  1.185  0.000  0.000  0.000  0.000  0.000  0.000 0.000 0.000
-1.500  1.500  1.185  0.000  0.000  0.000  0.000  0.000  0.000 0.000 0.000
-1.500  1.500  1.185  0.000  0.000  0.000  0.000  0.000  0.000 0.000 0.000
-1.500  1.500  1.185  0.000  0.000  0.000  0.000  0.000  0.000 0.000 0.000
-1.500  1.500  1.185  0.000  0.000  0.000  0.000  0.000  0.000 0.000 0.000
-1.500  1.500  1.185  0.000  0.000  0.000  0.000  0.000  0.000 0.000 0.000
-1.500  1.500  1.185  0.000  0.000  0.000  0.000  0.000  0.000 0.000 0.000
-1.500  1.500  1.185  0.000  0.000  0.000  0.000  0.000  0.000 0.000 0.000
-1.500  1.500  1.185  0.000  0.000  0.000  0.000  0.000  0.000 0.000 0.000
-1.500  1.500  1.185  0.000  0.000  0.000  0.000  0.000  0.000 0.000 0.000
-1.500  1.500  1.185  0.000  0.000  0.000  0.000  0.000  0.000 0.000 0.000
-1.500  1.500  1.185  0.000  0.000  0.000  0.000  0.000  0.000 0.000 0.000
-1.500  1.500  1.185  0.000  0.000  0.000  0.000  0.000  0.000 0.000 0.000
-1.500 1.500 1.185 0.000 0.001 0.000 0.028 0.039 -0.000 0.000 0.000
-1.500 1.500 1.185 0.004 0.005 0.000 0.102 0.141 -0.000 0.000 0.000
-1.500 1.501 1.185 0.011 0.015 0.000 0.208 0.282 -0.000 0.000 0.000
-1.499 1.502 1.185 0.025 0.034 0.000 0.333 0.446 -0.000 0.000 0.000
-1.497 1.504 1.185 0.045 0.060 0.000 0.467 0.615 -0.000 0.000 0.000
-1.494 1.508 1.185 0.071 0.095 0.000 0.601 0.778 -0.000 0.000 0.000
-1.490 1.514 1.185 0.105 0.138 0.000 0.726 0.922 -0.000 0.000 0.000
-1.484 1.522 1.185 0.144 0.187 0.000 0.839 1.041 -0.000 0.000 0.000
-1.475 1.532 1.185 0.188 0.241 0.000 0.932 1.128 -0.000 0.000 0.000
-1.465 1.546 1.185 0.237 0.299 0.000 1.005 1.179 -0.000 0.000 0.000
-1.452 1.562 1.185 0.288 0.358 0.000 1.054 1.192 -0.000 0.000 0.000
-1.436 1.582 1.185 0.342 0.418 0.000 1.078 1.166 -0.000 0.000 0.000
-1.417 1.604 1.185 0.396 0.474 0.000 1.077 1.103 -0.000 0.000 0.000
-1.396 1.629 1.185 0.449 0.527 0.000 1.051 1.004 -0.000 0.000 0.000
-1.372 1.657 1.185 0.500 0.574 0.000 1.003 0.873 -0.000 0.000 0.000
-1.346 1.686 1.185 0.549 0.614 0.000 0.934 0.714 -0.000 0.000 0.000
-1.318 1.718 1.185 0.594 0.645 0.000 0.847 0.533 -0.000 0.000 0.000
-1.287 1.751 1.185 0.633 0.667 0.000 0.745 0.334 -0.000 0.000 0.000
-1.254 1.785 1.185 0.668 0.679 0.000 0.630 0.124 -0.000 0.000 0.000
-1.220 1.819 1.185 0.696 0.679 0.000 0.507 -0.091 -0.000 0.000 0.000
-1.185 1.852 1.185 0.718 0.669 0.000 0.379 -0.305 -0.000 0.000 0.000
-1.149 1.885 1.185 0.734 0.649 0.000 0.250 -0.511 -0.000 0.000 0.000
-1.112 1.917 1.185 0.743 0.619 0.000 0.123 -0.704 -0.000 0.000 0.000
-1.074 1.947 1.185 0.747 0.579 0.000 0.002 -0.879 -0.000 0.000 0.000
-1.037 1.975 1.185 0.744 0.531 0.000 -0.111 -1.030 -0.000 0.000 0.000
-1.000 2.000 1.185 0.736 0.476 0.000 -0.213 -1.154 -0.000 0.000 0.000
-0.964 2.022 1.185 0.723 0.416 0.000 -0.301 -1.249 -0.000 0.000 0.000
-0.928 2.042 1.185 0.706 0.352 0.000 -0.375 -1.312 -0.000 0.000 0.000
-0.893 2.057 1.185 0.685 0.286 0.000 -0.434 -1.343 -0.000 0.000 0.000
-0.859 2.070 1.185 0.663 0.218 0.000 -0.476 -1.342 -0.000 0.000 0.000
-0.827 2.079 1.185 0.638 0.152 0.000 -0.503 -1.311 -0.000 0.000 0.000
-0.796 2.085 1.185 0.613 0.088 0.000 -0.514 -1.252 -0.000 0.000 0.000
-0.766 2.088 1.185 0.587 0.027 0.000 -0.511 -1.168 -0.000 0.000 0.000
-0.737 2.088 1.185 0.562 -0.029 0.000 -0.495 -1.062 -0.000 0.000 0.000
-0.709 2.085 1.185 0.538 -0.079 0.000 -0.467 -0.937 -0.000 0.000 0.000
-0.683 2.080 1.185 0.515 -0.122 0.000 -0.429 -0.797 -0.000 0.000 0.000
-0.658 2.073 1.185 0.495 -0.158 0.000 -0.383 -0.648 -0.000 0.000 0.000
-0.634 2.065 1.185 0.477 -0.187 0.000 -0.330 -0.493 -0.000 0.000 0.000
-0.610 2.055 1.185 0.462 -0.208 0.000 -0.272 -0.336 -0.000 0.000 0.000
-0.587 2.044 1.185 0.450 -0.221 -0.000 -0.212 -0.182 -0.000 0.000 0.000
-0.565 2.033 1.185 0.441 -0.226 -0.000 -0.152 -0.035 -0.000 0.000 0.000
-0.543 2.022 1.185 0.435 -0.224 -0.000 -0.093 0.102 -0.000 0.000 0.000
-0.522 2.010 1.185 0.431 -0.216 -0.000 -0.036 0.225 -0.000 0.000 0.000
-0.500 2.000 1.185 0.431 -0.202 -0.000 0.016 0.332 -0.000 0.000 0.000
-0.478 1.990 1.185 0.433 -0.183 -0.000 0.063 0.420 -0.000 0.000 0.000
-0.457 1.982 1.185 0.437 -0.160 -0.000 0.103 0.488 -0.000 0.000 0.000
-0.435 1.974 1.185 0.443 -0.135 -0.000 0.137 0.536 -0.000 0.000 0.000
-0.412 1.968 1.185 0.451 -0.107 -0.000 0.163 0.564 -0.000 0.000 0.000
-0.390 1.964 1.185 0.459 -0.079 -0.000 0.183 0.573 -0.000 0.000 0.000
-0.366 1.960 1.185 0.469 -0.050 -0.000 0.195 0.562 -0.000 0.000 0.000
-0.343 1.959 1.185 0.479 -0.023 -0.000 0.200 0.536 -0.000 0.000 0.000
-0.319 1.958 1.185 0.489 0.003 -0.000 0.199 0.494 -0.000 0.000 0.000
-0.294 1.959 1.185 0.498 0.027 -0.000 0.193 0.439 -0.000 0.000 0.000
-0.269 1.961 1.185 0.508 0.047 -0.000 0.182 0.374 -0.000 0.000 0.000
-0.243 1.964 1.185 0.517 0.064 -0.000 0.166 0.302 -0.000 0.000 0.000
-0.217 1.967 1.185 0.524 0.077 -0.000 0.148 0.225 -0.000 0.000 0.000
-0.191 1.971 1.185 0.531 0.086 -0.000 0.127 0.145 -0.000 0.000 0.000
-0.164 1.976 1.185 0.537 0.092 -0.000 0.105 0.067 0.000 0.000 0.000
-0.137 1.980 1.185 0.542 0.093 -0.000 0.083 -0.009 0.000 0.000 0.000
-0.110 1.985 1.185 0.545 0.091 -0.000 0.062 -0.078 0.000 0.000 0.000
-0.082 1.989 1.185 0.548 0.085 -0.000 0.041 -0.140 0.000 0.000 0.000
-0.055 1.993 1.185 0.550 0.077 -0.000 0.023 -0.191 0.000 0.000 0.000
-0.028 1.997 1.185 0.550 0.066 -0.000 0.008 -0.231 0.000 0.000 0.000
0.000 2.000 1.185 0.550 0.054 -0.000 -0.004 -0.259 0.000 0.000 0.000
0.028 2.002 1.185 0.550 0.041 -0.000 -0.012 -0.273 0.000 0.000 0.000
0.055 2.004 1.185 0.549 0.027 -0.000 -0.017 -0.275 0.000 0.000 0.000
0.082 2.005 1.185 0.548 0.013 -0.000 -0.018 -0.263 0.000 0.000 0.000
0.110 2.005 1.185 0.548 0.001 -0.000 -0.016 -0.240 0.000 0.000 0.000
0.137 2.005 1.185 0.547 -0.010 -0.000 -0.011 -0.206 0.000 0.000 0.000
0.165 2.004 1.185 0.547 -0.020 0.000 -0.002 -0.164 0.000 0.000 0.000
0.192 2.003 1.185 0.547 -0.027 0.000 0.008 -0.114 0.000 0.000 0.000
0.219 2.002 1.185 0.547 -0.031 0.000 0.020 -0.060 0.000 0.000 0.000
0.247 2.000 1.185 0.549 -0.033 0.000 0.032 -0.003 0.000 0.000 0.000
0.274 1.999 1.185 0.551 -0.031 0.000 0.045 0.054 0.000 0.000 0.000
0.302 1.997 1.185 0.553 -0.027 0.000 0.058 0.109 0.000 0.000 0.000
0.329 1.996 1.185 0.556 -0.021 0.000 0.069 0.160 0.000 0.000 0.000
0.357 1.995 1.185 0.560 -0.011 0.000 0.078 0.204 0.000 0.000 0.000
0.385 1.995 1.185 0.564 -0.000 0.000 0.085 0.239 0.000 0.000 0.000
0.414 1.995 1.185 0.569 0.012 0.000 0.089 0.264 0.000 0.000 0.000
0.442 1.996 1.185 0.573 0.026 0.000 0.090 0.277 0.000 0.000 0.000
0.471 1.998 1.185 0.577 0.040 0.000 0.086 0.277 0.000 0.000 0.000
0.500 2.000 1.185 0.582 0.053 0.000 0.078 0.264 0.000 0.000 0.000
0.529 2.003 1.185 0.585 0.066 0.000 0.067 0.237 0.000 0.000 0.000
0.559 2.007 1.185 0.588 0.077 0.000 0.051 0.195 0.000 0.000 0.000
0.588 2.011 1.185 0.590 0.085 0.000 0.031 0.141 0.000 0.000 0.000
0.618 2.015 1.185 0.591 0.091 0.000 0.008 0.076 0.000 0.000 0.000
0.647 2.020 1.185 0.591 0.093 0.000 -0.019 0.000 0.000 0.000 0.000
0.677 2.024 1.185 0.589 0.091 0.000 -0.047 -0.084 0.000 0.000 0.000
0.706 2.029 1.185 0.586 0.084 0.000 -0.078 -0.174 -0.000 0.000 0.000
0.735 2.033 1.185 0.581 0.073 0.000 -0.110 -0.268 -0.000 0.000 0.000
0.764 2.036 1.185 0.575 0.057 0.000 -0.142 -0.363 -0.000 0.000 0.000
0.793 2.038 1.185 0.567 0.037 0.000 -0.174 -0.457 -0.000 0.000 0.000
0.821 2.039 1.185 0.558 0.012 0.000 -0.204 -0.547 -0.000 0.000 0.000
0.848 2.039 1.185 0.547 -0.018 0.000 -0.233 -0.631 -0.000 0.000 0.000
0.875 2.038 1.185 0.535 -0.051 0.000 -0.259 -0.706 -0.000 0.000 0.000
0.902 2.034 1.185 0.521 -0.088 0.000 -0.282 -0.770 -0.000 0.000 0.000
0.928 2.029 1.185 0.506 -0.128 0.000 -0.300 -0.822 -0.000 0.000 0.000
0.952 2.021 1.185 0.491 -0.170 0.000 -0.314 -0.858 -0.000 0.000 0.000
0.977 2.012 1.185 0.475 -0.214 0.000 -0.323 -0.879 -0.000 0.000 0.000
1.000 2.000 1.185 0.459 -0.258 0.000 -0.327 -0.882 -0.000 0.000 0.000
1.023 1.986 1.185 0.443 -0.301 0.000 -0.325 -0.868 -0.000 0.000 0.000
1.044 1.970 1.185 0.427 -0.344 0.000 -0.317 -0.836 -0.000 0.000 0.000
1.065 1.952 1.185 0.411 -0.385 0.000 -0.304 -0.787 -0.000 0.000 0.000
1.085 1.931 1.185 0.396 -0.423 0.000 -0.285 -0.721 -0.000 0.000 0.000
1.105 1.909 1.185 0.383 -0.457 0.000 -0.262 -0.640 -0.000 0.000 0.000
1.124 1.886 1.185 0.370 -0.486 0.000 -0.233 -0.546 -0.000 0.000 0.000
1.142 1.861 1.185 0.359 -0.511 0.000 -0.201 -0.439 0.000 0.000 0.000
1.160 1.835 1.185 0.350 -0.530 0.000 -0.165 -0.323 0.000 0.000 0.000
1.177 1.808 1.185 0.343 -0.543 0.000 -0.126 -0.199 0.000 0.000 0.000
1.194 1.781 1.185 0.338 -0.550 0.000 -0.085 -0.070 0.000 0.000 0.000
1.211 1.753 1.185 0.334 -0.550 0.000 -0.043 0.061 0.000 0.000 0.000
1.227 1.726 1.185 0.333 -0.544 0.000 -0.000 0.192 0.000 0.000 0.000
1.244 1.699 1.185 0.334 -0.531 0.000 0.042 0.319 0.000 0.000 0.000
1.261 1.673 1.185 0.337 -0.512 0.000 0.084 0.441 0.000 0.000 0.000
1.278 1.648 1.185 0.343 -0.487 0.000 0.124 0.555 0.000 0.000 0.000
1.295 1.624 1.185 0.350 -0.457 0.000 0.161 0.658 0.000 0.000 0.000
1.313 1.602 1.185 0.359 -0.422 0.000 0.194 0.747 0.000 0.000 0.000
1.331 1.582 1.185 0.369 -0.382 0.000 0.224 0.820 0.000 0.000 0.000
1.350 1.564 1.185 0.381 -0.340 0.000 0.249 0.876 0.000 0.000 0.000
1.369 1.548 1.185 0.394 -0.295 0.000 0.268 0.913 0.000 0.000 0.000
1.389 1.534 1.185 0.408 -0.249 0.000 0.281 0.928 0.000 0.000 0.000
1.410 1.523 1.185 0.422 -0.203 0.000 0.288 0.922 0.000 0.000 0.000
1.431 1.514 1.185 0.436 -0.157 0.000 0.289 0.892 0.000 0.000 0.000
1.454 1.507 1.185 0.451 -0.114 0.000 0.282 0.840 0.000 0.000 0.000
1.476 1.503 1.185 0.464 -0.073 0.000 0.268 0.765 0.000 0.000 0.000
1.500 1.500 1.185 0.477 -0.038 0.000 0.247 0.668 0.000 0.000 0.000
1.524 1.499 1.185 0.489 -0.007 0.000 0.220 0.550 0.000 0.000 0.000
1.549 1.499 1.185 0.499 0.017 0.000 0.186 0.413 0.000 0.000 0.000
1.574 1.500 1.185 0.508 0.034 0.000 0.146 0.260 0.000 0.000 0.000
1.600 1.502 1.185 0.514 0.043 0.000 0.100 0.094 -0.000 0.000 0.000
1.625 1.505 1.185 0.518 0.043 0.000 0.050 -0.083 -0.000 0.000 0.000
1.651 1.507 1.185 0.519 0.035 0.000 -0.003 -0.266 -0.000 0.000 0.000
1.677 1.508 1.185 0.517 0.017 0.000 -0.060 -0.452 -0.000 0.000 0.000
1.703 1.508 1.185 0.513 -0.011 0.000 -0.119 -0.636 -0.000 0.000 0.000
1.728 1.507 1.185 0.505 -0.047 0.000 -0.179 -0.815 -0.000 0.000 0.000
1.753 1.503 1.185 0.495 -0.092 0.000 -0.239 -0.985 -0.000 0.000 0.000
1.778 1.497 1.185 0.481 -0.145 0.000 -0.297 -1.141 -0.000 0.000 0.000
1.802 1.489 1.185 0.465 -0.206 0.000 -0.353 -1.279 -0.000 0.000 0.000
1.824 1.477 1.185 0.446 -0.273 0.000 -0.407 -1.396 -0.000 0.000 0.000
1.846 1.461 1.185 0.425 -0.345 0.000 -0.456 -1.488 -0.000 0.000 0.000
1.867 1.442 1.185 0.401 -0.421 0.000 -0.499 -1.552 -0.000 0.000 0.000
1.886 1.419 1.185 0.375 -0.500 0.000 -0.537 -1.585 -0.000 0.000 0.000
1.904 1.392 1.185 0.347 -0.579 0.000 -0.569 -1.586 -0.000 0.000 0.000
1.921 1.361 1.185 0.318 -0.658 -0.000 -0.592 -1.552 -0.000 0.000 0.000
1.936 1.326 1.185 0.288 -0.734 -0.000 -0.608 -1.482 -0.000 0.000 0.000
1.950 1.288 1.185 0.257 -0.805 -0.000 -0.615 -1.377 -0.000 0.000 0.000
1.962 1.246 1.185 0.227 -0.871 -0.000 -0.614 -1.236 -0.000 0.000 0.000
1.972 1.201 1.185 0.196 -0.928 -0.000 -0.604 -1.062 -0.000 0.000 0.000
1.981 1.153 1.185 0.166 -0.976 -0.000 -0.585 -0.857 -0.000 0.000 0.000
1.989 1.104 1.185 0.138 -1.013 -0.000 -0.559 -0.623 -0.000 0.000 0.000
1.995 1.052 1.185 0.111 -1.038 -0.000 -0.524 -0.366 -0.000 0.000 0.000
2.000 1.000 1.185 0.085 -1.050 -0.000 -0.482 -0.090 -0.000 0.000 0.000
2.004 0.948 1.185 0.062 -1.047 -0.000 -0.434 0.196 -0.000 0.000 0.000
2.006 0.896 1.185 0.042 -1.030 -0.000 -0.381 0.485 -0.000 0.000 0.000
2.008 0.845 1.185 0.024 -0.999 -0.000 -0.325 0.768 0.000 0.000 0.000
2.009 0.796 1.185 0.010 -0.953 -0.000 -0.268 1.036 0.000 0.000 0.000
2.009 0.750 1.185 -0.002 -0.895 -0.000 -0.210 1.279 0.000 0.000 0.000
2.009 0.707 1.185 -0.011 -0.826 -0.000 -0.154 1.488 0.000 0.000 0.000
2.008 0.667 1.185 -0.018 -0.747 -0.000 -0.101 1.654 0.000 0.000 0.000
2.007 0.632 1.185 -0.022 -0.662 -0.000 -0.053 1.770 0.000 0.000 0.000
2.006 0.601 1.185 -0.023 -0.571 -0.000 -0.012 1.830 0.000 0.000 0.000
2.005 0.575 1.185 -0.023 -0.480 -0.000 0.023 1.832 0.000 0.000 0.000
2.003 0.553 1.185 -0.021 -0.389 -0.000 0.048 1.772 0.000 0.000 0.000
2.002 0.536 1.185 -0.018 -0.303 -0.000 0.066 1.653 0.000 0.000 0.000
2.002 0.523 1.185 -0.015 -0.225 -0.000 0.074 1.479 0.000 0.000 0.000
2.001 0.513 1.185 -0.011 -0.156 -0.000 0.074 1.260 0.000 0.000 0.000
2.001 0.507 1.185 -0.007 -0.099 -0.000 0.067 1.006 0.000 0.000 0.000
2.000 0.503 1.185 -0.004 -0.056 -0.000 0.053 0.736 0.000 0.000 0.000
2.000 0.501 1.185 -0.002 -0.026 -0.000 0.037 0.470 0.000 0.000 0.000
2.000 0.500 1.185 -0.001 -0.008 -0.000 0.020 0.236 0.000 0.000 0.000
2.000 0.500 1.185 -0.000 -0.001 -0.000 0.006 0.066 0.000 0.000 0.000
2.000 0.500 1.185 -0.000 -0.000 -0.000 -0.000 0.000 -0.000 0.000 0.000
2.000 0.500 1.185 -0.000 -0.000 0.000 -0.000 -0.000 0.000 0.000 0.000
2.000 0.500 1.185 -0.000 -0.000 0.000 -0.000 -0.000 0.000 0.000 0.000
2.000 0.500 1.185 -0.000 -0.000 0.000 -0.000 -0.001 0.000 0.000 0.000
2.000 0.500 1.185 -0.000 -0.000 0.000 -0.000 -0.002 0.000 0.000 0.000
2.000 0.500 1.185 -0.000 -0.000 0.000 -0.000 -0.002 0.000 0.000 0.000
2.000 0.500 1.185 -0.000 -0.000 0.000 -0.000 -0.003 0.000 0.000 0.000
2.000 0.500 1.185 -0.000 -0.001 0.000 -0.000 -0.004 0.000 0.000 0.000
2.000 0.500 1.185 -0.000 -0.001 0.000 -0.000 -0.006 0.000 0.000 0.000
2.000 0.500 1.185 -0.000 -0.001 0.000 -0.000 -0.007 0.000 0.000 0.000
2.000 0.500 1.185 -0.000 -0.002 0.000 -0.000 -0.009 0.000 0.000 0.000
2.000 0.500 1.185 -0.000 -0.002 0.000 -0.000 -0.010 0.000 0.000 0.000
2.000 0.500 1.185 -0.000 -0.003 0.000 -0.000 -0.012 0.000 0.000 0.000
2.000 0.499 1.185 -0.000 -0.003 0.000 -0.000 -0.013 0.000 0.000 0.000
2.000 0.499 1.185 -0.000 -0.004 0.000 -0.000 -0.015 0.000 0.000 0.000
2.000 0.499 1.185 -0.000 -0.005 0.000 -0.000 -0.017 0.000 0.000 0.000
2.000 0.499 1.185 -0.000 -0.006 0.000 -0.000 -0.019 0.000 0.000 0.000
2.000 0.499 1.185 -0.000 -0.007 0.000 -0.000 -0.021 0.000 0.000 0.000
2.000 0.498 1.185 -0.000 -0.008 0.000 -0.000 -0.023 0.000 0.000 0.000
2.000 0.498 1.185 -0.000 -0.009 0.000 -0.000 -0.025 0.000 0.000 0.000
2.000 0.497 1.185 -0.000 -0.010 0.000 -0.000 -0.027 0.000 0.000 0.000
2.000 0.497 1.185 -0.000 -0.012 0.000 -0.000 -0.029 0.000 0.000 0.000
2.000 0.496 1.185 -0.000 -0.013 0.000 -0.000 -0.031 0.000 0.000 0.000
2.000 0.495 1.185 -0.000 -0.015 0.000 -0.000 -0.033 0.000 0.000 0.000
2.000 0.495 1.185 -0.000 -0.016 0.000 -0.000 -0.036 0.000 0.000 0.000
2.000 0.494 1.185 -0.000 -0.018 0.000 -0.000 -0.038 0.000 0.000 0.000
2.000 0.493 1.185 -0.000 -0.020 0.000 -0.000 -0.040 0.000 0.000 0.000
2.000 0.492 1.185 -0.000 -0.022 0.000 -0.000 -0.042 0.000 0.000 0.000
2.000 0.491 1.185 -0.000 -0.024 0.000 -0.000 -0.044 0.000 0.000 0.000
2.000 0.489 1.185 -0.000 -0.027 0.000 -0.000 -0.046 0.000 0.000 0.000
2.000 0.488 1.185 -0.000 -0.029 0.000 -0.000 -0.048 -0.000 0.000 0.000
2.000 0.486 1.185 -0.000 -0.031 0.000 -0.000 -0.050 -0.000 0.000 0.000
2.000 0.485 1.185 -0.000 -0.034 0.000 -0.000 -0.052 -0.000 0.000 0.000
2.000 0.483 1.185 -0.000 -0.037 0.000 -0.000 -0.053 -0.000 0.000 0.000
2.000 0.481 1.185 -0.000 -0.039 0.000 -0.000 -0.055 -0.000 0.000 0.000
2.000 0.479 1.185 -0.000 -0.042 0.000 -0.000 -0.057 -0.000 0.000 0.000
2.000 0.477 1.185 -0.000 -0.045 0.000 -0.000 -0.059 -0.000 0.000 0.000
2.000 0.475 1.185 -0.000 -0.048 0.000 -0.000 -0.060 -0.000 0.000 0.000
2.000 0.472 1.185 -0.000 -0.051 0.000 -0.000 -0.062 -0.000 0.000 0.000
2.000 0.469 1.185 -0.000 -0.054 0.000 -0.000 -0.063 -0.000 0.000 0.000
2.000 0.467 1.185 -0.000 -0.057 0.000 -0.000 -0.065 -0.000 0.000 0.000
2.000 0.464 1.185 -0.000 -0.061 0.000 -0.000 -0.066 -0.000 0.000 0.000
2.000 0.461 1.185 -0.000 -0.064 0.000 0.000 -0.067 -0.000 0.000 0.000
2.000 0.457 1.185 -0.000 -0.067 0.000 0.000 -0.068 -0.000 0.000 0.000
2.000 0.454 1.185 -0.000 -0.071 0.000 0.000 -0.069 -0.000 0.000 0.000
2.000 0.450 1.185 -0.000 -0.074 0.000 0.000 -0.070 -0.000 0.000 0.000
2.000 0.446 1.185 -0.000 -0.078 0.000 0.000 -0.071 -0.000 0.000 0.000
2.000 0.442 1.185 -0.000 -0.081 0.000 0.000 -0.072 -0.000 0.000 0.000
2.000 0.438 1.185 -0.000 -0.085 0.000 0.000 -0.073 -0.000 0.000 0.000
2.000 0.434 1.185 -0.000 -0.089 0.000 0.000 -0.073 -0.000 0.000 0.000
2.000 0.429 1.185 -0.000 -0.092 0.000 0.000 -0.074 -0.000 0.000 0.000
2.000 0.425 1.185 -0.000 -0.096 0.000 0.000 -0.074 -0.000 0.000 0.000
2.000 0.420 1.185 -0.000 -0.100 0.000 0.000 -0.075 -0.000 0.000 0.000
2.000 0.415 1.185 -0.000 -0.103 0.000 0.000 -0.075 -0.000 0.000 0.000
2.000 0.409 1.185 -0.000 -0.107 0.000 0.000 -0.075 -0.000 0.000 0.000
2.000 0.404 1.185 -0.000 -0.111 0.000 0.000 -0.075 -0.000 0.000 0.000
2.000 0.398 1.185 -0.000 -0.115 0.000 0.000 -0.075 -0.000 0.000 0.000
2.000 0.393 1.185 -0.000 -0.118 0.000 0.000 -0.075 -0.000 0.000 0.000
2.000 0.387 1.185 -0.000 -0.122 0.000 0.000 -0.075 -0.000 0.000 0.000
2.000 0.380 1.185 -0.000 -0.126 0.000 0.000 -0.074 -0.000 0.000 0.000
2.000 0.374 1.185 -0.000 -0.130 0.000 0.000 -0.074 -0.000 0.000 0.000
2.000 0.367 1.185 -0.000 -0.133 -0.000 0.000 -0.074 -0.000 0.000 0.000
2.000 0.361 1.185 -0.000 -0.137 -0.000 0.000 -0.073 -0.000 0.000 0.000
2.000 0.354 1.185 -0.000 -0.141 -0.000 0.000 -0.072 -0.000 0.000 0.000
2.000 0.347 1.185 -0.000 -0.144 -0.000 0.000 -0.072 -0.000 0.000 0.000
2.000 0.339 1.185 -0.000 -0.148 -0.000 0.000 -0.071 -0.000 0.000 0.000
2.000 0.332 1.185 -0.000 -0.151 -0.000 0.000 -0.070 -0.000 0.000 0.000
2.000 0.324 1.185 -0.000 -0.155 -0.000 0.000 -0.069 -0.000 0.000 0.000
2.000 0.316 1.185 -0.000 -0.158 -0.000 0.000 -0.068 -0.000 0.000 0.000
2.000 0.308 1.185 -0.000 -0.162 -0.000 0.000 -0.066 -0.000 0.000 0.000
2.000 0.300 1.185 -0.000 -0.165 -0.000 0.000 -0.065 -0.000 0.000 0.000
2.000 0.292 1.185 -0.000 -0.168 -0.000 0.000 -0.064 -0.000 0.000 0.000
2.000 0.283 1.185 -0.000 -0.171 -0.000 0.000 -0.062 -0.000 0.000 0.000
2.000 0.275 1.185 -0.000 -0.174 -0.000 0.000 -0.061 -0.000 0.000 0.000
2.000 0.266 1.185 -0.000 -0.177 -0.000 0.000 -0.059 -0.000 0.000 0.000
2.000 0.257 1.185 -0.000 -0.180 -0.000 0.000 -0.058 -0.000 0.000 0.000
2.000 0.248 1.185 -0.000 -0.183 -0.000 0.000 -0.056 -0.000 0.000 0.000
2.000 0.239 1.185 -0.000 -0.186 -0.000 0.000 -0.054 -0.000 0.000 0.000
2.000 0.229 1.185 -0.000 -0.189 -0.000 0.000 -0.052 -0.000 0.000 0.000
2.000 0.220 1.185 -0.000 -0.191 -0.000 0.000 -0.050 -0.000 0.000 0.000
2.000 0.210 1.185 -0.000 -0.194 -0.000 0.000 -0.048 -0.000 0.000 0.000
2.000 0.200 1.185 -0.000 -0.196 -0.000 0.000 -0.046 -0.000 0.000 0.000
2.000 0.191 1.185 -0.000 -0.198 -0.000 0.000 -0.044 -0.000 0.000 0.000
2.000 0.181 1.185 -0.000 -0.200 -0.000 0.000 -0.042 -0.000 0.000 0.000
2.000 0.171 1.185 -0.000 -0.202 -0.000 0.000 -0.040 -0.000 0.000 0.000
2.000 0.160 1.185 -0.000 -0.204 -0.000 0.000 -0.038 -0.000 0.000 0.000
2.000 0.150 1.185 -0.000 -0.206 -0.000 0.000 -0.035 -0.000 0.000 0.000
2.000 0.140 1.185 -0.000 -0.208 -0.000 0.000 -0.033 -0.000 0.000 0.000
2.000 0.129 1.185 -0.000 -0.209 -0.000 0.000 -0.031 -0.000 0.000 0.000
2.000 0.119 1.185 -0.000 -0.211 -0.000 0.000 -0.028 -0.000 0.000 0.000
2.000 0.108 1.185 -0.000 -0.212 -0.000 0.000 -0.026 -0.000 0.000 0.000
2.000 0.098 1.185 -0.000 -0.213 -0.000 0.000 -0.023 -0.000 0.000 0.000
2.000 0.087 1.185 -0.000 -0.215 -0.000 0.000 -0.021 -0.000 0.000 0.000
2.000 0.076 1.185 -0.000 -0.216 -0.000 0.000 -0.018 -0.000 0.000 0.000
2.000 0.065 1.185 -0.000 -0.216 -0.000 0.000 -0.016 -0.000 0.000 0.000
2.000 0.055 1.185 -0.000 -0.217 -0.000 0.000 -0.013 -0.000 0.000 0.000
2.000 0.044 1.185 -0.000 -0.218 -0.000 0.000 -0.010 -0.000 0.000 0.000
2.000 0.033 1.185 -0.000 -0.218 -0.000 0.000 -0.008 0.000 0.000 0.000
2.000 0.022 1.185 -0.000 -0.218 -0.000 0.000 -0.005 0.000 0.000 0.000
2.000 0.011 1.185 -0.000 -0.219 -0.000 0.000 -0.003 0.000 0.000 0.000
2.000 0.000 1.185 -0.000 -0.219 -0.000 0.000 0.000 0.000 0.000 0.000
2.000 -0.011 1.185 0.000 -0.219 0.000 0.000 0.003 0.000 0.000 0.000
2.000 -0.022 1.185 0.000 -0.218 0.000 0.000 0.005 0.000 0.000 0.000
2.000 -0.033 1.185 0.000 -0.218 0.000 0.000 0.008 0.000 0.000 0.000
2.000 -0.044 1.185 0.000 -0.218 0.000 0.000 0.010 0.000 0.000 0.000
2.000 -0.055 1.185 0.000 -0.217 0.000 0.000 0.013 0.000 0.000 0.000
2.000 -0.065 1.185 0.000 -0.216 0.000 0.000 0.016 0.000 0.000 0.000
2.000 -0.076 1.185 0.000 -0.216 0.000 0.000 0.018 0.000 0.000 0.000
2.000 -0.087 1.185 0.000 -0.215 0.000 0.000 0.021 0.000 0.000 0.000
2.000 -0.098 1.185 0.000 -0.213 0.000 0.000 0.023 0.000 0.000 0.000
2.000 -0.108 1.185 0.000 -0.212 0.000 0.000 0.026 -0.000 0.000 0.000
2.000 -0.119 1.185 0.000 -0.211 0.000 0.000 0.028 -0.000 0.000 0.000
2.000 -0.129 1.185 0.000 -0.209 0.000 0.000 0.031 -0.000 0.000 0.000
2.000 -0.140 1.185 0.000 -0.208 0.000 -0.000 0.033 -0.000 0.000 0.000
2.000 -0.150 1.185 0.000 -0.206 0.000 -0.000 0.035 -0.000 0.000 0.000
2.000 -0.160 1.185 0.000 -0.204 0.000 -0.000 0.038 -0.000 0.000 0.000
2.000 -0.171 1.185 0.000 -0.202 0.000 -0.000 0.040 -0.000 0.000 0.000
2.000 -0.181 1.185 0.000 -0.200 0.000 -0.000 0.042 -0.000 0.000 0.000
2.000 -0.191 1.185 0.000 -0.198 0.000 -0.000 0.044 -0.000 0.000 0.000
2.000 -0.200 1.185 0.000 -0.196 0.000 -0.000 0.046 -0.000 0.000 0.000
2.000 -0.210 1.185 0.000 -0.194 0.000 -0.000 0.048 -0.000 0.000 0.000
2.000 -0.220 1.185 0.000 -0.191 0.000 -0.000 0.050 -0.000 0.000 0.000
2.000 -0.229 1.185 0.000 -0.189 0.000 -0.000 0.052 -0.000 0.000 0.000
2.000 -0.239 1.185 0.000 -0.186 0.000 -0.000 0.054 -0.000 0.000 0.000
2.000 -0.248 1.185 0.000 -0.183 0.000 -0.000 0.056 -0.000 0.000 0.000
2.000 -0.257 1.185 0.000 -0.180 0.000 -0.000 0.058 -0.000 0.000 0.000
2.000 -0.266 1.185 0.000 -0.177 0.000 -0.000 0.059 -0.000 0.000 0.000
2.000 -0.275 1.185 0.000 -0.174 0.000 -0.000 0.061 -0.000 0.000 0.000
2.000 -0.283 1.185 0.000 -0.171 0.000 -0.000 0.062 -0.000 0.000 0.000
2.000 -0.292 1.185 0.000 -0.168 0.000 -0.000 0.064 -0.000 0.000 0.000
2.000 -0.300 1.185 0.000 -0.165 0.000 -0.000 0.065 -0.000 0.000 0.000
2.000 -0.308 1.185 0.000 -0.162 0.000 -0.000 0.066 -0.000 0.000 0.000
2.000 -0.316 1.185 0.000 -0.158 0.000 -0.000 0.068 -0.000 0.000 0.000
2.000 -0.324 1.185 0.000 -0.155 0.000 -0.000 0.069 -0.000 0.000 0.000
2.000 -0.332 1.185 0.000 -0.151 0.000 -0.000 0.070 -0.000 0.000 0.000
2.000 -0.339 1.185 0.000 -0.148 0.000 -0.000 0.071 -0.000 0.000 0.000
2.000 -0.347 1.185 0.000 -0.144 0.000 -0.000 0.072 -0.000 0.000 0.000
2.000 -0.354 1.185 0.000 -0.141 0.000 -0.000 0.072 -0.000 0.000 0.000
2.000 -0.361 1.185 0.000 -0.137 0.000 -0.000 0.073 -0.000 0.000 0.000
2.000 -0.367 1.185 0.000 -0.133 0.000 -0.000 0.074 -0.000 0.000 0.000
2.000 -0.374 1.185 0.000 -0.130 0.000 -0.000 0.074 -0.000 0.000 0.000
2.000 -0.380 1.185 0.000 -0.126 0.000 -0.000 0.074 -0.000 0.000 0.000
2.000 -0.387 1.185 0.000 -0.122 0.000 -0.000 0.075 -0.000 0.000 0.000
2.000 -0.393 1.185 0.000 -0.118 0.000 -0.000 0.075 -0.000 0.000 0.000
2.000 -0.398 1.185 0.000 -0.115 0.000 -0.000 0.075 -0.000 0.000 0.000
2.000 -0.404 1.185 -0.000 -0.111 0.000 -0.000 0.075 -0.000 0.000 0.000
2.000 -0.409 1.185 -0.000 -0.107 0.000 -0.000 0.075 -0.000 0.000 0.000
2.000 -0.415 1.185 -0.000 -0.103 0.000 -0.000 0.075 -0.000 0.000 0.000
2.000 -0.420 1.185 -0.000 -0.100 0.000 -0.000 0.075 -0.000 0.000 0.000
2.000 -0.425 1.185 -0.000 -0.096 0.000 -0.000 0.074 -0.000 0.000 0.000
2.000 -0.429 1.185 -0.000 -0.092 0.000 -0.000 0.074 -0.000 0.000 0.000
2.000 -0.434 1.185 -0.000 -0.089 0.000 -0.000 0.073 -0.000 0.000 0.000
2.000 -0.438 1.185 -0.000 -0.085 -0.000 -0.000 0.073 -0.000 0.000 0.000
2.000 -0.442 1.185 -0.000 -0.081 -0.000 -0.000 0.072 -0.000 0.000 0.000
2.000 -0.446 1.185 -0.000 -0.078 -0.000 -0.000 0.071 -0.000 0.000 0.000
2.000 -0.450 1.185 -0.000 -0.074 -0.000 -0.000 0.070 -0.000 0.000 0.000
2.000 -0.454 1.185 -0.000 -0.071 -0.000 -0.000 0.069 -0.000 0.000 0.000
2.000 -0.457 1.185 -0.000 -0.067 -0.000 -0.000 0.068 -0.000 0.000 0.000
2.000 -0.461 1.185 -0.000 -0.064 -0.000 -0.000 0.067 -0.000 0.000 0.000
2.000 -0.464 1.185 -0.000 -0.061 -0.000 -0.000 0.066 -0.000 0.000 0.000
2.000 -0.467 1.185 -0.000 -0.057 -0.000 -0.000 0.065 -0.000 0.000 0.000
2.000 -0.469 1.185 -0.000 -0.054 -0.000 -0.000 0.063 -0.000 0.000 0.000
2.000 -0.472 1.185 -0.000 -0.051 -0.000 -0.000 0.062 -0.000 0.000 0.000
2.000 -0.475 1.185 -0.000 -0.048 -0.000 -0.000 0.060 -0.000 0.000 0.000
2.000 -0.477 1.185 -0.000 -0.045 -0.000 -0.000 0.059 -0.000 0.000 0.000
2.000 -0.479 1.185 -0.000 -0.042 -0.000 -0.000 0.057 -0.000 0.000 0.000
2.000 -0.481 1.185 -0.000 -0.039 -0.000 -0.000 0.055 -0.000 0.000 0.000
2.000 -0.483 1.185 -0.000 -0.037 -0.000 -0.000 0.053 -0.000 0.000 0.000
2.000 -0.485 1.185 -0.000 -0.034 -0.000 -0.000 0.052 -0.000 0.000 0.000
2.000 -0.486 1.185 -0.000 -0.031 -0.000 -0.000 0.050 -0.000 0.000 0.000
2.000 -0.488 1.185 -0.000 -0.029 -0.000 -0.000 0.048 -0.000 0.000 0.000
2.000 -0.489 1.185 -0.000 -0.027 -0.000 0.000 0.046 -0.000 0.000 0.000
2.000 -0.491 1.185 -0.000 -0.024 -0.000 0.000 0.044 -0.000 0.000 0.000
2.000 -0.492 1.185 -0.000 -0.022 -0.000 0.000 0.042 -0.000 0.000 0.000
2.000 -0.493 1.185 -0.000 -0.020 -0.000 0.000 0.040 0.000 0.000 0.000
2.000 -0.494 1.185 -0.000 -0.018 -0.000 0.000 0.038 0.000 0.000 0.000
2.000 -0.495 1.185 -0.000 -0.016 -0.000 0.000 0.036 0.000 0.000 0.000
2.000 -0.495 1.185 -0.000 -0.015 -0.000 0.000 0.033 0.000 0.000 0.000
2.000 -0.496 1.185 -0.000 -0.013 -0.000 0.000 0.031 0.000 0.000 0.000
2.000 -0.497 1.185 -0.000 -0.012 -0.000 0.000 0.029 0.000 0.000 0.000
2.000 -0.497 1.185 -0.000 -0.010 -0.000 0.000 0.027 0.000 0.000 0.000
2.000 -0.498 1.185 -0.000 -0.009 -0.000 0.000 0.025 0.000 0.000 0.000
2.000 -0.498 1.185 -0.000 -0.008 -0.000 0.000 0.023 0.000 0.000 0.000
2.000 -0.499 1.185 -0.000 -0.007 -0.000 0.000 0.021 0.000 0.000 0.000
2.000 -0.499 1.185 -0.000 -0.006 -0.000 0.000 0.019 0.000 0.000 0.000
2.000 -0.499 1.185 -0.000 -0.005 -0.000 0.000 0.017 0.000 0.000 0.000
2.000 -0.499 1.185 -0.000 -0.004 -0.000 0.000 0.015 0.000 0.000 0.000
2.000 -0.499 1.185 -0.000 -0.003 -0.000 0.000 0.013 0.000 0.000 0.000
2.000 -0.500 1.185 -0.000 -0.003 -0.000 0.000 0.012 0.000 0.000 0.000
2.000 -0.500 1.185 -0.000 -0.002 -0.000 0.000 0.010 0.000 0.000 0.000
2.000 -0.500 1.185 -0.000 -0.002 -0.000 0.000 0.009 0.000 0.000 0.000
2.000 -0.500 1.185 -0.000 -0.001 -0.000 0.000 0.007 0.000 0.000 0.000
2.000 -0.500 1.185 -0.000 -0.001 -0.000 0.000 0.006 0.000 0.000 0.000
2.000 -0.500 1.185 -0.000 -0.001 -0.000 0.000 0.004 0.000 0.000 0.000
2.000 -0.500 1.185 -0.000 -0.000 -0.000 0.000 0.003 0.000 0.000 0.000
2.000 -0.500 1.185 -0.000 -0.000 -0.000 0.000 0.002 0.000 0.000 0.000
2.000 -0.500 1.185 -0.000 -0.000 -0.000 0.000 0.002 0.000 0.000 0.000
2.000 -0.500 1.185 -0.000 -0.000 -0.000 0.000 0.001 0.000 0.000 0.000
2.000 -0.500 1.185 -0.000 -0.000 -0.000 0.000 0.000 -0.000 0.000 0.000
2.000 -0.500 1.185 -0.000 -0.000 -0.000 0.000 0.000 -0.000 0.000 0.000
2.000 -0.500 1.185 0.000 0.000 -0.000 0.000 0.000 -0.000 0.000 0.000
2.000 -0.500 1.185 0.000 -0.000 -0.000 0.001 -0.002 -0.000 0.000 0.000
2.000 -0.500 1.185 0.000 -0.000 -0.000 0.006 -0.007 -0.001 0.000 0.000
2.000 -0.500 1.185 0.001 -0.001 -0.000 0.012 -0.015 -0.001 0.000 0.000
2.000 -0.500 1.185 0.001 -0.002 -0.000 0.020 -0.025 -0.002 0.000 0.000
2.000 -0.500 1.185 0.003 -0.003 -0.000 0.029 -0.037 -0.003 0.000 0.000
2.000 -0.500 1.185 0.004 -0.005 -0.001 0.038 -0.050 -0.005 0.000 0.000
2.001 -0.501 1.185 0.006 -0.008 -0.001 0.049 -0.064 -0.006 0.000 0.000
2.001 -0.501 1.185 0.009 -0.012 -0.001 0.059 -0.079 -0.007 0.000 0.000
2.002 -0.502 1.185 0.012 -0.016 -0.001 0.069 -0.094 -0.008 0.000 0.000
2.002 -0.503 1.185 0.016 -0.021 -0.002 0.078 -0.110 -0.009 0.000 0.000
2.003 -0.504 1.185 0.020 -0.027 -0.002 0.087 -0.124 -0.010 0.000 0.000
2.004 -0.506 1.184 0.025 -0.034 -0.003 0.095 -0.139 -0.011 0.000 0.000
2.006 -0.508 1.184 0.030 -0.041 -0.003 0.101 -0.152 -0.011 0.000 0.000
2.007 -0.510 1.184 0.035 -0.049 -0.004 0.107 -0.165 -0.012 0.000 0.000
2.009 -0.512 1.184 0.040 -0.058 -0.005 0.110 -0.176 -0.012 0.000 0.000
2.011 -0.516 1.184 0.046 -0.067 -0.005 0.113 -0.187 -0.012 0.000 0.000
2.014 -0.519 1.183 0.052 -0.076 -0.006 0.113 -0.196 -0.012 0.000 0.000
2.016 -0.523 1.183 0.057 -0.086 -0.006 0.112 -0.203 -0.011 0.000 0.000
2.019 -0.528 1.183 0.063 -0.096 -0.007 0.110 -0.210 -0.011 0.000 0.000
2.023 -0.533 1.182 0.068 -0.107 -0.007 0.105 -0.214 -0.010 0.000 0.000
2.026 -0.538 1.182 0.073 -0.118 -0.008 0.099 -0.218 -0.009 0.000 0.000
2.030 -0.545 1.182 0.078 -0.129 -0.008 0.091 -0.219 -0.008 0.000 0.000
2.034 -0.551 1.181 0.082 -0.140 -0.009 0.081 -0.220 -0.006 0.000 0.000
2.038 -0.559 1.181 0.086 -0.151 -0.009 0.070 -0.218 -0.005 0.000 0.000
2.043 -0.566 1.180 0.089 -0.162 -0.009 0.057 -0.216 -0.003 0.000 0.000
2.047 -0.575 1.180 0.092 -0.172 -0.009 0.043 -0.212 -0.001 0.000 0.000
2.052 -0.584 1.179 0.094 -0.183 -0.009 0.028 -0.207 0.001 0.000 0.000
2.056 -0.593 1.179 0.095 -0.193 -0.009 0.011 -0.200 0.003 0.000 0.000
2.061 -0.603 1.179 0.095 -0.203 -0.009 -0.007 -0.193 0.005 0.000 0.000
2.066 -0.613 1.178 0.094 -0.212 -0.009 -0.025 -0.184 0.007 0.000 0.000
2.071 -0.624 1.178 0.092 -0.221 -0.008 -0.045 -0.175 0.009 0.000 0.000
2.075 -0.635 1.177 0.089 -0.230 -0.008 -0.065 -0.165 0.011 0.000 0.000
2.079 -0.647 1.177 0.086 -0.238 -0.007 -0.086 -0.154 0.013 0.000 0.000
2.084 -0.659 1.177 0.081 -0.245 -0.006 -0.107 -0.143 0.015 0.000 0.000
2.088 -0.672 1.176 0.075 -0.252 -0.006 -0.129 -0.131 0.017 0.000 0.000
2.091 -0.684 1.176 0.068 -0.258 -0.005 -0.150 -0.120 0.019 0.000 0.000
2.094 -0.697 1.176 0.060 -0.264 -0.004 -0.171 -0.108 0.021 0.000 0.000
2.097 -0.711 1.176 0.051 -0.269 -0.003 -0.192 -0.096 0.022 0.000 0.000
2.099 -0.724 1.176 0.041 -0.274 -0.002 -0.213 -0.084 0.023 0.000 0.000
2.101 -0.738 1.175 0.029 -0.278 -0.000 -0.233 -0.073 0.025 0.000 0.000
2.102 -0.752 1.176 0.017 -0.281 0.001 -0.252 -0.062 0.026 0.000 0.000
2.103 -0.766 1.176 0.004 -0.284 0.002 -0.270 -0.052 0.026 0.000 0.000
2.103 -0.780 1.176 -0.010 -0.286 0.004 -0.287 -0.043 0.027 0.000 0.000
2.102 -0.795 1.176 -0.024 -0.288 0.005 -0.303 -0.034 0.027 0.000 0.000
2.100 -0.809 1.176 -0.040 -0.290 0.006 -0.317 -0.026 0.027 0.000 0.000
2.098 -0.824 1.177 -0.056 -0.291 0.008 -0.330 -0.019 0.027 0.000 0.000
2.095 -0.838 1.177 -0.073 -0.291 0.009 -0.342 -0.014 0.026 0.000 0.000
2.091 -0.853 1.177 -0.090 -0.292 0.010 -0.351 -0.010 0.025 0.000 0.000
2.086 -0.867 1.178 -0.108 -0.292 0.012 -0.359 -0.007 0.024 0.000 0.000
2.080 -0.882 1.179 -0.126 -0.293 0.013 -0.365 -0.005 0.022 0.000 0.000
2.073 -0.897 1.179 -0.144 -0.293 0.014 -0.368 -0.005 0.021 0.000 0.000
2.065 -0.911 1.180 -0.163 -0.293 0.015 -0.370 -0.006 0.018 0.000 0.000
2.057 -0.926 1.181 -0.181 -0.294 0.016 -0.370 -0.008 0.016 0.000 0.000
2.047 -0.941 1.182 -0.200 -0.294 0.016 -0.367 -0.012 0.013 0.000 0.000
2.037 -0.955 1.182 -0.218 -0.295 0.017 -0.363 -0.018 0.010 0.000 0.000
2.025 -0.970 1.183 -0.236 -0.296 0.017 -0.356 -0.024 0.007 0.000 0.000
2.013 -0.985 1.184 -0.254 -0.297 0.018 -0.347 -0.032 0.004 0.000 0.000
2.000 -1.000 1.185 -0.271 -0.299 0.018 -0.336 -0.042 0.000 0.000 0.000
1.986 -1.015 1.186 -0.287 -0.301 0.018 -0.324 -0.052 -0.004 0.000 0.000
1.971 -1.030 1.187 -0.303 -0.304 0.017 -0.309 -0.063 -0.008 0.000 0.000
1.956 -1.045 1.188 -0.318 -0.308 0.017 -0.293 -0.075 -0.012 0.000 0.000
1.939 -1.061 1.188 -0.332 -0.312 0.016 -0.275 -0.087 -0.016 0.000 0.000
1.923 -1.077 1.189 -0.346 -0.317 0.015 -0.256 -0.100 -0.020 0.000 0.000
1.905 -1.093 1.190 -0.358 -0.322 0.014 -0.236 -0.114 -0.024 0.000 0.000
1.887 -1.109 1.191 -0.369 -0.328 0.013 -0.215 -0.127 -0.027 0.000 0.000
1.868 -1.125 1.191 -0.379 -0.335 0.011 -0.193 -0.140 -0.031 0.000 0.000
1.849 -1.142 1.192 -0.388 -0.342 0.010 -0.170 -0.152 -0.034 0.000 0.000
1.829 -1.160 1.192 -0.396 -0.350 0.008 -0.147 -0.164 -0.037 0.000 0.000
1.809 -1.177 1.193 -0.403 -0.358 0.006 -0.124 -0.174 -0.040 0.000 0.000
1.789 -1.195 1.193 -0.409 -0.367 0.004 -0.102 -0.184 -0.042 0.000 0.000
1.768 -1.214 1.193 -0.413 -0.377 0.002 -0.079 -0.192 -0.044 0.000 0.000
1.748 -1.233 1.193 -0.417 -0.386 -0.000 -0.057 -0.199 -0.046 0.000 0.000
1.727 -1.253 1.193 -0.419 -0.396 -0.003 -0.036 -0.203 -0.047 0.000 0.000
1.706 -1.273 1.193 -0.420 -0.407 -0.005 -0.016 -0.206 -0.047 0.000 0.000
1.685 -1.293 1.192 -0.421 -0.417 -0.007 0.003 -0.207 -0.047 0.000 0.000
1.664 -1.314 1.192 -0.420 -0.427 -0.010 0.020 -0.205 -0.046 0.000 0.000
1.643 -1.336 1.191 -0.419 -0.437 -0.012 0.036 -0.201 -0.044 0.000 0.000
1.622 -1.358 1.191 -0.417 -0.447 -0.014 0.050 -0.194 -0.042 0.000 0.000
1.601 -1.381 1.190 -0.414 -0.457 -0.016 0.063 -0.184 -0.040 0.000 0.000
1.580 -1.404 1.189 -0.410 -0.466 -0.018 0.073 -0.172 -0.036 0.000 0.000
1.560 -1.427 1.188 -0.406 -0.474 -0.020 0.081 -0.157 -0.032 0.000 0.000
1.540 -1.451 1.187 -0.402 -0.481 -0.021 0.087 -0.139 -0.027 0.000 0.000
1.520 -1.475 1.186 -0.398 -0.488 -0.023 0.091 -0.119 -0.022 0.000 0.000
1.500 -1.500 1.185 -0.393 -0.493 -0.023 0.093 -0.096 -0.016 0.000 0.000
1.480 -1.525 1.184 -0.389 -0.497 -0.024 0.092 -0.070 -0.010 0.000 0.000
1.461 -1.550 1.183 -0.384 -0.500 -0.024 0.089 -0.042 -0.003 0.000 0.000
1.442 -1.575 1.181 -0.380 -0.502 -0.024 0.085 -0.013 0.004 0.000 0.000
1.423 -1.600 1.180 -0.376 -0.501 -0.024 0.078 0.019 0.011 0.000 0.000
1.405 -1.625 1.179 -0.372 -0.500 -0.023 0.069 0.052 0.019 0.000 0.000
1.386 -1.650 1.178 -0.369 -0.496 -0.022 0.059 0.086 0.026 0.000 0.000
1.368 -1.674 1.177 -0.366 -0.491 -0.021 0.047 0.121 0.033 0.000 0.000
1.349 -1.699 1.176 -0.364 -0.484 -0.019 0.034 0.156 0.041 0.000 0.000
1.331 -1.723 1.175 -0.363 -0.475 -0.017 0.020 0.191 0.048 0.000 0.000
1.313 -1.746 1.174 -0.362 -0.465 -0.014 0.005 0.226 0.054 0.000 0.000
1.295 -1.769 1.173 -0.362 -0.453 -0.011 -0.011 0.260 0.060 0.000 0.000
1.277 -1.792 1.173 -0.363 -0.439 -0.008 -0.026 0.293 0.065 0.000 0.000
1.259 -1.813 1.173 -0.365 -0.424 -0.005 -0.043 0.325 0.070 0.000 0.000
1.240 -1.834 1.173 -0.367 -0.407 -0.001 -0.058 0.355 0.074 0.000 0.000
1.222 -1.854 1.173 -0.371 -0.388 0.003 -0.074 0.382 0.077 0.000 0.000
1.203 -1.873 1.173 -0.375 -0.368 0.007 -0.089 0.407 0.078 0.000 0.000
1.184 -1.891 1.173 -0.379 -0.348 0.010 -0.103 0.428 0.079 0.000 0.000
1.165 -1.907 1.174 -0.385 -0.326 0.014 -0.116 0.447 0.078 0.000 0.000
1.146 -1.923 1.175 -0.391 -0.303 0.018 -0.128 0.462 0.076 0.000 0.000
1.126 -1.938 1.176 -0.398 -0.279 0.022 -0.139 0.473 0.073 0.000 0.000
1.106 -1.951 1.177 -0.405 -0.256 0.026 -0.148 0.481 0.069 0.000 0.000
1.086 -1.963 1.178 -0.413 -0.231 0.029 -0.155 0.484 0.063 0.000 0.000
1.065 -1.974 1.180 -0.420 -0.207 0.032 -0.161 0.483 0.055 0.000 0.000
1.044 -1.984 1.181 -0.429 -0.183 0.034 -0.164 0.478 0.046 0.000 0.000
1.022 -1.993 1.183 -0.437 -0.160 0.036 -0.166 0.469 0.036 0.000 0.000
1.000 -2.000 1.185 -0.445 -0.136 0.038 -0.165 0.456 0.025 0.000 0.000
0.978 -2.006 1.187 -0.453 -0.114 0.039 -0.163 0.438 0.012 0.000 0.000
0.955 -2.011 1.189 -0.461 -0.093 0.039 -0.159 0.418 -0.001 0.000 0.000
0.931 -2.016 1.191 -0.469 -0.072 0.039 -0.153 0.393 -0.016 0.000 0.000
0.908 -2.019 1.193 -0.477 -0.053 0.038 -0.145 0.366 -0.031 0.000 0.000
0.884 -2.021 1.195 -0.484 -0.036 0.036 -0.136 0.336 -0.048 0.000 0.000
0.859 -2.022 1.196 -0.490 -0.020 0.033 -0.126 0.305 -0.064 0.000 0.000
0.835 -2.023 1.198 -0.496 -0.005 0.029 -0.114 0.271 -0.081 0.000 0.000
0.810 -2.023 1.199 -0.502 0.007 0.025 -0.102 0.236 -0.099 0.000 0.000
0.785 -2.022 1.200 -0.506 0.018 0.019 -0.088 0.201 -0.116 0.000 0.000
0.759 -2.021 1.201 -0.511 0.027 0.013 -0.075 0.165 -0.132 0.000 0.000
0.734 -2.019 1.202 -0.514 0.035 0.006 -0.061 0.130 -0.149 0.000 0.000
0.708 -2.018 1.202 -0.517 0.040 -0.002 -0.047 0.096 -0.165 0.000 0.000
0.682 -2.015 1.201 -0.519 0.044 -0.010 -0.034 0.063 -0.180 0.000 0.000
0.656 -2.013 1.201 -0.520 0.047 -0.020 -0.021 0.032 -0.194 0.000 0.000
0.630 -2.011 1.199 -0.521 0.048 -0.030 -0.008 0.004 -0.206 0.000 0.000
0.604 -2.008 1.198 -0.521 0.047 -0.040 0.003 -0.022 -0.218 0.000 0.000
0.578 -2.006 1.195 -0.520 0.045 -0.051 0.014 -0.045 -0.228 0.000 0.000
0.552 -2.004 1.193 -0.519 0.043 -0.063 0.023 -0.065 -0.236 0.000 0.000
0.526 -2.002 1.189 -0.518 0.039 -0.075 0.031 -0.081 -0.243 0.000 0.000
0.500 -2.000 1.185 -0.516 0.035 -0.087 0.037 -0.093 -0.248 0.000 0.000
0.474 -1.998 1.180 -0.514 0.030 -0.100 0.042 -0.102 -0.252 0.000 0.000
0.449 -1.997 1.175 -0.512 0.025 -0.113 0.045 -0.107 -0.253 0.000 0.000
0.423 -1.996 1.169 -0.510 0.019 -0.125 0.047 -0.108 -0.253 0.000 0.000
0.398 -1.995 1.162 -0.508 0.014 -0.138 0.047 -0.106 -0.251 0.000 0.000
0.372 -1.995 1.155 -0.505 0.009 -0.150 0.046 -0.101 -0.248 0.000 0.000
0.347 -1.994 1.147 -0.503 0.004 -0.163 0.044 -0.094 -0.243 0.000 0.000
0.322 -1.994 1.139 -0.501 -0.001 -0.174 0.041 -0.084 -0.236 0.000 0.000
0.297 -1.994 1.130 -0.499 -0.005 -0.186 0.036 -0.072 -0.228 0.000 0.000
0.272 -1.995 1.120 -0.497 -0.008 -0.197 0.031 -0.058 -0.219 0.000 0.000
0.247 -1.995 1.110 -0.496 -0.010 -0.208 0.026 -0.044 -0.210 0.000 0.000
0.222 -1.996 1.100 -0.495 -0.012 -0.218 0.020 -0.029 -0.199 0.000 0.000
0.198 -1.996 1.088 -0.494 -0.013 -0.228 0.013 -0.014 -0.187 0.000 0.000
0.173 -1.997 1.077 -0.493 -0.014 -0.237 0.007 0.001 -0.175 0.000 0.000
0.148 -1.998 1.065 -0.493 -0.013 -0.245 0.001 0.014 -0.163 0.000 0.000
0.124 -1.998 1.052 -0.493 -0.012 -0.253 -0.005 0.027 -0.150 0.000 0.000
0.099 -1.999 1.039 -0.494 -0.011 -0.260 -0.010 0.038 -0.137 0.000 0.000
0.074 -1.999 1.026 -0.494 -0.008 -0.267 -0.015 0.047 -0.125 0.000 0.000
0.050 -2.000 1.013 -0.495 -0.006 -0.273 -0.019 0.053 -0.112 0.000 0.000
0.025 -2.000 0.999 -0.496 -0.003 -0.278 -0.022 0.057 -0.100 0.000 0.000
0.000 -2.000 0.985 -0.497 -0.000 -0.283 -0.024 0.059 -0.089 0.000 0.000
-0.025 -2.000 0.971 -0.499 0.003 -0.287 -0.025 0.058 -0.078 0.000 0.000
-0.050 -2.000 0.956 -0.500 0.005 -0.291 -0.025 0.054 -0.067 0.000 0.000
-0.075 -1.999 0.942 -0.501 0.008 -0.294 -0.024 0.048 -0.057 0.000 0.000
-0.100 -1.999 0.927 -0.502 0.010 -0.296 -0.022 0.039 -0.048 0.000 0.000
-0.125 -1.998 0.912 -0.503 0.012 -0.299 -0.019 0.029 -0.040 0.000 0.000
-0.150 -1.998 0.897 -0.504 0.013 -0.300 -0.015 0.017 -0.032 0.000 0.000
-0.175 -1.997 0.882 -0.505 0.014 -0.302 -0.010 0.003 -0.025 0.000 0.000
-0.201 -1.996 0.867 -0.505 0.013 -0.303 -0.005 -0.012 -0.019 0.000 0.000
-0.226 -1.996 0.852 -0.505 0.012 -0.304 0.001 -0.027 -0.013 0.000 0.000
-0.251 -1.995 0.837 -0.505 0.011 -0.304 0.008 -0.042 -0.008 0.000 0.000
-0.276 -1.995 0.821 -0.504 0.008 -0.305 0.014 -0.057 -0.003 0.000 0.000
-0.302 -1.994 0.806 -0.503 0.005 -0.305 0.021 -0.071 0.001 0.000 0.000
-0.327 -1.994 0.791 -0.502 0.001 -0.304 0.027 -0.083 0.004 0.000 0.000
-0.352 -1.994 0.776 -0.501 -0.003 -0.304 0.034 -0.094 0.008 0.000 0.000
-0.377 -1.995 0.760 -0.499 -0.008 -0.304 0.040 -0.103 0.011 0.000 0.000
-0.402 -1.995 0.745 -0.497 -0.013 -0.303 0.046 -0.109 0.013 0.000 0.000
-0.426 -1.996 0.730 -0.494 -0.019 -0.302 0.051 -0.112 0.016 0.000 0.000
-0.451 -1.997 0.715 -0.492 -0.025 -0.301 0.055 -0.112 0.019 0.000 0.000
-0.476 -1.998 0.700 -0.489 -0.030 -0.300 0.059 -0.109 0.021 0.000 0.000
-0.500 -2.000 0.685 -0.486 -0.035 -0.299 0.062 -0.102 0.024 0.000 0.000
-0.524 -2.002 0.670 -0.483 -0.040 -0.298 0.064 -0.092 0.026 0.000 0.000
-0.548 -2.004 0.655 -0.479 -0.045 -0.297 0.065 -0.078 0.029 0.000 0.000
-0.572 -2.006 0.640 -0.476 -0.048 -0.295 0.066 -0.060 0.032 0.000 0.000
-0.596 -2.009 0.626 -0.473 -0.051 -0.294 0.065 -0.040 0.035 0.000 0.000
-0.619 -2.011 0.611 -0.470 -0.052 -0.292 0.064 -0.016 0.038 0.000 0.000
-0.643 -2.014 0.596 -0.466 -0.052 -0.290 0.063 0.010 0.041 0.000 0.000
-0.666 -2.017 0.582 -0.463 -0.051 -0.288 0.061 0.039 0.045 0.000 0.000
-0.689 -2.019 0.568 -0.460 -0.048 -0.285 0.058 0.069 0.049 0.000 0.000
-0.712 -2.021 0.554 -0.457 -0.044 -0.283 0.055 0.101 0.053 0.000 0.000
-0.735 -2.023 0.539 -0.455 -0.038 -0.280 0.052 0.134 0.057 0.000 0.000
-0.758 -2.025 0.526 -0.452 -0.031 -0.277 0.049 0.167 0.061 0.000 0.000
-0.780 -2.026 0.512 -0.450 -0.021 -0.274 0.046 0.201 0.066 0.000 0.000
-0.803 -2.027 0.498 -0.448 -0.011 -0.271 0.043 0.233 0.070 0.000 0.000
-0.825 -2.028 0.485 -0.446 0.002 -0.267 0.041 0.265 0.075 0.000 0.000
-0.847 -2.027 0.471 -0.444 0.016 -0.263 0.039 0.295 0.080 0.000 0.000
-0.869 -2.026 0.458 -0.442 0.031 -0.259 0.038 0.323 0.085 0.000 0.000
-0.891 -2.024 0.446 -0.440 0.048 -0.255 0.037 0.348 0.090 0.000 0.000
-0.913 -2.021 0.433 -0.438 0.066 -0.250 0.038 0.370 0.095 0.000 0.000
-0.935 -2.017 0.421 -0.436 0.085 -0.245 0.039 0.389 0.100 0.000 0.000
-0.957 -2.013 0.408 -0.434 0.105 -0.240 0.042 0.404 0.104 0.000 0.000
-0.978 -2.007 0.397 -0.432 0.125 -0.235 0.046 0.415 0.109 0.000 0.000
-1.000 -2.000 0.385 -0.429 0.146 -0.229 0.050 0.422 0.114 0.000 0.000
-1.021 -1.992 0.374 -0.427 0.168 -0.223 0.057 0.424 0.118 0.000 0.000
-1.043 -1.983 0.363 -0.424 0.189 -0.217 0.064 0.421 0.122 0.000 0.000
-1.064 -1.973 0.352 -0.420 0.210 -0.211 0.072 0.414 0.126 0.000 0.000
-1.085 -1.962 0.342 -0.416 0.230 -0.205 0.081 0.403 0.130 0.000 0.000
-1.105 -1.950 0.332 -0.412 0.250 -0.198 0.092 0.387 0.133 0.000 0.000
-1.126 -1.937 0.322 -0.407 0.269 -0.191 0.103 0.367 0.136 0.000 0.000
-1.146 -1.923 0.312 -0.402 0.286 -0.184 0.116 0.342 0.139 0.000 0.000
-1.166 -1.909 0.303 -0.396 0.303 -0.177 0.129 0.314 0.141 0.000 0.000
-1.186 -1.893 0.295 -0.389 0.318 -0.170 0.142 0.283 0.143 0.000 0.000
-1.205 -1.877 0.286 -0.381 0.331 -0.163 0.156 0.248 0.145 0.000 0.000
-1.224 -1.860 0.278 -0.373 0.343 -0.156 0.170 0.211 0.146 0.000 0.000
-1.242 -1.843 0.271 -0.364 0.352 -0.149 0.185 0.172 0.147 0.000 0.000
-1.260 -1.825 0.263 -0.355 0.360 -0.141 0.199 0.130 0.147 0.000 0.000
-1.278 -1.807 0.257 -0.345 0.365 -0.134 0.213 0.088 0.147 0.000 0.000
-1.295 -1.788 0.250 -0.334 0.368 -0.127 0.227 0.044 0.147 0.000 0.000
-1.311 -1.770 0.244 -0.322 0.370 -0.119 0.240 0.000 0.146 0.000 0.000
-1.327 -1.752 0.238 -0.310 0.369 -0.112 0.252 -0.043 0.144 0.000 0.000
-1.342 -1.733 0.233 -0.297 0.365 -0.105 0.264 -0.086 0.142 0.000 0.000
-1.357 -1.715 0.228 -0.283 0.360 -0.098 0.274 -0.128 0.140 0.000 0.000
-1.370 -1.697 0.223 -0.269 0.352 -0.091 0.283 -0.169 0.137 0.000 0.000
-1.383 -1.680 0.219 -0.255 0.343 -0.084 0.291 -0.207 0.134 0.000 0.000
-1.396 -1.663 0.215 -0.240 0.332 -0.077 0.298 -0.243 0.131 0.000 0.000
-1.407 -1.647 0.211 -0.225 0.319 -0.071 0.302 -0.276 0.127 0.000 0.000
-1.418 -1.631 0.207 -0.210 0.304 -0.065 0.305 -0.305 0.123 0.000 0.000
-1.428 -1.616 0.204 -0.195 0.288 -0.059 0.306 -0.331 0.118 0.000 0.000
-1.438 -1.602 0.202 -0.179 0.271 -0.053 0.306 -0.353 0.113 0.000 0.000
-1.446 -1.589 0.199 -0.164 0.253 -0.047 0.303 -0.371 0.108 0.000 0.000
-1.454 -1.577 0.197 -0.149 0.234 -0.042 0.298 -0.384 0.102 0.000 0.000
-1.461 -1.566 0.195 -0.134 0.215 -0.037 0.291 -0.393 0.096 0.000 0.000
-1.468 -1.556 0.193 -0.120 0.195 -0.033 0.283 -0.396 0.090 0.000 0.000
-1.473 -1.546 0.192 -0.106 0.175 -0.028 0.272 -0.395 0.084 0.000 0.000
-1.478 -1.538 0.190 -0.093 0.156 -0.024 0.259 -0.389 0.077 0.000 0.000
-1.483 -1.531 0.189 -0.080 0.136 -0.020 0.245 -0.379 0.071 0.000 0.000
-1.486 -1.524 0.188 -0.068 0.118 -0.017 0.229 -0.364 0.064 0.000 0.000
-1.489 -1.519 0.187 -0.057 0.100 -0.014 0.212 -0.344 0.057 0.000 0.000
-1.492 -1.514 0.187 -0.047 0.083 -0.011 0.193 -0.321 0.051 0.000 0.000
-1.494 -1.511 0.186 -0.038 0.068 -0.009 0.173 -0.294 0.044 0.000 0.000
-1.496 -1.508 0.186 -0.030 0.054 -0.007 0.153 -0.264 0.038 0.000 0.000
-1.497 -1.505 0.186 -0.023 0.042 -0.005 0.132 -0.232 0.032 0.000 0.000
-1.498 -1.503 0.185 -0.017 0.031 -0.004 0.111 -0.198 0.026 0.000 0.000
-1.499 -1.502 0.185 -0.012 0.022 -0.003 0.090 -0.164 0.021 0.000 0.000
-1.499 -1.501 0.185 -0.008 0.014 -0.002 0.070 -0.130 0.016 0.000 0.000
-1.500 -1.501 0.185 -0.005 0.009 -0.001 0.052 -0.097 0.011 0.000 0.000
-1.500 -1.500 0.185 -0.002 0.005 -0.001 0.035 -0.066 0.008 0.000 0.000
-1.500 -1.500 0.185 -0.001 0.002 -0.000 0.021 -0.040 0.004 0.000 0.000
-1.500 -1.500 0.185 -0.000 0.001 -0.000 0.010 -0.019 0.002 0.000 0.000
-1.500 -1.500 0.185 -0.000 0.000 -0.000 0.003 -0.005 0.001 0.000 0.000
-1.500 -1.500 0.185 0.000 -0.000 -0.000 -0.000 -0.000 -0.000 0.000 0.000
-1.500 -1.500 0.185 -0.000 -0.000 -0.000 -0.000 -0.000 -0.000 0.000 0.000
-1.500 -1.500 0.185 -0.000 -0.000 -0.000 -0.000 -0.000 -0.000 0.000 0.000
-1.500 -1.500 0.185 -0.000 -0.000 -0.000 -0.000 -0.000 -0.001 0.000 0.000
-1.500 -1.500 0.185 -0.000 -0.000 -0.000 -0.000 -0.000 -0.002 0.000 0.000
-1.500 -1.500 0.185 -0.000 -0.000 -0.000 -0.000 -0.000 -0.003 0.000 0.000
-1.500 -1.500 0.185 -0.000 -0.000 -0.000 -0.000 -0.000 -0.004 0.000 0.000
-1.500 -1.500 0.185 -0.000 -0.000 -0.001 -0.000 -0.000 -0.005 0.000 0.000
-1.500 -1.500 0.185 -0.000 -0.000 -0.001 -0.000 -0.000 -0.006 0.000 0.000
-1.500 -1.500 0.185 -0.000 -0.000 -0.001 -0.000 -0.000 -0.008 0.000 0.000
-1.500 -1.500 0.185 -0.000 -0.000 -0.002 -0.000 -0.000 -0.009 0.000 0.000
-1.500 -1.500 0.185 -0.000 -0.000 -0.002 -0.000 -0.000 -0.011 0.000 0.000
-1.500 -1.500 0.185 -0.000 -0.000 -0.003 -0.000 -0.000 -0.012 0.000 0.000
-1.500 -1.500 0.184 -0.000 -0.000 -0.003 -0.000 -0.000 -0.014 0.000 0.000
-1.500 -1.500 0.184 -0.000 -0.000 -0.004 -0.000 -0.000 -0.016 0.000 0.000
-1.500 -1.500 0.184 -0.000 -0.000 -0.005 -0.000 -0.000 -0.018 0.000 0.000
-1.500 -1.500 0.184 -0.000 -0.000 -0.006 -0.000 -0.000 -0.020 0.000 0.000
-1.500 -1.500 0.183 -0.000 -0.000 -0.007 -0.000 -0.000 -0.022 0.000 0.000
-1.500 -1.500 0.183 -0.000 -0.000 -0.008 -0.000 -0.000 -0.024 0.000 0.000
-1.500 -1.500 0.183 -0.000 -0.000 -0.009 -0.000 -0.000 -0.026 0.000 0.000
-1.500 -1.500 0.182 -0.000 -0.000 -0.011 -0.000 -0.000 -0.028 0.000 0.000
-1.500 -1.500 0.182 -0.000 -0.000 -0.012 -0.000 -0.000 -0.030 0.000 0.000
-1.500 -1.500 0.181 -0.000 -0.000 -0.014 -0.000 -0.000 -0.032 0.000 0.000
-1.500 -1.500 0.180 -0.000 -0.000 -0.015 -0.000 -0.000 -0.034 0.000 0.000
-1.500 -1.500 0.179 -0.000 -0.000 -0.017 -0.000 -0.000 -0.036 0.000 0.000
-1.500 -1.500 0.178 -0.000 -0.000 -0.019 -0.000 -0.000 -0.038 0.000 0.000
-1.500 -1.500 0.177 -0.000 -0.000 -0.021 -0.000 -0.000 -0.040 0.000 0.000
-1.500 -1.500 0.176 -0.000 -0.000 -0.023 -0.000 -0.000 -0.042 0.000 0.000
-1.500 -1.500 0.175 -0.000 -0.000 -0.025 -0.000 -0.000 -0.044 0.000 0.000
-1.500 -1.500 0.174 -0.000 -0.000 -0.027 -0.000 -0.000 -0.046 0.000 0.000
-1.500 -1.500 0.172 -0.000 -0.000 -0.030 -0.000 -0.000 -0.047 0.000 0.000
-1.500 -1.500 0.171 -0.000 -0.000 -0.032 -0.000 -0.000 -0.049 0.000 0.000
-1.500 -1.500 0.169 -0.000 -0.000 -0.035 -0.000 -0.000 -0.051 0.000 0.000
-1.500 -1.500 0.167 -0.000 -0.000 -0.037 -0.000 -0.000 -0.052 0.000 0.000
-1.500 -1.500 0.166 -0.000 -0.000 -0.040 -0.000 -0.000 -0.054 0.000 0.000
-1.500 -1.500 0.163 -0.000 -0.000 -0.042 -0.000 -0.000 -0.055 0.000 0.000
-1.500 -1.500 0.161 -0.000 -0.000 -0.045 -0.000 -0.000 -0.056 0.000 0.000
-1.500 -1.500 0.159 -0.000 -0.000 -0.048 -0.000 -0.000 -0.058 0.000 0.000
-1.500 -1.500 0.156 -0.000 -0.000 -0.051 -0.000 -0.000 -0.059 0.000 0.000
-1.500 -1.500 0.154 -0.000 -0.000 -0.054 -0.000 -0.000 -0.060 0.000 0.000
-1.500 -1.500 0.151 -0.000 -0.000 -0.057 -0.000 -0.000 -0.061 0.000 0.000
-1.500 -1.500 0.148 -0.000 -0.000 -0.060 -0.000 -0.000 -0.062 0.000 0.000
-1.500 -1.500 0.145 -0.000 -0.000 -0.063 -0.000 -0.000 -0.062 0.000 0.000
-1.500 -1.500 0.142 -0.000 -0.000 -0.066 -0.000 -0.000 -0.063 0.000 0.000
-1.500 -1.500 0.138 -0.000 -0.000 -0.069 -0.000 -0.000 -0.064 0.000 0.000
-1.500 -1.500 0.135 -0.000 -0.000 -0.073 -0.000 -0.000 -0.064 0.000 0.000
-1.500 -1.500 0.131 -0.000 -0.000 -0.076 -0.000 -0.000 -0.064 0.000 0.000
-1.500 -1.500 0.127 -0.000 -0.000 -0.079 -0.000 -0.000 -0.065 0.000 0.000
-1.500 -1.500 0.123 -0.000 -0.000 -0.082 -0.000 -0.000 -0.065 0.000 0.000
-1.500 -1.500 0.119 -0.000 -0.000 -0.086 -0.000 -0.000 -0.065 0.000 0.000
-1.500 -1.500 0.115 -0.000 -0.000 -0.089 -0.000 -0.000 -0.065 0.000 0.000
-1.500 -1.500 0.110 -0.000 -0.000 -0.092 -0.000 -0.000 -0.065 0.000 0.000
-1.500 -1.500 0.105 -0.000 -0.000 -0.095 -0.000 -0.000 -0.065 0.000 0.000
-1.500 -1.500 0.101 -0.000 -0.000 -0.099 -0.000 -0.000 -0.064 0.000 0.000
-1.500 -1.500 0.096 -0.000 -0.000 -0.102 -0.000 -0.000 -0.064 0.000 0.000
-1.500 -1.500 0.090 -0.000 -0.000 -0.105 -0.000 -0.000 -0.063 0.000 0.000
-1.500 -1.500 0.085 -0.000 -0.000 -0.108 -0.000 -0.000 -0.063 0.000 0.000
-1.500 -1.500 0.080 -0.000 -0.000 -0.111 -0.000 -0.000 -0.062 0.000 0.000
-1.500 -1.500 0.074 -0.000 -0.000 -0.114 -0.000 -0.000 -0.061 0.000 0.000
-1.500 -1.500 0.068 -0.000 -0.000 -0.117 -0.000 -0.000 -0.060 0.000 0.000
-1.500 -1.500 0.062 -0.000 -0.000 -0.120 -0.000 -0.000 -0.059 0.000 0.000
-1.500 -1.500 0.056 -0.000 -0.000 -0.123 -0.000 -0.000 -0.058 0.000 0.000
-1.500 -1.500 0.050 -0.000 -0.000 -0.126 -0.000 -0.000 -0.057 0.000 0.000
-1.500 -1.500 0.044 -0.000 -0.000 -0.129 -0.000 -0.000 -0.055 0.000 0.000
-1.500 -1.500 0.037 -0.000 -0.000 -0.132 -0.000 -0.000 -0.054 0.000 0.000
-1.500 -1.500 0.030 -0.000 -0.000 -0.134 -0.000 -0.000 -0.053 0.000 0.000
-1.500 -1.500 0.024 -0.000 -0.000 -0.137 -0.000 -0.000 -0.051 0.000 0.000
-1.500 -1.500 0.017 -0.000 -0.000 -0.139 -0.000 -0.000 -0.049 0.000 0.000
-1.500 -1.500 0.010 -0.000 -0.000 -0.142 -0.000 -0.000 -0.048 0.000 0.000
-1.500 -1.500 0.003 -0.000 -0.000 -0.144 0.000 0.000 -0.046 0.000 0.000
-1.500 -1.500 -0.005 -0.000 -0.000 -0.146 0.000 0.000 -0.044 0.000 0.000
-1.500 -1.500 -0.012 -0.000 -0.000 -0.149 0.000 0.000 -0.042 0.000 0.000
-1.500 -1.500 -0.019 -0.000 -0.000 -0.151 0.000 0.000 -0.040 0.000 0.000
-1.500 -1.500 -0.027 -0.000 -0.000 -0.153 0.000 0.000 -0.038 0.000 0.000
-1.500 -1.500 -0.035 -0.000 -0.000 -0.154 0.000 0.000 -0.036 0.000 0.000
-1.500 -1.500 -0.043 -0.000 -0.000 -0.156 0.000 0.000 -0.034 0.000 0.000
-1.500 -1.500 -0.050 -0.000 -0.000 -0.158 0.000 0.000 -0.032 0.000 0.000
-1.500 -1.500 -0.058 -0.000 -0.000 -0.159 0.000 0.000 -0.030 0.000 0.000
-1.500 -1.500 -0.066 -0.000 -0.000 -0.161 0.000 0.000 -0.027 0.000 0.000
-1.500 -1.500 -0.074 -0.000 -0.000 -0.162 0.000 0.000 -0.025 0.000 0.000
-1.500 -1.500 -0.083 -0.000 -0.000 -0.163 0.000 0.000 -0.022 0.000 0.000
-1.500 -1.500 -0.091 -0.000 -0.000 -0.164 0.000 0.000 -0.020 0.000 0.000
-1.500 -1.500 -0.099 -0.000 -0.000 -0.165 0.000 0.000 -0.018 0.000 0.000
-1.500 -1.500 -0.107 -0.000 -0.000 -0.166 0.000 0.000 -0.015 0.000 0.000
-1.500 -1.500 -0.116 -0.000 -0.000 -0.167 0.000 0.000 -0.013 0.000 0.000
-1.500 -1.500 -0.124 -0.000 -0.000 -0.167 0.000 0.000 -0.010 0.000 0.000
-1.500 -1.500 -0.132 -0.000 -0.000 -0.168 0.000 0.000 -0.008 0.000 0.000
-1.500 -1.500 -0.141 -0.000 -0.000 -0.168 0.000 0.000 -0.005 0.000 0.000
-1.500 -1.500 -0.149 -0.000 -0.000 -0.168 0.000 0.000 -0.003 0.000 0.000
-1.500 -1.500 -0.157 -0.000 -0.000 -0.168 0.000 0.000 -0.000 0.000 0.000
-1.500 -1.500 -0.166 -0.000 -0.000 -0.168 0.000 0.000 0.003 0.000 0.000
-1.500 -1.500 -0.174 -0.000 -0.000 -0.168 0.000 0.000 0.005 0.000 0.000
-1.500 -1.500 -0.183 -0.000 -0.000 -0.168 0.000 0.000 0.008 0.000 0.000
-1.500 -1.500 -0.191 -0.000 -0.000 -0.167 0.000 0.000 0.010 0.000 0.000
-1.500 -1.500 -0.199 -0.000 -0.000 -0.167 0.000 0.000 0.013 0.000 0.000
-1.500 -1.500 -0.208 -0.000 -0.000 -0.166 0.000 0.000 0.015 0.000 0.000
-1.500 -1.500 -0.216 -0.000 -0.000 -0.165 0.000 0.000 0.018 0.000 0.000
-1.500 -1.500 -0.224 -0.000 -0.000 -0.164 0.000 0.000 0.020 0.000 0.000
-1.500 -1.500 -0.232 -0.000 -0.000 -0.163 0.000 0.000 0.022 0.000 0.000
-1.500 -1.500 -0.241 -0.000 -0.000 -0.162 0.000 0.000 0.025 0.000 0.000
-1.500 -1.500 -0.249 -0.000 -0.000 -0.161 0.000 0.000 0.027 0.000 0.000
-1.500 -1.500 -0.257 -0.000 -0.000 -0.159 0.000 0.000 0.030 0.000 0.000
-1.500 -1.500 -0.265 -0.000 -0.000 -0.158 0.000 0.000 0.032 0.000 0.000
-1.500 -1.500 -0.272 -0.000 -0.000 -0.156 0.000 0.000 0.034 0.000 0.000
-1.500 -1.500 -0.280 -0.000 -0.000 -0.154 0.000 0.000 0.036 0.000 0.000
-1.500 -1.500 -0.288 -0.000 -0.000 -0.153 0.000 0.000 0.038 0.000 0.000
-1.500 -1.500 -0.296 -0.000 -0.000 -0.151 0.000 0.000 0.040 0.000 0.000
-1.500 -1.500 -0.303 0.000 0.000 -0.149 0.000 0.000 0.042 0.000 0.000
-1.500 -1.500 -0.310 0.000 0.000 -0.146 0.000 0.000 0.044 0.000 0.000
-1.500 -1.500 -0.318 0.000 0.000 -0.144 0.000 0.000 0.046 0.000 0.000
-1.500 -1.500 -0.325 0.000 0.000 -0.142 0.000 0.000 0.048 0.000 0.000
-1.500 -1.500 -0.332 0.000 0.000 -0.139 0.000 0.000 0.049 0.000 0.000
-1.500 -1.500 -0.339 0.000 0.000 -0.137 0.000 0.000 0.051 0.000 0.000
-1.500 -1.500 -0.345 0.000 0.000 -0.134 0.000 0.000 0.053 0.000 0.000
-1.500 -1.500 -0.352 0.000 0.000 -0.132 0.000 0.000 0.054 0.000 0.000
-1.500 -1.500 -0.359 0.000 0.000 -0.129 0.000 0.000 0.055 0.000 0.000
-1.500 -1.500 -0.365 0.000 0.000 -0.126 0.000 0.000 0.057 0.000 0.000
-1.500 -1.500 -0.371 0.000 0.000 -0.123 0.000 0.000 0.058 0.000 0.000
-1.500 -1.500 -0.377 0.000 0.000 -0.120 0.000 0.000 0.059 0.000 0.000
-1.500 -1.500 -0.383 0.000 0.000 -0.117 0.000 0.000 0.060 0.000 0.000
-1.500 -1.500 -0.389 0.000 0.000 -0.114 0.000 0.000 0.061 0.000 0.000
-1.500 -1.500 -0.395 0.000 0.000 -0.111 0.000 0.000 0.062 0.000 0.000
-1.500 -1.500 -0.400 0.000 0.000 -0.108 0.000 0.000 0.063 0.000 0.000
-1.500 -1.500 -0.405 0.000 0.000 -0.105 0.000 0.000 0.063 0.000 0.000
-1.500 -1.500 -0.411 0.000 0.000 -0.102 0.000 0.000 0.064 0.000 0.000
-1.500 -1.500 -0.416 0.000 0.000 -0.099 0.000 0.000 0.064 0.000 0.000
-1.500 -1.500 -0.420 0.000 0.000 -0.095 0.000 0.000 0.065 0.000 0.000
-1.500 -1.500 -0.425 0.000 0.000 -0.092 0.000 0.000 0.065 0.000 0.000
-1.500 -1.500 -0.430 0.000 0.000 -0.089 0.000 0.000 0.065 0.000 0.000
-1.500 -1.500 -0.434 0.000 0.000 -0.086 0.000 0.000 0.065 0.000 0.000
-1.500 -1.500 -0.438 0.000 0.000 -0.082 0.000 0.000 0.065 0.000 0.000
-1.500 -1.500 -0.442 0.000 0.000 -0.079 0.000 0.000 0.065 0.000 0.000
-1.500 -1.500 -0.446 0.000 0.000 -0.076 0.000 0.000 0.064 0.000 0.000
-1.500 -1.500 -0.450 0.000 0.000 -0.073 0.000 0.000 0.064 0.000 0.000
-1.500 -1.500 -0.453 0.000 0.000 -0.069 0.000 0.000 0.064 0.000 0.000
-1.500 -1.500 -0.457 0.000 0.000 -0.066 0.000 0.000 0.063 0.000 0.000
-1.500 -1.500 -0.460 0.000 0.000 -0.063 0.000 0.000 0.062 0.000 0.000
-1.500 -1.500 -0.463 0.000 0.000 -0.060 0.000 0.000 0.062 0.000 0.000
-1.500 -1.500 -0.466 0.000 0.000 -0.057 0.000 0.000 0.061 0.000 0.000
-1.500 -1.500 -0.469 0.000 0.000 -0.054 0.000 0.000 0.060 0.000 0.000
-1.500 -1.500 -0.471 0.000 0.000 -0.051 0.000 0.000 0.059 0.000 0.000
-1.500 -1.500 -0.474 0.000 0.000 -0.048 0.000 0.000 0.058 0.000 0.000
-1.500 -1.500 -0.476 0.000 0.000 -0.045 0.000 0.000 0.056 0.000 0.000
-1.500 -1.500 -0.478 0.000 0.000 -0.042 0.000 0.000 0.055 0.000 0.000
-1.500 -1.500 -0.481 0.000 0.000 -0.040 0.000 0.000 0.054 0.000 0.000
-1.500 -1.500 -0.482 0.000 0.000 -0.037 -0.000 -0.000 0.052 0.000 0.000
-1.500 -1.500 -0.484 0.000 0.000 -0.035 -0.000 -0.000 0.051 0.000 0.000
-1.500 -1.500 -0.486 0.000 0.000 -0.032 -0.000 -0.000 0.049 0.000 0.000
-1.500 -1.500 -0.487 0.000 0.000 -0.030 -0.000 -0.000 0.047 0.000 0.000
-1.500 -1.500 -0.489 0.000 0.000 -0.027 -0.000 -0.000 0.046 0.000 0.000
-1.500 -1.500 -0.490 0.000 0.000 -0.025 -0.000 -0.000 0.044 0.000 0.000
-1.500 -1.500 -0.491 0.000 0.000 -0.023 -0.000 -0.000 0.042 0.000 0.000
-1.500 -1.500 -0.492 0.000 0.000 -0.021 -0.000 -0.000 0.040 0.000 0.000
-1.500 -1.500 -0.493 0.000 0.000 -0.019 -0.000 -0.000 0.038 0.000 0.000
-1.500 -1.500 -0.494 0.000 0.000 -0.017 -0.000 -0.000 0.036 0.000 0.000
-1.500 -1.500 -0.495 0.000 0.000 -0.015 -0.000 -0.000 0.034 0.000 0.000
-1.500 -1.500 -0.496 0.000 0.000 -0.014 -0.000 -0.000 0.032 0.000 0.000
-1.500 -1.500 -0.497 0.000 0.000 -0.012 -0.000 -0.000 0.030 0.000 0.000
-1.500 -1.500 -0.497 0.000 0.000 -0.011 -0.000 -0.000 0.028 0.000 0.000
-1.500 -1.500 -0.498 0.000 0.000 -0.009 -0.000 -0.000 0.026 0.000 0.000
-1.500 -1.500 -0.498 0.000 0.000 -0.008 -0.000 -0.000 0.024 0.000 0.000
-1.500 -1.500 -0.498 0.000 0.000 -0.007 -0.000 -0.000 0.022 0.000 0.000
-1.500 -1.500 -0.499 0.000 0.000 -0.006 -0.000 -0.000 0.020 0.000 0.000
-1.500 -1.500 -0.499 0.000 0.000 -0.005 -0.000 -0.000 0.018 0.000 0.000
-1.500 -1.500 -0.499 0.000 0.000 -0.004 -0.000 -0.000 0.016 0.000 0.000
-1.500 -1.500 -0.499 0.000 0.000 -0.003 -0.000 -0.000 0.014 0.000 0.000
-1.500 -1.500 -0.500 0.000 0.000 -0.003 -0.000 -0.000 0.012 0.000 0.000
-1.500 -1.500 -0.500 0.000 0.000 -0.002 -0.000 -0.000 0.011 0.000 0.000
-1.500 -1.500 -0.500 0.000 0.000 -0.002 -0.000 -0.000 0.009 0.000 0.000
-1.500 -1.500 -0.500 0.000 0.000 -0.001 -0.000 -0.000 0.008 0.000 0.000
-1.500 -1.500 -0.500 0.000 0.000 -0.001 -0.000 -0.000 0.006 0.000 0.000
-1.500 -1.500 -0.500 0.000 0.000 -0.001 -0.000 -0.000 0.005 0.000 0.000
-1.500 -1.500 -0.500 0.000 0.000 -0.000 -0.000 -0.000 0.004 0.000 0.000
-1.500 -1.500 -0.500 0.000 0.000 -0.000 -0.000 -0.000 0.003 0.000 0.000
-1.500 -1.500 -0.500 0.000 0.000 -0.000 0.000 0.000 0.002 0.000 0.000
-1.500 -1.500 -0.500 0.000 0.000 -0.000 0.000 0.000 0.001 0.000 0.000
-1.500 -1.500 -0.500 0.000 0.000 -0.000 0.000 0.000 0.000 0.000 0.000
-1.500 -1.500 -0.500 0.000 0.000 -0.000 0.000 0.000 0.000 0.000 0.000
-1.500 -1.500 -0.500 0.000 0.000 -0.000 0.000 0.000 -0.000 0.000 0.000
