-1.500 1.500 0.000 0.000 0.000 0.000 0.000 0.000 0.000 0.000 0.000
-1.500  1.500  0.000 -0.000 -0.000 -0.000 -0.006 -0.003 -0.006 0.000 0.000
-1.500  1.500  0.001 -0.001 -0.000 -0.000 -0.005 -0.004 -0.005 0.000 0.000
-1.500  1.500  0.002 -0.001 -0.001 -0.001 -0.004 -0.004 -0.004 0.000 0.000
-1.500  1.500  0.003 -0.001 -0.001 -0.001 -0.003 -0.005 -0.003 0.000 0.000
-1.500  1.500  0.004 -0.001 -0.001 -0.001 -0.002 -0.006 -0.002 0.000 0.000
-1.500  1.500  0.006 -0.001 -0.001 -0.001 -0.001 -0.006 -0.001 0.000 0.000
-1.500  1.500  0.008 -0.001 -0.002 -0.002 -0.001 -0.007 -0.001 0.000 0.000
-1.500  1.500  0.011 -0.001 -0.002 -0.002  0.000 -0.007  0.000 0.000 0.000
-1.500  1.500  0.014 -0.001 -0.002 -0.002  0.001 -0.008  0.001 0.000 0.000
-1.500  1.499  0.017 -0.001 -0.003 -0.003  0.002 -0.009  0.002 0.000 0.000
-1.501  1.499  0.020 -0.001 -0.003 -0.003  0.003 -0.009  0.003 0.000 0.000
-1.501  1.499  0.024 -0.001 -0.004 -0.004  0.003 -0.010  0.003 0.000 0.000
-1.501  1.499  0.028 -0.001 -0.004 -0.004  0.004 -0.010  0.004 0.000 0.000
-1.501  1.499  0.032 -0.000 -0.005 -0.005  0.005 -0.011  0.005 0.000 0.000
-1.501  1.498  0.037 -0.000 -0.005 -0.005  0.006 -0.012  0.006 0.000 0.000
-1.501  1.498  0.042  0.000 -0.006 -0.006  0.007 -0.012  0.007 0.000 0.000
-1.501  1.498  0.047  0.001 -0.006 -0.006  0.008 -0.013  0.008 0.000 0.000
-1.501  1.498  0.052  0.001 -0.007 -0.007  0.008 -0.013  0.008 0.000 0.000
-1.501  1.497  0.058  0.001 -0.008 -0.008  0.009 -0.014  0.009 0.000 0.000
-1.500  1.497  0.064  0.002 -0.009 -0.009  0.010 -0.015  0.010 0.000 0.000
-1.500  1.496  0.070  0.002 -0.009 -0.009  0.011 -0.015  0.011 0.000 0.000
-1.500  1.496  0.076  0.003 -0.010 -0.010  0.012 -0.016  0.012 0.000 0.000
-1.500  1.495  0.083  0.004 -0.011 -0.011  0.012 -0.016  0.012 0.000 0.000
-1.500  1.495  0.089  0.004 -0.012 -0.012  0.013 -0.017  0.013 0.000 0.000
-1.500  1.494  0.097  0.005 -0.013 -0.013  0.014 -0.018  0.014 0.000 0.000
-1.499  1.493  0.104  0.006 -0.013 -0.013  0.015 -0.018  0.015 0.000 0.000
-1.499  1.493  0.111  0.006 -0.014 -0.014  0.016 -0.019  0.016 0.000 0.000
-1.499  1.492  0.119  0.007 -0.015 -0.015  0.017 -0.019  0.017 0.000 0.000
-1.498  1.491  0.127  0.008 -0.016 -0.016  0.017 -0.020  0.017 0.000 0.000
-1.498  1.490  0.135  0.009 -0.017 -0.017  0.018 -0.020  0.018 0.000 0.000
-1.497  1.490  0.143  0.010 -0.018 -0.018  0.019 -0.021  0.019 0.000 0.000
-1.497  1.489  0.152  0.011 -0.019 -0.019  0.020 -0.022  0.020 0.000 0.000
-1.496  1.488  0.160  0.012 -0.021 -0.021  0.021 -0.022  0.021 0.000 0.000
-1.496  1.487  0.169  0.013 -0.022 -0.022  0.021 -0.023  0.021 0.000 0.000
-1.495  1.485  0.178  0.014 -0.023 -0.023  0.022 -0.023  0.022 0.000 0.000
-1.494  1.484  0.187  0.015 -0.024 -0.024  0.023 -0.024  0.023 0.000 0.000
-1.494  1.483  0.197  0.016 -0.025 -0.025  0.024 -0.025  0.024 0.000 0.000
-1.493  1.482  0.206  0.017 -0.026 -0.026  0.025 -0.025  0.025 0.000 0.000
-1.492  1.480  0.216  0.019 -0.028 -0.028  0.026 -0.026  0.026 0.000 0.000
-1.491  1.479  0.226  0.020 -0.029 -0.029  0.026 -0.026  0.026 0.000 0.000
-1.490  1.477  0.235  0.021 -0.030 -0.030  0.027 -0.027  0.027 0.000 0.000
-1.489  1.476  0.245  0.023 -0.032 -0.032  0.028 -0.028  0.028 0.000 0.000
-1.488  1.474  0.256  0.024 -0.033 -0.033  0.029 -0.028  0.029 0.000 0.000
-1.486  1.473  0.266  0.026 -0.035 -0.035  0.030 -0.029  0.030 0.000 0.000
-1.485  1.471  0.276  0.027 -0.036 -0.036  0.030 -0.029  0.030 0.000 0.000
-1.484  1.469  0.287  0.029 -0.038 -0.038  0.031 -0.030  0.031 0.000 0.000
-1.482  1.467  0.297  0.030 -0.039 -0.039  0.032 -0.031  0.032 0.000 0.000
-1.481  1.465  0.308  0.032 -0.041 -0.041  0.033 -0.031  0.033 0.000 0.000
-1.479  1.463  0.319  0.034 -0.042 -0.042  0.034 -0.032  0.034 0.000 0.000
-1.477  1.461  0.330  0.035 -0.044 -0.044  0.034 -0.032  0.034 0.000 0.000
-1.475  1.459  0.341  0.037 -0.045 -0.045  0.035 -0.033  0.035 0.000 0.000
-1.474  1.456  0.352  0.039 -0.047 -0.047  0.036 -0.034  0.036 0.000 0.000
-1.472  1.454  0.363  0.041 -0.049 -0.049  0.037 -0.034  0.037 0.000 0.000
-1.470  1.451  0.374  0.042 -0.051 -0.051  0.038 -0.035  0.038 0.000 0.000
-1.467  1.449  0.386  0.044 -0.052 -0.052  0.039 -0.035  0.039 0.000 0.000
-1.465  1.446  0.397  0.046 -0.054 -0.054  0.039 -0.036  0.039 0.000 0.000
-1.463  1.443  0.408  0.048 -0.056 -0.056  0.040 -0.037  0.040 0.000 0.000
-1.460  1.441  0.420  0.050 -0.058 -0.058  0.041 -0.037  0.041 0.000 0.000
-1.458  1.438  0.431  0.052 -0.060 -0.060  0.042 -0.038  0.042 0.000 0.000
-1.455  1.435  0.443  0.054 -0.061 -0.061  0.043 -0.038  0.043 0.000 0.000
-1.452  1.432  0.454  0.057 -0.063 -0.063  0.043 -0.039  0.043 0.000 0.000
-1.449  1.428  0.466  0.059 -0.065 -0.065  0.044 -0.040  0.044 0.000 0.000
-1.446  1.425  0.477  0.061 -0.067 -0.067  0.045 -0.040  0.045 0.000 0.000
-1.443  1.422  0.489  0.063 -0.069 -0.069  0.046 -0.041  0.046 0.000 0.000
-1.440  1.418  0.501  0.066 -0.071 -0.071  0.047 -0.041  0.047 0.000 0.000
-1.437  1.414  0.512  0.068 -0.074 -0.074  0.048 -0.042  0.048 0.000 0.000
-1.433  1.411  0.524  0.070 -0.076 -0.076  0.048 -0.043  0.048 0.000 0.000
-1.430  1.407  0.535  0.073 -0.078 -0.078  0.049 -0.043  0.049 0.000 0.000
-1.426  1.403  0.547  0.075 -0.080 -0.080  0.050 -0.044  0.050 0.000 0.000
-1.422  1.399  0.558  0.078 -0.082 -0.082  0.051 -0.044  0.051 0.000 0.000
-1.418  1.395  0.570  0.080 -0.084 -0.084  0.052 -0.045  0.052 0.000 0.000
-1.414  1.390  0.582  0.083 -0.087 -0.087  0.052 -0.046  0.052 0.000 0.000
-1.410  1.386  0.593  0.086 -0.089 -0.089  0.053 -0.046  0.053 0.000 0.000
-1.405  1.382  0.604  0.088 -0.091 -0.091  0.054 -0.047  0.054 0.000 0.000
-1.401  1.377  0.616  0.091 -0.094 -0.094  0.055 -0.047  0.055 0.000 0.000
-1.396  1.372  0.627  0.094 -0.096 -0.096  0.056 -0.048  0.056 0.000 0.000
-1.392  1.367  0.638  0.097 -0.098 -0.098  0.057 -0.049  0.057 0.000 0.000
-1.387  1.362  0.650  0.100 -0.101 -0.101  0.057 -0.049  0.057 0.000 0.000
-1.382  1.357  0.661  0.102 -0.103 -0.103  0.058 -0.050  0.058 0.000 0.000
-1.376  1.352  0.672  0.105 -0.106 -0.106  0.059 -0.050  0.059 0.000 0.000
-1.371  1.347  0.683  0.108 -0.108 -0.108  0.060 -0.051  0.060 0.000 0.000
-1.366  1.341  0.694  0.111 -0.111 -0.111  0.061 -0.052  0.061 0.000 0.000
-1.360  1.335  0.705  0.114 -0.114 -0.114  0.061 -0.052  0.061 0.000 0.000
-1.354  1.330  0.715  0.117 -0.116 -0.116  0.062 -0.053  0.062 0.000 0.000
-1.348  1.324  0.726  0.121 -0.119 -0.119  0.063 -0.053  0.063 0.000 0.000
-1.342  1.318  0.736  0.124 -0.122 -0.122  0.064 -0.054  0.064 0.000 0.000
-1.336  1.312  0.747  0.127 -0.124 -0.124  0.065 -0.055  0.065 0.000 0.000
-1.329  1.305  0.757  0.130 -0.127 -0.127  0.066 -0.055  0.066 0.000 0.000
-1.323  1.299  0.767  0.134 -0.130 -0.130  0.066 -0.056  0.066 0.000 0.000
-1.316  1.292  0.777  0.137 -0.133 -0.133  0.067 -0.056  0.067 0.000 0.000
-1.309  1.286  0.787  0.140 -0.135 -0.135  0.068 -0.057  0.068 0.000 0.000
-1.302  1.279  0.797  0.144 -0.138 -0.138  0.069 -0.058  0.069 0.000 0.000
-1.295  1.272  0.807  0.147 -0.141 -0.141  0.070 -0.058  0.070 0.000 0.000
-1.287  1.265  0.816  0.151 -0.144 -0.144  0.070 -0.059  0.070 0.000 0.000
-1.280  1.258  0.826  0.154 -0.147 -0.147  0.071 -0.059  0.071 0.000 0.000
-1.272  1.250  0.835  0.158 -0.150 -0.150  0.072 -0.060  0.072 0.000 0.000
-1.264  1.243  0.844  0.161 -0.153 -0.153  0.073 -0.061  0.073 0.000 0.000
-1.256  1.235  0.853  0.165 -0.156 -0.156  0.074 -0.061  0.074 0.000 0.000
-1.247  1.227  0.861  0.169 -0.159 -0.159  0.075 -0.062  0.075 0.000 0.000
-1.239  1.219  0.870  0.172 -0.162 -0.162  0.075 -0.062  0.075 0.000 0.000
-1.230  1.211  0.878  0.176 -0.165 -0.165  0.076 -0.063  0.076 0.000 0.000
-1.221  1.202  0.886  0.180 -0.169 -0.169  0.077 -0.064  0.077 0.000 0.000
-1.212  1.194  0.894  0.184 -0.172 -0.172  0.078 -0.064  0.078 0.000 0.000
-1.203  1.185  0.902  0.188 -0.175 -0.175  0.079 -0.065  0.079 0.000 0.000
-1.193  1.176  0.909  0.192 -0.178 -0.178  0.079 -0.065  0.079 0.000 0.000
-1.184  1.167  0.917  0.196 -0.182 -0.182  0.080 -0.066  0.080 0.000 0.000
-1.174  1.158  0.924  0.200 -0.185 -0.185  0.081 -0.067  0.081 0.000 0.000
-1.164  1.149  0.931  0.204 -0.188 -0.188  0.082 -0.067  0.082 0.000 0.000
-1.153  1.139  0.937  0.208 -0.192 -0.192  0.083 -0.068  0.083 0.000 0.000
-1.143  1.130  0.944  0.212 -0.195 -0.195  0.083 -0.068  0.083 0.000 0.000
-1.132  1.120  0.950  0.216 -0.198 -0.198  0.084 -0.069  0.084 0.000 0.000
-1.121  1.110  0.956  0.221 -0.202 -0.202  0.085 -0.070  0.085 0.000 0.000
-1.110  1.100  0.961  0.225 -0.205 -0.205  0.086 -0.070  0.086 0.000 0.000
-1.099  1.089  0.967  0.229 -0.209 -0.209  0.087 -0.071  0.087 0.000 0.000
-1.087  1.079  0.972  0.234 -0.212 -0.212  0.088 -0.071  0.088 0.000 0.000
-1.075  1.068  0.977  0.238 -0.216 -0.216  0.088 -0.072  0.088 0.000 0.000
-1.063  1.057  0.981  0.242 -0.220 -0.220  0.089 -0.073  0.089 0.000 0.000
-1.051  1.046  0.986  0.247 -0.223 -0.223  0.090 -0.073  0.090 0.000 0.000
-1.039  1.035  0.990  0.251 -0.227 -0.227  0.091 -0.074  0.091 0.000 0.000
-1.026  1.023  0.993  0.256 -0.231 -0.231  0.092 -0.074  0.092 0.000 0.000
-1.013  1.012  0.997  0.261 -0.234 -0.234  0.092 -0.075  0.092 0.000 0.000
-1.000  1.000  1.000  0.265 -0.238 -0.238  0.093 -0.075  0.093 0.000 0.000
-0.987  0.988  1.003  0.270 -0.242 -0.242  0.088 -0.075  0.088 0.000 0.000
-0.973  0.976  1.005  0.274 -0.246 -0.246  0.083 -0.074  0.083 0.000 0.000
-0.959  0.963  1.008  0.278 -0.249 -0.249  0.078 -0.073  0.078 0.000 0.000
-0.945  0.951  1.010  0.282 -0.253 -0.253  0.072 -0.072  0.072 0.000 0.000
-0.931  0.938  1.011  0.285 -0.256 -0.256  0.067 -0.071  0.067 0.000 0.000
-0.917  0.925  1.013  0.288 -0.260 -0.260  0.062 -0.070  0.062 0.000 0.000
-0.902  0.912  1.014  0.291 -0.263 -0.263  0.057 -0.070  0.057 0.000 0.000
-0.888  0.899  1.015  0.294 -0.267 -0.267  0.051 -0.069  0.051 0.000 0.000
-0.873  0.885  1.016  0.297 -0.270 -0.270  0.046 -0.068  0.046 0.000 0.000
-0.858  0.872  1.017  0.299 -0.274 -0.274  0.041 -0.067  0.041 0.000 0.000
-0.843  0.858  1.017  0.301 -0.277 -0.277  0.036 -0.066  0.036 0.000 0.000
-0.828  0.844  1.017  0.302 -0.280 -0.280  0.031 -0.065  0.031 0.000 0.000
-0.813  0.830  1.017  0.304 -0.284 -0.284  0.025 -0.065  0.025 0.000 0.000
-0.797  0.816  1.017  0.305 -0.287 -0.287  0.020 -0.064  0.020 0.000 0.000
-0.782  0.801  1.017  0.306 -0.290 -0.290  0.015 -0.063  0.015 0.000 0.000
-0.767  0.787  1.017  0.306 -0.293 -0.293  0.010 -0.062  0.010 0.000 0.000
-0.752  0.772  1.016  0.307 -0.296 -0.296  0.004 -0.061  0.004 0.000 0.000
-0.736  0.757  1.016  0.307 -0.299 -0.299 -0.001 -0.060 -0.001 0.000 0.000
-0.721  0.742  1.015  0.307 -0.302 -0.302 -0.006 -0.059 -0.006 0.000 0.000
-0.706  0.727  1.014  0.306 -0.305 -0.305 -0.011 -0.059 -0.011 0.000 0.000
-0.690  0.712  1.013  0.305 -0.308 -0.308 -0.017 -0.058 -0.017 0.000 0.000
-0.675  0.696  1.012  0.305 -0.311 -0.311 -0.022 -0.057 -0.022 0.000 0.000
-0.660  0.681  1.011  0.303 -0.314 -0.314 -0.027 -0.056 -0.027 0.000 0.000
-0.645  0.665  1.010  0.302 -0.317 -0.317 -0.032 -0.055 -0.032 0.000 0.000
-0.630  0.649  1.009  0.300 -0.319 -0.319 -0.037 -0.054 -0.037 0.000 0.000
-0.615  0.633  1.008  0.298 -0.322 -0.322 -0.043 -0.054 -0.043 0.000 0.000
-0.600  0.617  1.007  0.296 -0.325 -0.325 -0.048 -0.053 -0.048 0.000 0.000
-0.585  0.600  1.006  0.293 -0.327 -0.327 -0.053 -0.052 -0.053 0.000 0.000
-0.571  0.584  1.005  0.291 -0.330 -0.330 -0.058 -0.051 -0.058 0.000 0.000
-0.556  0.567  1.004  0.287 -0.332 -0.332 -0.064 -0.050 -0.064 0.000 0.000
-0.542  0.551  1.003  0.284 -0.335 -0.335 -0.069 -0.049 -0.069 0.000 0.000
-0.528  0.534  1.002  0.281 -0.337 -0.337 -0.074 -0.048 -0.074 0.000 0.000
-0.514  0.517  1.001  0.277 -0.340 -0.340 -0.079 -0.048 -0.079 0.000 0.000
-0.500  0.500  1.000  0.273 -0.342 -0.342 -0.085 -0.047 -0.085 0.000 0.000
-0.486  0.483  0.999  0.269 -0.344 -0.344 -0.077 -0.037 -0.077 0.000 0.000
-0.473  0.466  0.999  0.265 -0.346 -0.346 -0.069 -0.027 -0.069 0.000 0.000
-0.460  0.448  0.998  0.262 -0.347 -0.347 -0.062 -0.017 -0.062 0.000 0.000
-0.447  0.431  0.997  0.259 -0.347 -0.347 -0.054 -0.007 -0.054 0.000 0.000
-0.434  0.414  0.997  0.256 -0.348 -0.348 -0.047  0.002 -0.047 0.000 0.000
-0.421  0.396  0.996  0.254 -0.347 -0.347 -0.039  0.012 -0.039 0.000 0.000
-0.409  0.379  0.996  0.252 -0.346 -0.346 -0.032  0.022 -0.032 0.000 0.000
-0.396  0.362  0.996  0.251 -0.345 -0.345 -0.024  0.032 -0.024 0.000 0.000
-0.384  0.344  0.995  0.250 -0.343 -0.343 -0.017  0.042 -0.017 0.000 0.000
-0.371  0.327  0.995  0.249 -0.341 -0.341 -0.009  0.052 -0.009 0.000 0.000
-0.359  0.310  0.995  0.249 -0.338 -0.338 -0.002  0.062 -0.002 0.000 0.000
-0.346  0.293  0.995  0.249 -0.335 -0.335  0.006  0.071  0.006 0.000 0.000
-0.334  0.277  0.995  0.249 -0.331 -0.331  0.013  0.081  0.013 0.000 0.000
-0.321  0.260  0.995  0.250 -0.327 -0.327  0.021  0.091  0.021 0.000 0.000
-0.309  0.244  0.995  0.252 -0.322 -0.322  0.028  0.101  0.028 0.000 0.000
-0.296  0.228  0.995  0.253 -0.316 -0.316  0.036  0.111  0.036 0.000 0.000
-0.283  0.213  0.995  0.255 -0.311 -0.311  0.043  0.121  0.043 0.000 0.000
-0.271  0.197  0.995  0.257 -0.304 -0.304  0.051  0.130  0.051 0.000 0.000
-0.258  0.182  0.996  0.260 -0.298 -0.298  0.058  0.140  0.058 0.000 0.000
-0.245  0.167  0.996  0.263 -0.290 -0.290  0.066  0.150  0.066 0.000 0.000
-0.231  0.153  0.996  0.267 -0.283 -0.283  0.073  0.160  0.073 0.000 0.000
-0.218  0.139  0.996  0.271 -0.274 -0.274  0.081  0.170  0.081 0.000 0.000
-0.204  0.126  0.996  0.275 -0.266 -0.266  0.088  0.180  0.088 0.000 0.000
-0.190  0.113  0.997  0.279 -0.256 -0.256  0.096  0.190  0.096 0.000 0.000
-0.176  0.100  0.997  0.284 -0.247 -0.247  0.103  0.199  0.103 0.000 0.000
-0.162  0.088  0.997  0.290 -0.236 -0.236  0.111  0.209  0.111 0.000 0.000
-0.147  0.076  0.998  0.296 -0.226 -0.226  0.118  0.219  0.118 0.000 0.000
-0.132  0.065  0.998  0.302 -0.215 -0.215  0.126  0.229  0.126 0.000 0.000
-0.117  0.055  0.998  0.308 -0.203 -0.203  0.134  0.239  0.134 0.000 0.000
-0.102  0.045  0.998  0.315 -0.191 -0.191  0.141  0.249  0.141 0.000 0.000
-0.086  0.036  0.999  0.322 -0.178 -0.178  0.149  0.258  0.149 0.000 0.000
-0.069  0.027  0.999  0.330 -0.165 -0.165  0.156  0.268  0.156 0.000 0.000
-0.053  0.019  0.999  0.338 -0.151 -0.151  0.164  0.278  0.164 0.000 0.000
-0.036  0.012  1.000  0.346 -0.137 -0.137  0.171  0.288  0.171 0.000 0.000
-0.018  0.006  1.000  0.355 -0.122 -0.122  0.179  0.298  0.179 0.000 0.000
 0.000  0.000  1.000  0.364 -0.107 -0.107  0.186  0.308  0.186 0.000 0.000
 0.018 -0.005  1.000  0.373 -0.092 -0.092  0.174  0.292  0.174 0.000 0.000
 0.037 -0.009  1.000  0.382 -0.078 -0.078  0.162  0.275  0.162 0.000 0.000
 0.057 -0.013  1.001  0.389 -0.065 -0.065  0.149  0.259  0.149 0.000 0.000
 0.076 -0.016  1.001  0.396 -0.052 -0.052  0.137  0.243  0.137 0.000 0.000
 0.096 -0.018  1.001  0.403 -0.040 -0.040  0.125  0.227  0.125 0.000 0.000
 0.117 -0.020  1.001  0.409 -0.029 -0.029  0.112  0.211  0.112 0.000 0.000
 0.137 -0.021  1.001  0.414 -0.019 -0.019  0.100  0.195  0.100 0.000 0.000
 0.158 -0.022  1.001  0.419 -0.010 -0.010  0.088  0.179  0.088 0.000 0.000
 0.179 -0.022  1.001  0.423 -0.001 -0.001  0.075  0.163  0.075 0.000 0.000
 0.200 -0.022  1.001  0.426  0.006  0.006  0.063  0.146  0.063 0.000 0.000
 0.222 -0.021  1.001  0.429  0.013  0.013  0.051  0.130  0.051 0.000 0.000
 0.243 -0.021  1.001  0.431  0.019  0.019  0.038  0.114  0.038 0.000 0.000
 0.265 -0.019  1.001  0.433  0.025  0.025  0.026  0.098  0.026 0.000 0.000
 0.286 -0.018  1.001  0.434  0.029  0.029  0.014  0.082  0.014 0.000 0.000
 0.308 -0.017  1.001  0.434  0.033  0.033  0.001  0.066  0.001 0.000 0.000
 0.330 -0.015  1.001  0.434  0.036  0.036 -0.011  0.050 -0.011 0.000 0.000
 0.352 -0.013  1.001  0.433  0.038  0.038 -0.023  0.034 -0.023 0.000 0.000
 0.373 -0.011  1.001  0.432  0.039  0.039 -0.036  0.017 -0.036 0.000 0.000
 0.395 -0.009  1.001  0.430  0.040  0.040 -0.048  0.001 -0.048 0.000 0.000
 0.416 -0.007  1.001  0.427  0.039  0.039 -0.060 -0.015 -0.060 0.000 0.000
 0.437 -0.005  1.000  0.424  0.038  0.038 -0.073 -0.031 -0.073 0.000 0.000
 0.458 -0.003  1.000  0.420  0.036  0.036 -0.085 -0.047 -0.085 0.000 0.000
 0.479 -0.002  1.000  0.415  0.033  0.033 -0.097 -0.063 -0.097 0.000 0.000
 0.500  0.000  1.000  0.410  0.030  0.030 -0.110 -0.079 -0.110 0.000 0.000
 0.520  0.001  1.000  0.405  0.026  0.026 -0.101 -0.075 -0.101 0.000 0.000
 0.540  0.003  1.000  0.400  0.022  0.022 -0.093 -0.072 -0.093 0.000 0.000
 0.560  0.004  1.000  0.395  0.019  0.019 -0.085 -0.068 -0.085 0.000 0.000
 0.580  0.004  0.999  0.391  0.015  0.015 -0.077 -0.064 -0.077 0.000 0.000
 0.600  0.005  0.999  0.388  0.012  0.012 -0.069 -0.060 -0.069 0.000 0.000
 0.619  0.006  0.999  0.384  0.009  0.009 -0.061 -0.056 -0.061 0.000 0.000
 0.638  0.006  0.999  0.382  0.007  0.007 -0.053 -0.052 -0.053 0.000 0.000
 0.657  0.006  0.999  0.379  0.004  0.004 -0.045 -0.048 -0.045 0.000 0.000
 0.676  0.007  0.999  0.377  0.002  0.002 -0.036 -0.045 -0.036 0.000 0.000
 0.695  0.007  0.998  0.376 -0.000 -0.000 -0.028 -0.041 -0.028 0.000 0.000
 0.713  0.007  0.998  0.374 -0.002 -0.002 -0.020 -0.037 -0.020 0.000 0.000
 0.732  0.006  0.998  0.374 -0.004 -0.004 -0.012 -0.033 -0.012 0.000 0.000
 0.751  0.006  0.998  0.373 -0.005 -0.005 -0.004 -0.029 -0.004 0.000 0.000
 0.769  0.006  0.998  0.373 -0.007 -0.007  0.004 -0.025  0.004 0.000 0.000
 0.788  0.005  0.998  0.374 -0.008 -0.008  0.012 -0.021  0.012 0.000 0.000
 0.807  0.005  0.998  0.374 -0.009 -0.009  0.020 -0.018  0.020 0.000 0.000
 0.826  0.005  0.998  0.376 -0.010 -0.010  0.029 -0.014  0.029 0.000 0.000
 0.844  0.004  0.998  0.377 -0.010 -0.010  0.037 -0.010  0.037 0.000 0.000
 0.863  0.004  0.998  0.379 -0.011 -0.011  0.045 -0.006  0.045 0.000 0.000
 0.882  0.003  0.998  0.382 -0.011 -0.011  0.053 -0.002  0.053 0.000 0.000
 0.902  0.002  0.999  0.385 -0.011 -0.011  0.061  0.002  0.061 0.000 0.000
 0.921  0.002  0.999  0.388 -0.011 -0.011  0.069  0.006  0.069 0.000 0.000
 0.940  0.001  0.999  0.392 -0.010 -0.010  0.077  0.009  0.077 0.000 0.000
 0.960  0.001  0.999  0.396 -0.010 -0.010  0.086  0.013  0.086 0.000 0.000
 0.980  0.000  1.000  0.400 -0.009 -0.009  0.094  0.017  0.094 0.000 0.000
 1.000  0.000  1.000  0.405 -0.008 -0.008  0.102  0.021  0.102 0.000 0.000
 1.020 -0.000  1.000  0.410 -0.007 -0.007  0.091  0.020  0.091 0.000 0.000
 1.041 -0.001  1.001  0.414 -0.006 -0.006  0.081  0.019  0.081 0.000 0.000
 1.062 -0.001  1.001  0.418 -0.005 -0.005  0.071  0.018  0.071 0.000 0.000
 1.083 -0.001  1.002  0.421 -0.004 -0.004  0.061  0.017  0.061 0.000 0.000
 1.104 -0.001  1.003  0.424 -0.003 -0.003  0.050  0.016  0.050 0.000 0.000
 1.125 -0.002  1.003  0.426 -0.003 -0.003  0.040  0.015  0.040 0.000 0.000
 1.147 -0.002  1.004  0.428 -0.002 -0.002  0.030  0.014  0.030 0.000 0.000
 1.168 -0.002  1.004  0.429 -0.001 -0.001  0.019  0.013  0.019 0.000 0.000
 1.189 -0.002  1.005  0.430 -0.001 -0.001  0.009  0.012  0.009 0.000 0.000
 1.211 -0.002  1.005  0.430  0.000  0.000 -0.001  0.012 -0.001 0.000 0.000
 1.232 -0.002  1.005  0.430  0.001  0.001 -0.011  0.011 -0.011 0.000 0.000
 1.254 -0.002  1.006  0.429  0.001  0.001 -0.022  0.010 -0.022 0.000 0.000
 1.275 -0.002  1.006  0.428  0.002  0.002 -0.032  0.009 -0.032 0.000 0.000
 1.297 -0.002  1.006  0.426  0.002  0.002 -0.042  0.008 -0.042 0.000 0.000
 1.318 -0.001  1.006  0.423  0.002  0.002 -0.052  0.007 -0.052 0.000 0.000
 1.339 -0.001  1.006  0.421  0.003  0.003 -0.063  0.006 -0.063 0.000 0.000
 1.360 -0.001  1.006  0.417  0.003  0.003 -0.073  0.005 -0.073 0.000 0.000
 1.381 -0.001  1.005  0.413  0.003  0.003 -0.083  0.004 -0.083 0.000 0.000
 1.401 -0.001  1.005  0.409  0.003  0.003 -0.094  0.003 -0.094 0.000 0.000
 1.422 -0.001  1.004  0.404  0.003  0.003 -0.104  0.002 -0.104 0.000 0.000
 1.442 -0.001  1.003  0.398  0.004  0.004 -0.114  0.001 -0.114 0.000 0.000
 1.461 -0.000  1.003  0.392  0.004  0.004 -0.124  0.000 -0.124 0.000 0.000
 1.481 -0.000  1.001  0.386  0.004  0.004 -0.135 -0.001 -0.135 0.000 0.000
 1.500 -0.000  1.000  0.379  0.003  0.003 -0.145 -0.002 -0.145 0.000 0.000
 1.519  0.000  0.998  0.372  0.003  0.003 -0.144 -0.002 -0.144 0.000 0.000
 1.537  0.000  0.997  0.365  0.003  0.003 -0.143 -0.002 -0.143 0.000 0.000
 1.555  0.001  0.995  0.358  0.003  0.003 -0.141 -0.002 -0.141 0.000 0.000
 1.573  0.001  0.993  0.350  0.003  0.003 -0.140 -0.002 -0.140 0.000 0.000
 1.590  0.001  0.990  0.344  0.003  0.003 -0.139 -0.002 -0.139 0.000 0.000
 1.607  0.001  0.988  0.337  0.003  0.003 -0.138 -0.002 -0.138 0.000 0.000
 1.624  0.001  0.985  0.330  0.003  0.003 -0.136 -0.002 -0.136 0.000 0.000
 1.640  0.001  0.982  0.323  0.003  0.003 -0.135 -0.002 -0.135 0.000 0.000
 1.656  0.001  0.979  0.316  0.003  0.003 -0.134 -0.002 -0.134 0.000 0.000
 1.672  0.002  0.975  0.310  0.003  0.003 -0.133 -0.002 -0.133 0.000 0.000
 1.687  0.002  0.972  0.303  0.003  0.003 -0.131 -0.002 -0.131 0.000 0.000
 1.702  0.002  0.968  0.296  0.002  0.002 -0.130 -0.002 -0.130 0.000 0.000
 1.717  0.002  0.964  0.290  0.002  0.002 -0.129 -0.002 -0.129 0.000 0.000
 1.731  0.002  0.960  0.284  0.002  0.002 -0.128 -0.002 -0.128 0.000 0.000
 1.745  0.002  0.956  0.277  0.002  0.002 -0.126 -0.002 -0.126 0.000 0.000
 1.759  0.002  0.952  0.271  0.002  0.002 -0.125 -0.002 -0.125 0.000 0.000
 1.772  0.002  0.947  0.265  0.002  0.002 -0.124 -0.001 -0.124 0.000 0.000
 1.785  0.002  0.943  0.258  0.002  0.002 -0.123 -0.001 -0.123 0.000 0.000
 1.798  0.003  0.938  0.252  0.002  0.002 -0.122 -0.001 -0.122 0.000 0.000
 1.811  0.003  0.933  0.246  0.002  0.002 -0.120 -0.001 -0.120 0.000 0.000
 1.823  0.003  0.928  0.240  0.002  0.002 -0.119 -0.001 -0.119 0.000 0.000
 1.835  0.003  0.922  0.234  0.002  0.002 -0.118 -0.001 -0.118 0.000 0.000
 1.846  0.003  0.917  0.229  0.002  0.002 -0.117 -0.001 -0.117 0.000 0.000
 1.857  0.003  0.911  0.223  0.002  0.002 -0.115 -0.001 -0.115 0.000 0.000
 1.868  0.003  0.905  0.217  0.002  0.002 -0.114 -0.001 -0.114 0.000 0.000
 1.879  0.003  0.900  0.211  0.001  0.001 -0.113 -0.001 -0.113 0.000 0.000
 1.890  0.003  0.893  0.206  0.001  0.001 -0.112 -0.001 -0.112 0.000 0.000
 1.900  0.003  0.887  0.200  0.001  0.001 -0.110 -0.001 -0.110 0.000 0.000
 1.910  0.003  0.881  0.195  0.001  0.001 -0.109 -0.001 -0.109 0.000 0.000
 1.919  0.003  0.875  0.189  0.001  0.001 -0.108 -0.001 -0.108 0.000 0.000
 1.929  0.003  0.868  0.184  0.001  0.001 -0.107 -0.001 -0.107 0.000 0.000
 1.938  0.004  0.861  0.179  0.001  0.001 -0.105 -0.001 -0.105 0.000 0.000
 1.946  0.004  0.855  0.173  0.001  0.001 -0.104 -0.001 -0.104 0.000 0.000
 1.955  0.004  0.848  0.168  0.001  0.001 -0.103 -0.001 -0.103 0.000 0.000
 1.963  0.004  0.841  0.163  0.001  0.001 -0.102 -0.001 -0.102 0.000 0.000
 1.971  0.004  0.834  0.158  0.001  0.001 -0.101 -0.001 -0.101 0.000 0.000
 1.979  0.004  0.826  0.153  0.001  0.001 -0.099 -0.001 -0.099 0.000 0.000
 1.987  0.004  0.819  0.148  0.001  0.001 -0.098 -0.001 -0.098 0.000 0.000
 1.994  0.004  0.812  0.143  0.001  0.001 -0.097 -0.001 -0.097 0.000 0.000
 2.001  0.004  0.804  0.138  0.001  0.001 -0.096 -0.001 -0.096 0.000 0.000
 2.008  0.004  0.796  0.134  0.001  0.001 -0.094 -0.001 -0.094 0.000 0.000
 2.014  0.004  0.789  0.129  0.000  0.000 -0.093 -0.001 -0.093 0.000 0.000
 2.021  0.004  0.781  0.124  0.000  0.000 -0.092 -0.001 -0.092 0.000 0.000
 2.027  0.004  0.773  0.120  0.000  0.000 -0.091 -0.001 -0.091 0.000 0.000
 2.033  0.004  0.765  0.115  0.000  0.000 -0.089 -0.001 -0.089 0.000 0.000
 2.038  0.004  0.757  0.111  0.000  0.000 -0.088 -0.001 -0.088 0.000 0.000
 2.044  0.004  0.749  0.106  0.000  0.000 -0.087 -0.001 -0.087 0.000 0.000
 2.049  0.004  0.741  0.102  0.000  0.000 -0.086 -0.001 -0.086 0.000 0.000
 2.054  0.004  0.732  0.098  0.000  0.000 -0.084 -0.001 -0.084 0.000 0.000
 2.059  0.004  0.724  0.094  0.000  0.000 -0.083 -0.001 -0.083 0.000 0.000
 2.063  0.004  0.715  0.090  0.000  0.000 -0.082 -0.001 -0.082 0.000 0.000
 2.068  0.004  0.707  0.085 -0.000 -0.000 -0.081 -0.001 -0.081 0.000 0.000
 2.072  0.004  0.698  0.081 -0.000 -0.000 -0.080 -0.001 -0.080 0.000 0.000
 2.076  0.004  0.690  0.078 -0.000 -0.000 -0.078 -0.001 -0.078 0.000 0.000
 2.080  0.004  0.681  0.074 -0.000 -0.000 -0.077 -0.001 -0.077 0.000 0.000
 2.083  0.004  0.672  0.070 -0.000 -0.000 -0.076 -0.001 -0.076 0.000 0.000
 2.086  0.004  0.663  0.066 -0.000 -0.000 -0.075 -0.001 -0.075 0.000 0.000
 2.090  0.004  0.655  0.062 -0.000 -0.000 -0.073 -0.001 -0.073 0.000 0.000
 2.093  0.004  0.646  0.059 -0.000 -0.000 -0.072 -0.001 -0.072 0.000 0.000
 2.096  0.004  0.637  0.055 -0.000 -0.000 -0.071 -0.001 -0.071 0.000 0.000
 2.098  0.004  0.628  0.052 -0.000 -0.000 -0.070 -0.001 -0.070 0.000 0.000
 2.101  0.004  0.619  0.048 -0.000 -0.000 -0.068 -0.001 -0.068 0.000 0.000
 2.103  0.004  0.610  0.045 -0.000 -0.000 -0.067 -0.001 -0.067 0.000 0.000
 2.105  0.004  0.601  0.041 -0.000 -0.000 -0.066 -0.001 -0.066 0.000 0.000
 2.107  0.004  0.591  0.038 -0.001 -0.001 -0.065 -0.001 -0.065 0.000 0.000
 2.109  0.004  0.582  0.035 -0.001 -0.001 -0.063 -0.001 -0.063 0.000 0.000
 2.111  0.004  0.573  0.032 -0.001 -0.001 -0.062 -0.001 -0.062 0.000 0.000
 2.112  0.004  0.564  0.029 -0.001 -0.001 -0.061 -0.001 -0.061 0.000 0.000
 2.114  0.004  0.555  0.026 -0.001 -0.001 -0.060 -0.001 -0.060 0.000 0.000
 2.115  0.004  0.546  0.023 -0.001 -0.001 -0.058 -0.001 -0.058 0.000 0.000
 2.116  0.004  0.536  0.020 -0.001 -0.001 -0.057 -0.001 -0.057 0.000 0.000
 2.117  0.004  0.527  0.017 -0.001 -0.001 -0.056 -0.001 -0.056 0.000 0.000
 2.118  0.004  0.518  0.014 -0.001 -0.001 -0.055 -0.001 -0.055 0.000 0.000
 2.118  0.004  0.509  0.012 -0.001 -0.001 -0.054 -0.001 -0.054 0.000 0.000
 2.119  0.004  0.499  0.009 -0.001 -0.001 -0.052 -0.000 -0.052 0.000 0.000
 2.119  0.003  0.490  0.006 -0.001 -0.001 -0.051 -0.000 -0.051 0.000 0.000
 2.119  0.003  0.481  0.004 -0.001 -0.001 -0.050 -0.000 -0.050 0.000 0.000
 2.120  0.003  0.471  0.001 -0.001 -0.001 -0.049 -0.000 -0.049 0.000 0.000
 2.120  0.003  0.462 -0.001 -0.001 -0.001 -0.047 -0.000 -0.047 0.000 0.000
 2.119  0.003  0.453 -0.003 -0.001 -0.001 -0.046 -0.000 -0.046 0.000 0.000
 2.119  0.003  0.444 -0.006 -0.001 -0.001 -0.045 -0.000 -0.045 0.000 0.000
 2.119  0.003  0.435 -0.008 -0.001 -0.001 -0.044 -0.000 -0.044 0.000 0.000
 2.118  0.003  0.425 -0.010 -0.001 -0.001 -0.042 -0.000 -0.042 0.000 0.000
 2.118  0.003  0.416 -0.012 -0.001 -0.001 -0.041 -0.000 -0.041 0.000 0.000
 2.117  0.003  0.407 -0.014 -0.001 -0.001 -0.040 -0.000 -0.040 0.000 0.000
 2.116  0.003  0.398 -0.016 -0.001 -0.001 -0.039 -0.000 -0.039 0.000 0.000
 2.116  0.003  0.389 -0.018 -0.001 -0.001 -0.037 -0.000 -0.037 0.000 0.000
 2.115  0.003  0.380 -0.020 -0.001 -0.001 -0.036 -0.000 -0.036 0.000 0.000
 2.114  0.003  0.371 -0.022 -0.001 -0.001 -0.035 -0.000 -0.035 0.000 0.000
 2.113  0.003  0.362 -0.023 -0.001 -0.001 -0.034 -0.000 -0.034 0.000 0.000
 2.111  0.003  0.353 -0.025 -0.001 -0.001 -0.033 -0.000 -0.033 0.000 0.000
 2.110  0.003  0.344 -0.027 -0.001 -0.001 -0.031 -0.000 -0.031 0.000 0.000
 2.109  0.003  0.335 -0.028 -0.001 -0.001 -0.030 -0.000 -0.030 0.000 0.000
 2.107  0.003  0.327 -0.030 -0.001 -0.001 -0.029 -0.000 -0.029 0.000 0.000
 2.106  0.003  0.318 -0.031 -0.001 -0.001 -0.028 -0.000 -0.028 0.000 0.000
 2.104  0.002  0.309 -0.032 -0.001 -0.001 -0.026 -0.000 -0.026 0.000 0.000
 2.102  0.002  0.301 -0.034 -0.001 -0.001 -0.025 -0.000 -0.025 0.000 0.000
 2.101  0.002  0.292 -0.035 -0.001 -0.001 -0.024 -0.000 -0.024 0.000 0.000
 2.099  0.002  0.284 -0.036 -0.001 -0.001 -0.023 -0.000 -0.023 0.000 0.000
 2.097  0.002  0.275 -0.037 -0.001 -0.001 -0.021 -0.000 -0.021 0.000 0.000
 2.095  0.002  0.267 -0.038 -0.001 -0.001 -0.020 -0.000 -0.020 0.000 0.000
 2.093  0.002  0.259 -0.039 -0.001 -0.001 -0.019 -0.000 -0.019 0.000 0.000
 2.091  0.002  0.250 -0.040 -0.001 -0.001 -0.018 -0.000 -0.018 0.000 0.000
 2.089  0.002  0.242 -0.041 -0.001 -0.001 -0.016  0.000 -0.016 0.000 0.000
 2.087  0.002  0.234 -0.042 -0.001 -0.001 -0.015  0.000 -0.015 0.000 0.000
 2.085  0.002  0.226 -0.042 -0.001 -0.001 -0.014  0.000 -0.014 0.000 0.000
 2.083  0.002  0.219 -0.043 -0.001 -0.001 -0.013  0.000 -0.013 0.000 0.000
 2.081  0.002  0.211 -0.044 -0.001 -0.001 -0.011  0.000 -0.011 0.000 0.000
 2.079  0.002  0.203 -0.044 -0.001 -0.001 -0.010  0.000 -0.010 0.000 0.000
 2.076  0.002  0.196 -0.045 -0.001 -0.001 -0.009  0.000 -0.009 0.000 0.000
 2.074  0.002  0.188 -0.045 -0.001 -0.001 -0.008  0.000 -0.008 0.000 0.000
 2.072  0.002  0.181 -0.045 -0.001 -0.001 -0.007  0.000 -0.007 0.000 0.000
 2.070  0.001  0.173 -0.046 -0.001 -0.001 -0.005  0.000 -0.005 0.000 0.000
 2.067  0.001  0.166 -0.046 -0.001 -0.001 -0.004  0.000 -0.004 0.000 0.000
 2.065  0.001  0.159 -0.046 -0.001 -0.001 -0.003  0.000 -0.003 0.000 0.000
 2.063  0.001  0.152 -0.046 -0.001 -0.001 -0.002  0.000 -0.002 0.000 0.000
 2.060  0.001  0.146 -0.046 -0.001 -0.001 -0.000  0.000 -0.000 0.000 0.000
 2.058  0.001  0.139 -0.046 -0.001 -0.001  0.001  0.000  0.001 0.000 0.000
 2.056  0.001  0.132 -0.046 -0.001 -0.001  0.002  0.000  0.002 0.000 0.000
 2.054  0.001  0.126 -0.046 -0.001 -0.001  0.003  0.000  0.003 0.000 0.000
 2.051  0.001  0.120 -0.046 -0.001 -0.001  0.005  0.000  0.005 0.000 0.000
 2.049  0.001  0.113 -0.046 -0.001 -0.001  0.006  0.000  0.006 0.000 0.000
 2.047  0.001  0.107 -0.045 -0.001 -0.001  0.007  0.000  0.007 0.000 0.000
 2.044  0.001  0.101 -0.045 -0.001 -0.001  0.008  0.000  0.008 0.000 0.000
 2.042  0.001  0.096 -0.044 -0.001 -0.001  0.010  0.000  0.010 0.000 0.000
 2.040  0.001  0.090 -0.044 -0.001 -0.001  0.011  0.000  0.011 0.000 0.000
 2.038  0.001  0.084 -0.043 -0.001 -0.001  0.012  0.000  0.012 0.000 0.000
 2.036  0.001  0.079 -0.043 -0.001 -0.001  0.013  0.000  0.013 0.000 0.000
 2.033  0.001  0.074 -0.042 -0.001 -0.001  0.014  0.000  0.014 0.000 0.000
 2.031  0.001  0.069 -0.041 -0.001 -0.001  0.016  0.000  0.016 0.000 0.000
 2.029  0.001  0.064 -0.041 -0.001 -0.001  0.017  0.000  0.017 0.000 0.000
 2.027  0.001  0.059 -0.040 -0.001 -0.001  0.018  0.000  0.018 0.000 0.000
 2.025  0.001  0.055 -0.039 -0.001 -0.001  0.019  0.000  0.019 0.000 0.000
 2.023  0.000  0.050 -0.038 -0.001 -0.001  0.021  0.001  0.021 0.000 0.000
 2.022  0.000  0.046 -0.037 -0.001 -0.001  0.022  0.001  0.022 0.000 0.000
 2.020  0.000  0.042 -0.036 -0.001 -0.001  0.023  0.001  0.023 0.000 0.000
 2.018  0.000  0.038 -0.034 -0.001 -0.001  0.024  0.001  0.024 0.000 0.000
 2.016  0.000  0.034 -0.033 -0.001 -0.001  0.026  0.001  0.026 0.000 0.000
 2.015  0.000  0.031 -0.032 -0.001 -0.001  0.027  0.001  0.027 0.000 0.000
 2.013  0.000  0.027 -0.030 -0.001 -0.001  0.028  0.001  0.028 0.000 0.000
 2.012  0.000  0.024 -0.029 -0.001 -0.001  0.029  0.001  0.029 0.000 0.000
 2.010  0.000  0.021 -0.027 -0.001 -0.001  0.031  0.001  0.031 0.000 0.000
 2.009  0.000  0.018 -0.026 -0.001 -0.001  0.032  0.001  0.032 0.000 0.000
 2.008  0.000  0.016 -0.024 -0.000 -0.000  0.033  0.001  0.033 0.000 0.000
 2.007  0.000  0.013 -0.023 -0.000 -0.000  0.034  0.001  0.034 0.000 0.000
 2.005  0.000  0.011 -0.021 -0.000 -0.000  0.036  0.001  0.036 0.000 0.000
 2.004  0.000  0.009 -0.019 -0.000 -0.000  0.037  0.001  0.037 0.000 0.000
 2.004  0.000  0.007 -0.017 -0.000 -0.000  0.038  0.001  0.038 0.000 0.000
 2.003  0.000  0.005 -0.015 -0.000 -0.000  0.039  0.001  0.039 0.000 0.000
 2.002  0.000  0.004 -0.013 -0.000 -0.000  0.040  0.001  0.040 0.000 0.000
 2.001  0.000  0.003 -0.011 -0.000 -0.000  0.042  0.001  0.042 0.000 0.000
 2.001  0.000  0.002 -0.009 -0.000 -0.000  0.043  0.001  0.043 0.000 0.000
 2.001  0.000  0.001 -0.007 -0.000 -0.000  0.044  0.001  0.044 0.000 0.000
 2.000  0.000  0.000 -0.005 -0.000 -0.000  0.045  0.001  0.045 0.000 0.000
 2.000  0.000  0.000 -0.002 -0.000 -0.000  0.047  0.001  0.047 0.000 0.000
 2.000 -0.000 -0.000  0.000  0.000  0.000  0.048  0.001  0.048 0.000 0.000
