-1.500  1.500  0.185  0.000 -0.000 -0.000  0.000 -0.000  0.000 0.000 0.000
-1.500  1.500  0.185  0.000 -0.000 -0.000  0.000 -0.000  0.000 0.000 0.000
-1.500  1.500  0.185  0.000 -0.000 -0.000  0.000 -0.000  0.000 0.000 0.000
-1.500  1.500  0.185  0.000 -0.000 -0.000  0.000 -0.000  0.000 0.000 0.000
-1.500  1.500  0.185  0.000 -0.000 -0.000  0.000 -0.000  0.000 0.000 0.000
-1.500  1.500  0.185  0.000 -0.000 -0.000  0.000 -0.000  0.000 0.000 0.000
-1.500  1.500  0.185  0.000 -0.000 -0.000  0.000 -0.000  0.000 0.000 0.000
-1.500  1.500  0.185  0.000 -0.000 -0.000  0.000 -0.000  0.000 0.000 0.000
-1.500  1.500  0.185  0.000 -0.000 -0.000  0.000 -0.000  0.000 0.000 0.000
-1.500  1.500  0.185  0.000 -0.000 -0.000  0.000 -0.000  0.000 0.000 0.000
-1.500  1.500  0.185  0.000 -0.000 -0.000  0.000 -0.000  0.000 0.000 0.000
-1.500  1.500  0.185  0.000 -0.000 -0.000  0.000 -0.000  0.000 0.000 0.000
-1.500  1.500  0.185  0.000 -0.000 -0.000  0.000 -0.000  0.000 0.000 0.000
-1.500  1.500  0.185  0.000 -0.000 -0.000  0.000 -0.000  0.000 0.000 0.000
-1.500  1.500  0.185  0.000 -0.000 -0.000  0.000 -0.000  0.000 0.000 0.000
-1.500  1.500  0.185  0.000 -0.000 -0.000  0.000 -0.000  0.000 0.000 0.000
-1.500  1.500  0.185  0.000 -0.000 -0.000  0.000 -0.000  0.000 0.000 0.000
-1.500  1.500  0.186  0.000 -0.000 -0.000  0.000 -0.000  0.000 0.000 0.000
-1.500  1.500  0.186  0.000 -0.000 -0.000  0.000 -0.000  0.000 0.000 0.000
-1.500  1.500  0.186  0.000 -0.000 -0.000  0.000 -0.000  0.000 0.000 0.000
-1.500  1.500  0.186  0.000 -0.000 -0.000  0.000 -0.000  0.000 0.000 0.000
-1.500  1.500  0.186  0.000 -0.000 -0.000  0.000 -0.000  0.000 0.000 0.000
-1.500  1.500  0.186  0.000 -0.000 -0.000  0.000 -0.000  0.000 0.000 0.000
-1.500  1.500  0.187  0.000 -0.000 -0.000  0.000 -0.000  0.000 0.000 0.000
-1.500  1.500  0.187  0.000 -0.000 -0.000  0.000 -0.000  0.000 0.000 0.000
-1.500  1.500  0.187  0.000 -0.000 -0.000  0.000 -0.000  0.000 0.000 0.000
-1.500  1.500  0.187  0.000 -0.000 -0.000  0.000 -0.000  0.000 0.000 0.000
-1.500  1.500  0.188  0.000 -0.000 -0.000  0.000 -0.000  0.000 0.000 0.000
-1.500  1.500  0.188  0.000 -0.000 -0.000  0.000 -0.000  0.000 0.000 0.000
-1.500  1.500  0.189  0.000 -0.000 -0.000  0.000 -0.000  0.000 0.000 0.000
-1.500  1.500  0.189  0.000 -0.000 -0.000  0.000 -0.000  0.000 0.000 0.000
-1.500  1.500  0.189  0.000 -0.000 -0.000  0.000 -0.000  0.000 0.000 0.000
-1.500  1.500  0.190  0.000 -0.000 -0.000  0.000 -0.000  0.000 0.000 0.000
-1.500  1.500  0.191  0.000 -0.000 -0.000  0.000 -0.000  0.000 0.000 0.000
-1.500  1.500  0.191  0.000 -0.000 -0.000  0.000 -0.000  0.000 0.000 0.000
-1.500  1.500  0.192  0.000 -0.000 -0.000  0.000 -0.000  0.000 0.000 0.000
-1.500  1.500  0.193  0.000 -0.000 -0.000  0.000 -0.000  0.000 0.000 0.000
-1.500  1.500  0.193  0.000 -0.000 -0.000  0.000 -0.000  0.000 0.000 0.000
-1.500  1.500  0.194  0.000 -0.000 -0.000  0.000 -0.000  0.000 0.000 0.000
-1.500  1.500  0.195  0.000 -0.000 -0.000  0.000 -0.000  0.000 0.000 0.000
-1.500  1.500  0.196  0.000 -0.000 -0.000  0.000 -0.000  0.000 0.000 0.000
-1.500  1.500  0.197  0.000 -0.000 -0.000  0.000 -0.000  0.000 0.000 0.000
-1.500  1.500  0.198  0.000 -0.000 -0.000  0.000 -0.000  0.000 0.000 0.000
-1.500  1.500  0.199  0.000 -0.000 -0.000  0.000 -0.000  0.000 0.000 0.000
-1.500  1.500  0.200  0.000 -0.000 -0.000  0.000 -0.000  0.000 0.000 0.000
-1.500  1.500  0.202  0.000 -0.000 -0.000  0.000 -0.000  0.000 0.000 0.000
-1.500  1.500  0.203  0.000 -0.000 -0.000  0.000 -0.000  0.000 0.000 0.000
-1.500  1.500  0.204  0.000 -0.000 -0.000  0.000 -0.000  0.000 0.000 0.000
-1.500  1.500  0.206  0.000 -0.000 -0.000  0.000 -0.000  0.000 0.000 0.000
-1.500  1.500  0.207  0.000 -0.000 -0.000  0.000 -0.000  0.000 0.000 0.000
-1.500  1.500  0.209  0.000 -0.000 -0.000  0.000 -0.000  0.000 0.000 0.000
-1.500  1.500  0.211  0.000 -0.000 -0.000  0.000 -0.000  0.000 0.000 0.000
-1.500  1.500  0.213  0.000 -0.000 -0.000  0.000 -0.000  0.000 0.000 0.000
-1.500  1.500  0.214  0.000 -0.000 -0.000  0.000 -0.000  0.000 0.000 0.000
-1.500  1.500  0.216  0.000 -0.000 -0.000  0.000 -0.000  0.000 0.000 0.000
-1.500  1.500  0.218  0.000 -0.000 -0.000  0.000 -0.000  0.000 0.000 0.000
-1.500  1.500  0.220  0.000 -0.000 -0.000  0.000 -0.000  0.000 0.000 0.000
-1.500  1.500  0.223  0.000 -0.000 -0.000  0.000 -0.000  0.000 0.000 0.000
-1.500  1.500  0.225  0.000 -0.000 -0.000  0.000 -0.000  0.000 0.000 0.000
-1.500  1.500  0.227  0.000 -0.000 -0.000  0.000 -0.000  0.000 0.000 0.000
-1.500  1.500  0.230  0.000 -0.000 -0.000  0.000 -0.000  0.000 0.000 0.000
-1.500  1.500  0.232  0.000 -0.000 -0.000  0.000 -0.000  0.000 0.000 0.000
-1.500  1.500  0.235  0.000 -0.000 -0.000  0.000 -0.000  0.000 0.000 0.000
-1.500  1.500  0.237  0.000 -0.000 -0.000  0.000 -0.000  0.000 0.000 0.000
-1.500  1.500  0.240  0.000 -0.000 -0.000 -0.000  0.000 -0.000 0.000 0.000
-1.500  1.500  0.243  0.000 -0.000 -0.000 -0.000  0.000 -0.000 0.000 0.000
-1.500  1.500  0.246  0.000 -0.000 -0.000 -0.000  0.000 -0.000 0.000 0.000
-1.500  1.500  0.249  0.000 -0.000 -0.000 -0.000  0.000 -0.000 0.000 0.000
-1.500  1.500  0.252  0.000 -0.000 -0.000 -0.000  0.000 -0.000 0.000 0.000
-1.500  1.500  0.256  0.000 -0.000 -0.000 -0.000  0.000 -0.000 0.000 0.000
-1.500  1.500  0.259  0.000 -0.000 -0.000 -0.000  0.000 -0.000 0.000 0.000
-1.500  1.500  0.262  0.000 -0.000 -0.000 -0.000  0.000 -0.000 0.000 0.000
-1.500  1.500  0.266  0.000 -0.000 -0.000 -0.000  0.000 -0.000 0.000 0.000
-1.500  1.500  0.269  0.000 -0.000 -0.000 -0.000  0.000 -0.000 0.000 0.000
-1.500  1.500  0.273  0.000 -0.000 -0.000 -0.000  0.000 -0.000 0.000 0.000
-1.500  1.500  0.277  0.000 -0.000 -0.000 -0.000  0.000 -0.000 0.000 0.000
-1.500  1.500  0.281  0.000 -0.000 -0.000 -0.000  0.000 -0.000 0.000 0.000
-1.500  1.500  0.285  0.000 -0.000 -0.000 -0.000  0.000 -0.000 0.000 0.000
-1.500  1.500  0.289  0.000 -0.000 -0.000 -0.000  0.000 -0.000 0.000 0.000
-1.500  1.500  0.293  0.000 -0.000 -0.000 -0.000  0.000 -0.000 0.000 0.000
-1.500  1.500  0.298  0.000 -0.000 -0.000 -0.000  0.000 -0.000 0.000 0.000
-1.500  1.500  0.302  0.000 -0.000 -0.000 -0.000  0.000 -0.000 0.000 0.000
-1.500  1.500  0.306  0.000 -0.000 -0.000 -0.000  0.000 -0.000 0.000 0.000
-1.500  1.500  0.311  0.000 -0.000 -0.000 -0.000  0.000 -0.000 0.000 0.000
-1.500  1.500  0.316  0.000 -0.000 -0.000 -0.000  0.000 -0.000 0.000 0.000
-1.500  1.500  0.320  0.000 -0.000 -0.000 -0.000  0.000 -0.000 0.000 0.000
-1.500  1.500  0.325  0.000 -0.000 -0.000 -0.000  0.000 -0.000 0.000 0.000
-1.500  1.500  0.330  0.000 -0.000 -0.000 -0.000  0.000 -0.000 0.000 0.000
-1.500  1.500  0.335  0.000 -0.000 -0.000 -0.000  0.000 -0.000 0.000 0.000
-1.500  1.500  0.341  0.000 -0.000 -0.000 -0.000  0.000 -0.000 0.000 0.000
-1.500  1.500  0.346  0.000 -0.000 -0.000 -0.000  0.000 -0.000 0.000 0.000
-1.500  1.500  0.351  0.000 -0.000 -0.000 -0.000  0.000 -0.000 0.000 0.000
-1.500  1.500  0.356  0.000 -0.000 -0.000 -0.000  0.000 -0.000 0.000 0.000
-1.500  1.500  0.362  0.000 -0.000 -0.000 -0.000  0.000 -0.000 0.000 0.000
-1.500  1.500  0.368  0.000 -0.000 -0.000 -0.000  0.000 -0.000 0.000 0.000
-1.500  1.500  0.373  0.000 -0.000 -0.000 -0.000  0.000 -0.000 0.000 0.000
-1.500  1.500  0.379  0.000 -0.000 -0.000 -0.000  0.000 -0.000 0.000 0.000
-1.500  1.500  0.385  0.000 -0.000 -0.000 -0.000  0.000 -0.000 0.000 0.000
-1.500  1.500  0.391 -0.000  0.000  0.000 -0.000  0.000 -0.000 0.000 0.000
-1.500  1.500  0.397 -0.000  0.000  0.000 -0.000  0.000 -0.000 0.000 0.000
-1.500  1.500  0.403 -0.000  0.000  0.000 -0.000  0.000 -0.000 0.000 0.000
-1.500  1.500  0.409 -0.000  0.000  0.000 -0.000  0.000 -0.000 0.000 0.000
-1.500  1.500  0.415 -0.000  0.000  0.000 -0.000  0.000 -0.000 0.000 0.000
-1.500  1.500  0.422 -0.000  0.000  0.000 -0.000  0.000 -0.000 0.000 0.000
-1.500  1.500  0.428 -0.000  0.000  0.000 -0.000  0.000 -0.000 0.000 0.000
-1.500  1.500  0.434 -0.000  0.000  0.000 -0.000  0.000 -0.000 0.000 0.000
-1.500  1.500  0.441 -0.000  0.000  0.000 -0.000  0.000 -0.000 0.000 0.000
-1.500  1.500  0.448 -0.000  0.000  0.000 -0.000  0.000 -0.000 0.000 0.000
-1.500  1.500  0.454 -0.000  0.000  0.000 -0.000  0.000 -0.000 0.000 0.000
-1.500  1.500  0.461 -0.000  0.000  0.000 -0.000  0.000 -0.000 0.000 0.000
-1.500  1.500  0.468 -0.000  0.000  0.000 -0.000  0.000 -0.000 0.000 0.000
-1.500  1.500  0.475 -0.000  0.000  0.000 -0.000  0.000 -0.000 0.000 0.000
-1.500  1.500  0.482 -0.000  0.000  0.000 -0.000  0.000 -0.000 0.000 0.000
-1.500  1.500  0.489 -0.000  0.000  0.000 -0.000  0.000 -0.000 0.000 0.000
-1.500  1.500  0.496 -0.000  0.000  0.000 -0.000  0.000 -0.000 0.000 0.000
-1.500  1.500  0.503 -0.000  0.000  0.000 -0.000  0.000 -0.000 0.000 0.000
-1.500  1.500  0.510 -0.000  0.000  0.000 -0.000  0.000 -0.000 0.000 0.000
-1.500  1.500  0.517 -0.000  0.000  0.000 -0.000  0.000 -0.000 0.000 0.000
-1.500  1.500  0.525 -0.000  0.000  0.000 -0.000  0.000 -0.000 0.000 0.000
-1.500  1.500  0.532 -0.000  0.000  0.000 -0.000  0.000 -0.000 0.000 0.000
-1.500  1.500  0.539 -0.000  0.000  0.000 -0.000  0.000 -0.000 0.000 0.000
-1.500  1.500  0.547 -0.000  0.000  0.000 -0.000  0.000 -0.000 0.000 0.000
-1.500  1.500  0.554 -0.000  0.000  0.000 -0.000  0.000 -0.000 0.000 0.000
-1.500  1.500  0.562 -0.000  0.000  0.000 -0.000  0.000 -0.000 0.000 0.000
-1.500  1.500  0.569 -0.000  0.000  0.000 -0.000  0.000 -0.000 0.000 0.000
-1.500  1.500  0.577 -0.000  0.000  0.000 -0.000  0.000 -0.000 0.000 0.000
-1.500  1.500  0.584 -0.000  0.000  0.000 -0.000  0.000 -0.000 0.000 0.000
-1.500  1.500  0.592 -0.000  0.000  0.000 -0.000  0.000 -0.000 0.000 0.000
-1.500  1.500  0.600 -0.000  0.000  0.000 -0.000  0.000 -0.000 0.000 0.000
-1.500  1.500  0.607 -0.000  0.000  0.000 -0.000  0.000 -0.000 0.000 0.000
-1.500  1.500  0.615 -0.000  0.000  0.000 -0.000  0.000 -0.000 0.000 0.000
-1.500  1.500  0.623 -0.000  0.000  0.000 -0.000  0.000 -0.000 0.000 0.000
-1.500  1.500  0.630 -0.000  0.000  0.000 -0.000  0.000 -0.000 0.000 0.000
-1.500  1.500  0.638 -0.000  0.000  0.000 -0.000  0.000 -0.000 0.000 0.000
-1.500  1.500  0.646 -0.000  0.000  0.000 -0.000  0.000 -0.000 0.000 0.000
-1.500  1.500  0.654 -0.000  0.000  0.000 -0.000  0.000 -0.000 0.000 0.000
-1.500  1.500  0.662 -0.000  0.000  0.000 -0.000  0.000 -0.000 0.000 0.000
-1.500  1.500  0.669 -0.000  0.000  0.000 -0.000  0.000 -0.000 0.000 0.000
-1.500  1.500  0.677 -0.000  0.000  0.000 -0.000  0.000 -0.000 0.000 0.000
-1.500  1.500  0.685 -0.000  0.000  0.000 -0.000  0.000 -0.000 0.000 0.000
-1.500  1.500  0.693 -0.000  0.000  0.000 -0.000  0.000 -0.000 0.000 0.000
-1.500  1.500  0.701 -0.000  0.000  0.000 -0.000  0.000 -0.000 0.000 0.000
-1.500  1.500  0.708 -0.000  0.000  0.000 -0.000  0.000 -0.000 0.000 0.000
-1.500  1.500  0.716 -0.000  0.000  0.000 -0.000  0.000 -0.000 0.000 0.000
-1.500  1.500  0.724 -0.000  0.000  0.000 -0.000  0.000 -0.000 0.000 0.000
-1.500  1.500  0.732 -0.000  0.000  0.000 -0.000  0.000 -0.000 0.000 0.000
-1.500  1.500  0.740 -0.000  0.000  0.000 -0.000  0.000 -0.000 0.000 0.000
-1.500  1.500  0.747 -0.000  0.000  0.000 -0.000  0.000 -0.000 0.000 0.000
-1.500  1.500  0.755 -0.000  0.000  0.000 -0.000  0.000 -0.000 0.000 0.000
-1.500  1.500  0.763 -0.000  0.000  0.000 -0.000  0.000 -0.000 0.000 0.000
-1.500  1.500  0.770 -0.000  0.000  0.000 -0.000  0.000 -0.000 0.000 0.000
-1.500  1.500  0.778 -0.000  0.000  0.000 -0.000  0.000 -0.000 0.000 0.000
-1.500  1.500  0.786 -0.000  0.000  0.000  0.000 -0.000  0.000 0.000 0.000
-1.500  1.500  0.793 -0.000  0.000  0.000  0.000 -0.000  0.000 0.000 0.000
-1.500  1.500  0.801 -0.000  0.000  0.000  0.000 -0.000  0.000 0.000 0.000
-1.500  1.500  0.808 -0.000  0.000  0.000  0.000 -0.000  0.000 0.000 0.000
-1.500  1.500  0.816 -0.000  0.000  0.000  0.000 -0.000  0.000 0.000 0.000
-1.500  1.500  0.823 -0.000  0.000  0.000  0.000 -0.000  0.000 0.000 0.000
-1.500  1.500  0.831 -0.000  0.000  0.000  0.000 -0.000  0.000 0.000 0.000
-1.500  1.500  0.838 -0.000  0.000  0.000  0.000 -0.000  0.000 0.000 0.000
-1.500  1.500  0.845 -0.000  0.000  0.000  0.000 -0.000  0.000 0.000 0.000
-1.500  1.500  0.853 -0.000  0.000  0.000  0.000 -0.000  0.000 0.000 0.000
-1.500  1.500  0.860 -0.000  0.000  0.000  0.000 -0.000  0.000 0.000 0.000
-1.500  1.500  0.867 -0.000  0.000  0.000  0.000 -0.000  0.000 0.000 0.000
-1.500  1.500  0.874 -0.000  0.000  0.000  0.000 -0.000  0.000 0.000 0.000
-1.500  1.500  0.881 -0.000  0.000  0.000  0.000 -0.000  0.000 0.000 0.000
-1.500  1.500  0.888 -0.000  0.000  0.000  0.000 -0.000  0.000 0.000 0.000
-1.500  1.500  0.895 -0.000  0.000  0.000  0.000 -0.000  0.000 0.000 0.000
-1.500  1.500  0.902 -0.000  0.000  0.000  0.000 -0.000  0.000 0.000 0.000
-1.500  1.500  0.909 -0.000  0.000  0.000  0.000 -0.000  0.000 0.000 0.000
-1.500  1.500  0.916 -0.000  0.000  0.000  0.000 -0.000  0.000 0.000 0.000
-1.500  1.500  0.922 -0.000  0.000  0.000  0.000 -0.000  0.000 0.000 0.000
-1.500  1.500  0.929 -0.000  0.000  0.000  0.000 -0.000  0.000 0.000 0.000
-1.500  1.500  0.936 -0.000  0.000  0.000  0.000 -0.000  0.000 0.000 0.000
-1.500  1.500  0.942 -0.000  0.000  0.000  0.000 -0.000  0.000 0.000 0.000
-1.500  1.500  0.948 -0.000  0.000  0.000  0.000 -0.000  0.000 0.000 0.000
-1.500  1.500  0.955 -0.000  0.000  0.000  0.000 -0.000  0.000 0.000 0.000
-1.500  1.500  0.961 -0.000  0.000  0.000  0.000 -0.000  0.000 0.000 0.000
-1.500  1.500  0.967 -0.000  0.000  0.000  0.000 -0.000  0.000 0.000 0.000
-1.500  1.500  0.973 -0.000  0.000  0.000  0.000 -0.000  0.000 0.000 0.000
-1.500  1.500  0.979 -0.000  0.000  0.000  0.000 -0.000  0.000 0.000 0.000
-1.500  1.500  0.985 -0.000  0.000  0.000  0.000 -0.000  0.000 0.000 0.000
-1.500  1.500  0.991 -0.000  0.000  0.000  0.000 -0.000  0.000 0.000 0.000
-1.500  1.500  0.997 -0.000  0.000  0.000  0.000 -0.000  0.000 0.000 0.000
-1.500  1.500  1.002 -0.000  0.000  0.000  0.000 -0.000  0.000 0.000 0.000
-1.500  1.500  1.008 -0.000  0.000  0.000  0.000 -0.000  0.000 0.000 0.000
-1.500  1.500  1.014 -0.000  0.000  0.000  0.000 -0.000  0.000 0.000 0.000
-1.500  1.500  1.019 -0.000  0.000  0.000  0.000 -0.000  0.000 0.000 0.000
-1.500  1.500  1.024 -0.000  0.000  0.000  0.000 -0.000  0.000 0.000 0.000
-1.500  1.500  1.029 -0.000  0.000  0.000  0.000 -0.000  0.000 0.000 0.000
-1.500  1.500  1.035 -0.000  0.000  0.000  0.000 -0.000  0.000 0.000 0.000
-1.500  1.500  1.040 -0.000  0.000  0.000  0.000 -0.000  0.000 0.000 0.000
-1.500  1.500  1.045 -0.000  0.000  0.000  0.000 -0.000  0.000 0.000 0.000
-1.500  1.500  1.050 -0.000  0.000  0.000  0.000 -0.000  0.000 0.000 0.000
-1.500  1.500  1.054 -0.000  0.000  0.000  0.000 -0.000  0.000 0.000 0.000
-1.500  1.500  1.059 -0.000  0.000  0.000  0.000 -0.000  0.000 0.000 0.000
-1.500  1.500  1.064 -0.000  0.000  0.000  0.000 -0.000  0.000 0.000 0.000
-1.500  1.500  1.068 -0.000  0.000  0.000  0.000 -0.000  0.000 0.000 0.000
-1.500  1.500  1.072 -0.000  0.000  0.000  0.000 -0.000  0.000 0.000 0.000
-1.500  1.500  1.077 -0.000  0.000  0.000  0.000 -0.000  0.000 0.000 0.000
-1.500  1.500  1.081 -0.000  0.000  0.000  0.000 -0.000  0.000 0.000 0.000
-1.500  1.500  1.085 -0.000  0.000  0.000  0.000 -0.000  0.000 0.000 0.000
-1.500  1.500  1.089  0.000 -0.000 -0.000  0.000 -0.000  0.000 0.000 0.000
-1.500  1.500  1.093  0.000 -0.000 -0.000  0.000 -0.000  0.000 0.000 0.000
-1.500  1.500  1.097  0.000 -0.000 -0.000  0.000 -0.000  0.000 0.000 0.000
-1.500  1.500  1.101  0.000 -0.000 -0.000  0.000 -0.000  0.000 0.000 0.000
-1.500  1.500  1.104  0.000 -0.000 -0.000  0.000 -0.000  0.000 0.000 0.000
-1.500  1.500  1.108  0.000 -0.000 -0.000  0.000 -0.000  0.000 0.000 0.000
-1.500  1.500  1.111  0.000 -0.000 -0.000  0.000 -0.000  0.000 0.000 0.000
-1.500  1.500  1.114  0.000 -0.000 -0.000  0.000 -0.000  0.000 0.000 0.000
-1.500  1.500  1.118  0.000 -0.000 -0.000  0.000 -0.000  0.000 0.000 0.000
-1.500  1.500  1.121  0.000 -0.000 -0.000  0.000 -0.000  0.000 0.000 0.000
-1.500  1.500  1.124  0.000 -0.000 -0.000  0.000 -0.000  0.000 0.000 0.000
-1.500  1.500  1.127  0.000 -0.000 -0.000  0.000 -0.000  0.000 0.000 0.000
-1.500  1.500  1.130  0.000 -0.000 -0.000  0.000 -0.000  0.000 0.000 0.000
-1.500  1.500  1.133  0.000 -0.000 -0.000  0.000 -0.000  0.000 0.000 0.000
-1.500  1.500  1.135  0.000 -0.000 -0.000  0.000 -0.000  0.000 0.000 0.000
-1.500  1.500  1.138  0.000 -0.000 -0.000  0.000 -0.000  0.000 0.000 0.000
-1.500  1.500  1.140  0.000 -0.000 -0.000  0.000 -0.000  0.000 0.000 0.000
-1.500  1.500  1.143  0.000 -0.000 -0.000  0.000 -0.000  0.000 0.000 0.000
-1.500  1.500  1.145  0.000 -0.000 -0.000  0.000 -0.000  0.000 0.000 0.000
-1.500  1.500  1.147  0.000 -0.000 -0.000  0.000 -0.000  0.000 0.000 0.000
-1.500  1.500  1.150  0.000 -0.000 -0.000  0.000 -0.000  0.000 0.000 0.000
-1.500  1.500  1.152  0.000 -0.000 -0.000  0.000 -0.000  0.000 0.000 0.000
-1.500  1.500  1.154  0.000 -0.000 -0.000  0.000 -0.000  0.000 0.000 0.000
-1.500  1.500  1.156  0.000 -0.000 -0.000  0.000 -0.000  0.000 0.000 0.000
-1.500  1.500  1.157  0.000 -0.000 -0.000  0.000 -0.000  0.000 0.000 0.000
-1.500  1.500  1.159  0.000 -0.000 -0.000  0.000 -0.000  0.000 0.000 0.000
-1.500  1.500  1.161  0.000 -0.000 -0.000  0.000 -0.000  0.000 0.000 0.000
-1.500  1.500  1.163  0.000 -0.000 -0.000  0.000 -0.000  0.000 0.000 0.000
-1.500  1.500  1.164  0.000 -0.000 -0.000  0.000 -0.000  0.000 0.000 0.000
-1.500  1.500  1.166  0.000 -0.000 -0.000  0.000 -0.000  0.000 0.000 0.000
-1.500  1.500  1.167  0.000 -0.000 -0.000  0.000 -0.000  0.000 0.000 0.000
-1.500  1.500  1.168  0.000 -0.000 -0.000  0.000 -0.000  0.000 0.000 0.000
-1.500  1.500  1.170  0.000 -0.000 -0.000  0.000 -0.000  0.000 0.000 0.000
-1.500  1.500  1.171  0.000 -0.000 -0.000  0.000 -0.000  0.000 0.000 0.000
-1.500  1.500  1.172  0.000 -0.000 -0.000  0.000 -0.000  0.000 0.000 0.000
-1.500  1.500  1.173  0.000 -0.000 -0.000  0.000 -0.000  0.000 0.000 0.000
-1.500  1.500  1.174  0.000 -0.000 -0.000  0.000 -0.000  0.000 0.000 0.000
-1.500  1.500  1.175  0.000 -0.000 -0.000  0.000 -0.000  0.000 0.000 0.000
-1.500  1.500  1.176  0.000 -0.000 -0.000  0.000 -0.000  0.000 0.000 0.000
-1.500  1.500  1.177  0.000 -0.000 -0.000  0.000 -0.000  0.000 0.000 0.000
-1.500  1.500  1.177  0.000 -0.000 -0.000  0.000 -0.000  0.000 0.000 0.000
-1.500  1.500  1.178  0.000 -0.000 -0.000  0.000 -0.000  0.000 0.000 0.000
-1.500  1.500  1.179  0.000 -0.000 -0.000 -0.000  0.000 -0.000 0.000 0.000
-1.500  1.500  1.179  0.000 -0.000 -0.000 -0.000  0.000 -0.000 0.000 0.000
-1.500  1.500  1.180  0.000 -0.000 -0.000 -0.000  0.000 -0.000 0.000 0.000
-1.500  1.500  1.181  0.000 -0.000 -0.000 -0.000  0.000 -0.000 0.000 0.000
-1.500  1.500  1.181  0.000 -0.000 -0.000 -0.000  0.000 -0.000 0.000 0.000
-1.500  1.500  1.181  0.000 -0.000 -0.000 -0.000  0.000 -0.000 0.000 0.000
-1.500  1.500  1.182  0.000 -0.000 -0.000 -0.000  0.000 -0.000 0.000 0.000
-1.500  1.500  1.182  0.000 -0.000 -0.000 -0.000  0.000 -0.000 0.000 0.000
-1.500  1.500  1.183  0.000 -0.000 -0.000 -0.000  0.000 -0.000 0.000 0.000
-1.500  1.500  1.183  0.000 -0.000 -0.000 -0.000  0.000 -0.000 0.000 0.000
-1.500  1.500  1.183  0.000 -0.000 -0.000 -0.000  0.000 -0.000 0.000 0.000
-1.500  1.500  1.183  0.000 -0.000 -0.000 -0.000  0.000 -0.000 0.000 0.000
-1.500  1.500  1.184  0.000 -0.000 -0.000 -0.000  0.000 -0.000 0.000 0.000
-1.500  1.500  1.184  0.000 -0.000 -0.000 -0.000  0.000 -0.000 0.000 0.000
-1.500  1.500  1.184  0.000 -0.000 -0.000 -0.000  0.000 -0.000 0.000 0.000
-1.500  1.500  1.184  0.000 -0.000 -0.000 -0.000  0.000 -0.000 0.000 0.000
-1.500  1.500  1.184  0.000 -0.000 -0.000 -0.000  0.000 -0.000 0.000 0.000
-1.500  1.500  1.184  0.000 -0.000 -0.000 -0.000  0.000 -0.000 0.000 0.000
-1.500  1.500  1.185  0.000 -0.000 -0.000 -0.000  0.000 -0.000 0.000 0.000
-1.500  1.500  1.185  0.000 -0.000 -0.000 -0.000  0.000 -0.000 0.000 0.000
-1.500  1.500  1.185  0.000 -0.000 -0.000 -0.000  0.000 -0.000 0.000 0.000
-1.500  1.500  1.185  0.000 -0.000 -0.000 -0.000  0.000 -0.000 0.000 0.000
-1.500  1.500  1.185  0.000 -0.000 -0.000 -0.000  0.000 -0.000 0.000 0.000
-1.500  1.500  1.185  0.000 -0.000 -0.000 -0.000  0.000 -0.000 0.000 0.000
-1.500  1.500  1.185  0.000 -0.000 -0.000 -0.000  0.000 -0.000 0.000 0.000
-1.500  1.500  1.185  0.000 -0.000 -0.000 -0.000  0.000 -0.000 0.000 0.000
-1.500  1.500  1.185  0.000 -0.000 -0.000 -0.000  0.000 -0.000 0.000 0.000
-1.500  1.500  1.185  0.000 -0.000 -0.000 -0.000  0.000 -0.000 0.000 0.000
-1.500  1.500  1.185  0.000 -0.000 -0.000 -0.000  0.000 -0.000 0.000 0.000
-1.500  1.500  1.185  0.000 -0.000 -0.000 -0.000  0.000 -0.000 0.000 0.000
-1.500  1.500  1.185  0.000 -0.000 -0.000 -0.000  0.000 -0.000 0.000 0.000
-1.500  1.500  1.185  0.000 -0.000 -0.000 -0.000  0.000 -0.000 0.000 0.000
-1.500  1.500  1.185  0.000 -0.000 -0.000 -0.000  0.000 -0.000 0.000 0.000
-1.500  1.500  1.185  0.000 -0.000 -0.000 -0.000  0.000 -0.000 0.000 0.000
-1.500  1.500  1.185  0.000 -0.000 -0.000 -0.000  0.000 -0.000 0.000 0.000
-1.500  1.500  1.185 -0.000  0.000  0.000 -0.000  0.000 -0.000 0.000 0.000
-1.500  1.500  1.185  0.000  0.000  0.000  0.000  0.000  0.000 0.000 0.000
-1.500  1.500  1.185  0.000  0.000  0.000  0.000  0.000  0.000 0.000 0.000
-1.500  1.500  1.185  0.000  0.000  0.000  0.000  0.000  0.000 0.000 0.000
-1.500  1.500  1.185  0.000  0.000  0.000  0.000  0.000  0.000 0.000 0.000
-1.500  1.500  1.185  0.000  0.000  0.000  0.000  0.000  0.000 0.000 0.000
-1.500  1.500  1.185  0.000  0.000  0.000  0.000  0.000  0.000 0.000 0.000
-1.500  1.500  1.185  0.000  0.000  0.000  0.000  0.000  0.000 0.000 0.000
-1.500  1.500  1.185  0.000  0.000  0.000  0.000  0.000  0.000 0.000 0.000
-1.500  1.500  1.185  0.000  0.000  0.000  0.000  0.000  0.000 0.000 0.000
-1.500  1.500  1.185  0.000  0.000  0.000  0.000  0.000  0.000 0.000 0.000
-1.500  1.500  1.185  0.000  0.000  0.000  0.000  0.000  0.000 0.000 0.000
-1.500  1.500  1.185  0.000  0.000  0.000  0.000  0.000  0.000 0.000 0.000
-1.500  1.500  1.185  0.000  0.000  0.000  0.000  0.000  0.000 0.000 0.000
-1.500  1.500  1.185  0.000  0.000  0.000  0.000  0.000  0.000 0.000 0.000
-1.500  1.500  1.185  0.000  0.000  0.000  0.000  0.000  0.000 0.000 0.000
-1.500  1.500  1.185  0.000  0.000  0.000  0.000  0.000  0.000 0.000 0.000
-1.500  1.500  1.185  0.000  0.000  0.000  0.000  0.000  0.000 0.000 0.000
-1.500  1.500  1.185  0.000  0.000  0.000  0.000  0.000  0.000 0.000 0.000
-1.500  1.500  1.185  0.000  0.000  0.000  0.000  0.000  0.000 0.000 0.000
-1.500  1.500  1.185  0.000  0.000  0.000  0.000  0.000  0.000 0.000 0.000
-1.500  1.500  1.185  0.000  0.000  0.000  0.000  0.000  0.000 0.000 0.000
-1.500  1.500  1.185  0.000  0.000  0.000  0.000  0.000  0.000 0.000 0.000
-1.500  1.500  1.185  0.000  0.000  0.000  0.000  0.000  0.000 0.000 0.000
-1.500  1.500  1.185  0.000  0.000  0.000  0.000  0.000  0.000 0.000 0.000
-1.500  1.500  1.185  0.000  0.000  0.000  0.000  0.000  0.000 0.000 0.000
-1.500  1.500  1.185  0.000  0.000  0.000  0.000  0.000  0.000 0.000 0.000
-1.500  1.500  1.185  0.000  0.000  0.000  0.000  0.000  0.000 0.000 0.000
-1.500  1.500  1.185  0.000  0.000  0.000  0.000  0.000  0.000 0.000 0.000
-1.500  1.500  1.185  0.000  0.000  0.000  0.000  0.000  0.000 0.000 0.000
-1.500  1.500  1.185  0.000  0.000  0.000  0.000  0.000  0.000 0.000 0.000
-1.500  1.500  1.185  0.000  0.000  0.000  0.000  0.000  0.000 0.000 0.000
-1.500  1.500  1.185  0.000  0.000  0.000  0.000  0.000  0.000 0.000 0.000
-1.500  1.500  1.185  0.000  0.000  0.000  0.000  0.000  0.000 0.000 0.000
-1.500  1.500  1.185  0.000  0.000  0.000  0.000  0.000  0.000 0.000 0.000
-1.500  1.500  1.185  0.000  0.000  0.000  0.000  0.000  0.000 0.000 0.000
-1.500  1.500  1.185  0.000  0.000  0.000  0.000  0.000  0.000 0.000 0.000
-1.500  1.500  1.185  0.000  0.000  0.000  0.000  0.000  0.000 0.000 0.000
-1.500  1.500  1.185  0.000  0.000  0.000  0.000  0.000  0.000 0.000 0.000
-1.500  1.500  1.185  0.000  0.000  0.000  0.000  0.000  0.000 0.000 0.000
-1.500  1.500  1.185  0.000  0.000  0.000  0.000  0.000  0.000 0.000 0.000
-1.500  1.500  1.185  0.000  0.000  0.000  0.000  0.000  0.000 0.000 0.000
-1.500  1.500  1.185  0.000  0.000  0.000  0.000  0.000  0.000 0.000 0.000
-1.500  1.500  1.185  0.000  0.000  0.000  0.000  0.000  0.000 0.000 0.000
-1.500  1.500  1.185  0.000  0.000  0.000  0.000  0.000  0.000 0.000 0.000
-1.500  1.500  1.185  0.000  0.000  0.000  0.000  0.000  0.000 0.000 0.000
-1.500  1.500  1.185  0.000  0.000  0.000  0.000  0.000  0.000 0.000 0.000
-1.500  1.500  1.185  0.000  0.000  0.000  0.000  0.000  0.000 0.000 0.000
-1.500  1.500  1.185  0.000  0.000  0.000  0.000  0.000  0.000 0.000 0.000
-1.500  1.500  1.185  0.000  0.000  0.000  0.000  0.000  0.000 0.000 0.000
-1.500  1.500  1.185  0.000  0.000  0.000  0.000  0.000  0.000 0.000 0.000
-1.500  1.500  1.185  0.000  0.000  0.000  0.000  0.000  0.000 0.000 0.000
-1.500  1.500  1.185  0.000  0.000  0.000  0.000  0.000  0.000 0.000 0.000
-1.500  1.500  1.185  0.000  0.000  0.000  0.000  0.000  0.000 0.000 0.000
-1.500  1.500  1.185  0.000  0.000  0.000  0.000  0.000  0.000 0.000 0.000
-1.500  1.500  1.185  0.000  0.000  0.000  0.000  0.000  0.000 0.000 0.000
-1.500  1.500  1.185  0.000  0.000  0.000  0.000  0.000  0.000 0.000 0.000
-1.500  1.500  1.185  0.000  0.000  0.000  0.000  0.000  0.000 0.000 0.000
-1.500  1.500  1.185  0.000  0.000  0.000  0.000  0.000  0.000 0.000 0.000
-1.500  1.500  1.185  0.000  0.000  0.000  0.000  0.000  0.000 0.000 0.000
-1.500  1.500  1.185  0.000  0.000  0.000  0.000  0.000  0.000 0.000 0.000
-1.500  1.500  1.185  0.000  0.000  0.000  0.000  0.000  0.000 0.000 0.000
-1.500  1.500  1.185  0.000  0.000  0.000  0.000  0.000  0.000 0.000 0.000
-1.500  1.500  1.185  0.000  0.000  0.000  0.000  0.000  0.000 0.000 0.000
-1.500  1.500  1.185  0.000  0.000  0.000  0.000  0.000  0.000 0.000 0.000
-1.500  1.500  1.185  0.000  0.000  0.000  0.000  0.000  0.000 0.000 0.000
-1.500  1.500  1.185  0.000  0.000  0.000  0.000  0.000  0.000 0.000 0.000
-1.500  1.500  1.185  0.000  0.000  0.000  0.000  0.000  0.000 0.000 0.000
-1.500  1.500  1.185  0.000  0.000  0.000  0.000  0.000  0.000 0.000 0.000
-1.500  1.500  1.185  0.000  0.000  0.000  0.000  0.000  0.000 0.000 0.000
-1.500  1.500  1.185  0.000  0.000  0.000  0.000  0.000  0.000 0.000 0.000
-1.500  1.500  1.185  0.000  0.000  0.000  0.000  0.000  0.000 0.000 0.000
-1.500  1.500  1.185  0.000  0.000  0.000  0.000  0.000  0.000 0.000 0.000
-1.500  1.500  1.185  0.000  0.000  0.000  0.000  0.000  0.000 0.000 0.000
-1.500  1.500  1.185  0.000  0.000  0.000  0.000  0.000  0.000 0.000 0.000
-1.500  1.500  1.185  0.000  0.000  0.000  0.000  0.000  0.000 0.000 0.000
-1.500  1.500  1.185  0.000  0.000  0.000  0.000  0.000  0.000 0.000 0.000
-1.500  1.500  1.185  0.000  0.000  0.000  0.000  0.000  0.000 0.000 0.000
-1.500  1.500  1.185  0.000  0.000  0.000  0.000  0.000  0.000 0.000 0.000
-1.500  1.500  1.185  0.000  0.000  0.000  0.000  0.000  0.000 0.000 0.000
-1.500  1.500  1.185  0.000  0.000  0.000  0.000  0.000  0.000 0.000 0.000
-1.500  1.500  1.185  0.000  0.000  0.000  0.000  0.000  0.000 0.000 0.000
-1.500  1.500  1.185  0.000  0.000  0.000  0.000  0.000  0.000 0.000 0.000
-1.500  1.500  1.185  0.000  0.000  0.000  0.000  0.000  0.000 0.000 0.000
-1.500  1.500  1.185  0.000  0.000  0.000  0.000  0.000  0.000 0.000 0.000
-1.500  1.500  1.185  0.000  0.000  0.000  0.000  0.000  0.000 0.000 0.000
-1.500  1.500  1.185  0.000  0.000  0.000  0.000  0.000  0.000 0.000 0.000
-1.500  1.500  1.185  0.000  0.000  0.000  0.000  0.000  0.000 0.000 0.000
-1.500  1.500  1.185  0.000  0.000  0.000  0.000  0.000  0.000 0.000 0.000
-1.500  1.500  1.185  0.000  0.000  0.000  0.000  0.000  0.000 0.000 0.000
-1.500  1.500  1.185  0.000  0.000  0.000  0.000  0.000  0.000 0.000 0.000
-1.500  1.500  1.185  0.000  0.000  0.000  0.000  0.000  0.000 0.000 0.000
-1.500  1.500  1.185  0.000  0.000  0.000  0.000  0.000  0.000 0.000 0.000
-1.500  1.500  1.185  0.000  0.000  0.000  0.000  0.000  0.000 0.000 0.000
-1.500  1.500  1.185  0.000  0.000  0.000  0.000  0.000  0.000 0.000 0.000
-1.500  1.500  1.185  0.000  0.000  0.000  0.000  0.000  0.000 0.000 0.000
-1.500  1.500  1.185  0.000  0.000  0.000  0.000  0.000  0.000 0.000 0.000
-1.500  1.500  1.185  0.000  0.000  0.000  0.000  0.000  0.000 0.000 0.000
-1.500  1.500  1.185  0.000  0.000  0.000  0.000  0.000  0.000 0.000 0.000
-1.500  1.500  1.185  0.000  0.000  0.000  0.000  0.000  0.000 0.000 0.000
-1.500  1.500  1.185  0.000  0.000  0.000  0.000  0.000  0.000 0.000 0.000
-1.500  1.500  1.185  0.000  0.000  0.000  0.000  0.000  0.000 0.000 0.000
-1.500  1.500  1.185  0.000  0.000  0.000  0.000  0.000  0.000 0.000 0.000
-1.500  1.500  1.185  0.000  0.000  0.000  0.000  0.000  0.000 0.000 0.000
-1.500  1.500  1.185  0.000  0.000  0.000  0.000  0.000  0.000 0.000 0.000
-1.500  1.500  1.185  0.000  0.000  0.000  0.000  0.000  0.000 0.000 0.000
-1.500  1.500  1.185  0.000  0.000  0.000  0.000  0.000  0.000 0.000 0.000
-1.500  1.500  1.185  0.000  0.000  0.000  0.000  0.000  0.000 0.000 0.000
-1.500  1.500  1.185  0.000  0.000  0.000  0.000  0.000  0.000 0.000 0.000
-1.500  1.500  1.185  0.000  0.000  0.000  0.000  0.000  0.000 0.000 0.000
-1.500  1.500  1.185  0.000  0.000  0.000  0.000  0.000  0.000 0.000 0.000
-1.500  1.500  1.185  0.000  0.000  0.000  0.000  0.000  0.000 0.000 0.000
-1.500  1.500  1.185  0.000  0.000  0.000  0.000  0.000  0.000 0.000 0.000
-1.500  1.500  1.185  0.000  0.000  0.000  0.000  0.000  0.000 0.000 0.000
-1.500  1.500  1.185  0.000  0.000  0.000  0.000  0.000  0.000 0.000 0.000
-1.500  1.500  1.185  0.000  0.000  0.000  0.000  0.000  0.000 0.000 0.000
-1.500  1.500  1.185  0.000  0.000  0.000  0.000  0.000  0.000 0.000 0.000
-1.500  1.500  1.185  0.000  0.000  0.000  0.000  0.000  0.000 0.000 0.000
-1.500  1.500  1.185  0.000  0.000  0.000  0.000  0.000  0.000 0.000 0.000
-1.500  1.500  1.185  0.000  0.000  0.000  0.000  0.000  0.000 0.000 0.000
-1.500  1.500  1.185  0.000  0.000  0.000  0.000  0.000  0.000 0.000 0.000
-1.500  1.500  1.185  0.000  0.000  0.000  0.000  0.000  0.000 0.000 0.000
-1.500  1.500  1.185  0.000  0.000  0.000  0.000  0.000  0.000 0.000 0.000
-1.500  1.500  1.185  0.000  0.000  0.000  0.000  0.000  0.000 0.000 0.000
-1.500  1.500  1.185  0.000  0.000  0.000  0.000  0.000  0.000 0.000 0.000
-1.500  1.500  1.185  0.000  0.000  0.000  0.000  0.000  0.000 0.000 0.000
-1.500  1.500  1.185  0.000  0.000  0.000  0.000  0.000  0.000 0.000 0.000
-1.500  1.500  1.185  0.000  0.000  0.000  0.000  0.000  0.000 0.000 0.000
-1.500  1.500  1.185  0.000  0.000  0.000  0.000  0.000  0.000 0.000 0.000
-1.500  1.500  1.185  0.000  0.000  0.000  0.000  0.000  0.000 0.000 0.000
-1.500  1.500  1.185  0.000  0.000  0.000  0.000  0.000  0.000 0.000 0.000
-1.500  1.500  1.185  0.000  0.000  0.000  0.000  0.000  0.000 0.000 0.000
-1.500  1.500  1.185  0.000  0.000  0.000  0.000  0.000  0.000 0.000 0.000
-1.500  1.500  1.185  0.000  0.000  0.000  0.000  0.000  0.000 0.000 0.000
-1.500  1.500  1.185  0.000  0.000  0.000  0.000  0.000  0.000 0.000 0.000
-1.500  1.500  1.185  0.000  0.000  0.000  0.000  0.000  0.000 0.000 0.000
-1.500  1.500  1.185  0.000  0.000  0.000  0.000  0.000  0.000 0.000 0.000
-1.500  1.500  1.185  0.000  0.000  0.000  0.000  0.000  0.000 0.000 0.000
-1.500  1.500  1.185  0.000  0.000  0.000  0.000  0.000  0.000 0.000 0.000
-1.500  1.500  1.185  0.000  0.000  0.000  0.000  0.000  0.000 0.000 0.000
-1.500  1.500  1.185  0.000  0.000  0.000  0.000  0.000  0.000 0.000 0.000
-1.500  1.500  1.185  0.000  0.000  0.000  0.000  0.000  0.000 0.000 0.000
-1.500  1.500  1.185  0.000  0.000  0.000  0.000  0.000  0.000 0.000 0.000
-1.500  1.500  1.185  0.000  0.000  0.000  0.000  0.000  0.000 0.000 0.000
-1.500  1.500  1.185  0.000  0.000  0.000  0.000  0.000  0.000 0.000 0.000
-1.500  1.500  1.185  0.000  0.000  0.000  0.000  0.000  0.000 0.000 0.000
-1.500  1.500  1.185  0.000  0.000  0.000  0.000  0.000  0.000 0.000 0.000
-1.500  1.500  1.185  0.000  0.000  0.000  0.000  0.000  0.000 0.000 0.000
-1.500  1.500  1.185  0.000  0.000  0.000  0.000  0.000  0.000 0.000 0.000
-1.500  1.500  1.185  0.000  0.000  0.000  0.000  0.000  0.000 0.000 0.000
-1.500  1.500  1.185  0.000  0.000  0.000  0.000  0.000  0.000 0.000 0.000
-1.500  1.500  1.185  0.000  0.000  0.000  0.000  0.000  0.000 0.000 0.000
-1.500  1.500  1.185  0.000  0.000  0.000  0.000  0.000  0.000 0.000 0.000
-1.500  1.500  1.185  0.000  0.000  0.000  0.000  0.000  0.000 0.000 0.000
-1.500  1.500  1.185  0.000  0.000  0.000  0.000  0.000  0.000 0.000 0.000
-1.500  1.500  1.185  0.000  0.000  0.000  0.000  0.000  0.000 0.000 0.000
-1.500  1.500  1.185  0.000  0.000  0.000  0.000  0.000  0.000 0.000 0.000
-1.500  1.500  1.185  0.000  0.000  0.000  0.000  0.000  0.000 0.000 0.000
-1.500  1.500  1.185  0.000  0.000  0.000  0.000  0.000  0.000 0.000 0.000
-1.500  1.500  1.185  0.000  0.000  0.000  0.000  0.000  0.000 0.000 0.000
-1.500  1.500  1.185  0.000  0.000  0.000  0.000  0.000  0.000 0.000 0.000
-1.500  1.500  1.185  0.000  0.000  0.000  0.000  0.000  0.000 0.000 0.000
-1.500  1.500  1.185  0.000  0.000  0.000  0.000  0.000  0.000 0.000 0.000
-1.500  1.500  1.185  0.000  0.000  0.000  0.000  0.000  0.000 0.000 0.000
-1.500  1.500  1.185  0.000  0.000  0.000  0.000  0.000  0.000 0.000 0.000
-1.500  1.500  1.185  0.000  0.000  0.000  0.000  0.000  0.000 0.000 0.000
-1.500  1.500  1.185  0.000  0.000  0.000  0.000  0.000  0.000 0.000 0.000
-1.500  1.500  1.185  0.000  0.000  0.000  0.000  0.000  0.000 0.000 0.000
-1.500  1.500  1.185  0.000  0.000  0.000  0.000  0.000  0.000 0.000 0.000
-1.500  1.500  1.185  0.000  0.000  0.000  0.000  0.000  0.000 0.000 0.000
-1.500  1.500  1.185  0.000  0.000  0.000  0.000  0.000  0.000 0.000 0.000
-1.500  1.500  1.185  0.000  0.000  0.000  0.000  0.000  0.000 0.000 0.000
-1.500  1.500  1.185  0.000  0.000  0.000  0.000  0.000  0.000 0.000 0.000
-1.500  1.500  1.185  0.000  0.000  0.000  0.000  0.000  0.000 0.000 0.000
-1.500  1.500  1.185  0.000  0.000  0.000  0.000  0.000  0.000 0.000 0.000
-1.500  1.500  1.185  0.000  0.000  0.000  0.000  0.000  0.000 0.000 0.000
-1.500  1.500  1.185  0.000  0.000  0.000  0.000  0.000  0.000 0.000 0.000
-1.500  1.500  1.185  0.000  0.000  0.000  0.000  0.000  0.000 0.000 0.000
-1.500  1.500  1.185  0.000  0.000  0.000  0.000  0.000  0.000 0.000 0.000
-1.500  1.500  1.185  0.000  0.000  0.000  0.000  0.000  0.000 0.000 0.000
-1.500  1.500  1.185  0.000  0.000  0.000  0.000  0.000  0.000 0.000 0.000
-1.500  1.500  1.185  0.000  0.000  0.000  0.000  0.000  0.000 0.000 0.000
-1.500  1.500  1.185  0.000  0.000  0.000  0.000  0.000  0.000 0.000 0.000
-1.500  1.500  1.185  0.000  0.000  0.000  0.000  0.000  0.000 0.000 0.000
-1.500  1.500  1.185  0.000  0.000  0.000  0.000  0.000  0.000 0.000 0.000
-1.500  1.500  1.185  0.000  0.000  0.000  0.000  0.000  0.000 0.000 0.000
-1.500  1.500  1.185  0.000  0.000  0.000  0.000  0.000  0.000 0.000 0.000
-1.500  1.500  1.185  0.000  0.000  0.000  0.000  0.000  0.000 0.000 0.000
-1.500  1.500  1.185  0.000  0.000  0.000  0.000  0.000  0.000 0.000 0.000
-1.500  1.500  1.185  0.000  0.000  0.000  0.000  0.000  0.000 0.000 0.000
-1.500  1.500  1.185  0.000  0.000  0.000  0.000  0.000  0.000 0.000 0.000
-1.500  1.500  1.185  0.000  0.000  0.000  0.000  0.000  0.000 0.000 0.000
-1.500  1.500  1.185  0.000  0.000  0.000  0.000  0.000  0.000 0.000 0.000
-1.500  1.500  1.185  0.000  0.000  0.000  0.000  0.000  0.000 0.000 0.000
-1.500  1.500  1.185  0.000  0.000  0.000  0.000  0.000  0.000 0.000 0.000
-1.500  1.500  1.185  0.000  0.000  0.000  0.000  0.000  0.000 0.000 0.000
-1.500  1.500  1.185  0.000  0.000  0.000  0.000  0.000  0.000 0.000 0.000
-1.500  1.500  1.185  0.000  0.000  0.000  0.000  0.000  0.000 0.000 0.000
-1.500  1.500  1.185  0.000  0.000  0.000  0.000  0.000  0.000 0.000 0.000
-1.500  1.500  1.185  0.000  0.000  0.000  0.000  0.000  0.000 0.000 0.000
-1.500  1.500  1.185  0.000  0.000  0.000  0.000  0.000  0.000 0.000 0.000
-1.500  1.500  1.185  0.000  0.000  0.000  0.000  0.001  0.000 0.000 0.000
-1.500  1.500  1.185  0.000  0.000  0.000  0.000  0.004  0.000 0.000 0.000
-1.500  1.500  1.185  0.000  0.000  0.000  0.000  0.009  0.000 0.000 0.000
-1.500  1.500  1.185  0.000  0.001  0.001  0.001  0.015  0.001 0.000 0.000
-1.500  1.500  1.185  0.000  0.002  0.002  0.001  0.022  0.001 0.000 0.000
-1.500  1.500  1.185  0.000  0.003  0.003  0.002  0.030  0.002 0.000 0.000
-1.500  1.500  1.185  0.000  0.005  0.005  0.003  0.039  0.003 0.000 0.000
-1.500  1.501  1.185  0.000  0.007  0.007  0.004  0.049  0.004 0.000 0.000
-1.500  1.501  1.185  0.001  0.010  0.010  0.005  0.059  0.005 0.000 0.000
-1.500  1.502  1.185  0.001  0.013  0.013  0.007  0.069  0.007 0.000 0.000
-1.500  1.503  1.185  0.001  0.017  0.017  0.008  0.080  0.008 0.000 0.000
-1.500  1.503  1.185  0.002  0.021  0.021  0.010  0.090  0.010 0.000 0.000
-1.500  1.505  1.185  0.002  0.026  0.026  0.013  0.100  0.013 0.000 0.000
-1.500  1.506  1.185  0.003  0.031  0.031  0.015  0.110  0.015 0.000 0.000
-1.499  1.508  1.185  0.004  0.037  0.037  0.018  0.120  0.018 0.000 0.000
-1.499  1.510  1.185  0.005  0.043  0.043  0.021  0.129  0.021 0.000 0.000
-1.499  1.512  1.185  0.006  0.050  0.050  0.024  0.137  0.024 0.000 0.000
-1.499  1.515  1.185  0.007  0.057  0.057  0.028  0.145  0.028 0.000 0.000
-1.498  1.518  1.185  0.009  0.064  0.064  0.032  0.152  0.032 0.000 0.000
-1.498  1.521  1.185  0.010  0.072  0.072  0.036  0.158  0.036 0.000 0.000
-1.497  1.525  1.185  0.012  0.080  0.080  0.040  0.163  0.040 0.000 0.000
-1.496  1.529  1.185  0.014  0.088  0.088  0.044  0.167  0.044 0.000 0.000
-1.496  1.534  1.185  0.017  0.097  0.097  0.049  0.171  0.049 0.000 0.000
-1.495  1.539  1.185  0.019  0.105  0.105  0.054  0.173  0.054 0.000 0.000
-1.494  1.544  1.185  0.022  0.114  0.114  0.059  0.175  0.059 0.000 0.000
-1.492  1.550  1.185  0.025  0.123  0.123  0.064  0.176  0.064 0.000 0.000
-1.491  1.557  1.185  0.029  0.132  0.132  0.069  0.175  0.069 0.000 0.000
-1.490  1.563  1.185  0.032  0.140  0.140  0.075  0.174  0.075 0.000 0.000
-1.488  1.571  1.185  0.036  0.149  0.149  0.080  0.171  0.080 0.000 0.000
-1.486  1.578  1.185  0.040  0.157  0.157  0.086  0.168  0.086 0.000 0.000
-1.484  1.586  1.185  0.045  0.166  0.166  0.092  0.164  0.092 0.000 0.000
-1.482  1.595  1.185  0.049  0.174  0.174  0.097  0.159  0.097 0.000 0.000
-1.479  1.604  1.185  0.054  0.182  0.182  0.103  0.153  0.103 0.000 0.000
-1.476  1.613  1.185  0.060  0.189  0.189  0.109  0.146  0.109 0.000 0.000
-1.473  1.623  1.185  0.065  0.196  0.196  0.114  0.138  0.114 0.000 0.000
-1.470  1.633  1.185  0.071  0.203  0.203  0.120  0.129  0.120 0.000 0.000
-1.466  1.643  1.185  0.077  0.209  0.209  0.126  0.120  0.126 0.000 0.000
-1.462  1.653  1.185  0.084  0.215  0.215  0.131  0.110  0.131 0.000 0.000
-1.457  1.664  1.185  0.090  0.220  0.220  0.136  0.100  0.136 0.000 0.000
-1.453  1.675  1.185  0.097  0.225  0.225  0.142  0.089  0.142 0.000 0.000
-1.448  1.687  1.185  0.105  0.229  0.229  0.147  0.077  0.147 0.000 0.000
-1.442  1.698  1.185  0.112  0.232  0.232  0.152  0.065  0.152 0.000 0.000
-1.436  1.710  1.185  0.120  0.235  0.235  0.156  0.053  0.156 0.000 0.000
-1.430  1.722  1.185  0.128  0.238  0.238  0.161  0.040  0.161 0.000 0.000
-1.424  1.734  1.185  0.136  0.239  0.239  0.165  0.027  0.165 0.000 0.000
-1.417  1.746  1.185  0.144  0.240  0.240  0.169  0.014  0.169 0.000 0.000
-1.409  1.758  1.185  0.153  0.241  0.241  0.172  0.001  0.172 0.000 0.000
-1.401  1.770  1.185  0.161  0.241  0.241  0.176 -0.012  0.176 0.000 0.000
-1.393  1.782  1.185  0.170  0.240  0.240  0.179 -0.025  0.179 0.000 0.000
-1.384  1.794  1.185  0.179  0.238  0.238  0.181 -0.038  0.181 0.000 0.000
-1.375  1.806  1.185  0.188  0.236  0.236  0.184 -0.051  0.184 0.000 0.000
-1.366  1.817  1.185  0.198  0.233  0.233  0.186 -0.064  0.186 0.000 0.000
-1.355  1.829  1.185  0.207  0.229  0.229  0.187 -0.076  0.187 0.000 0.000
-1.345  1.840  1.185  0.216  0.225  0.225  0.188 -0.088  0.188 0.000 0.000
-1.334  1.852  1.185  0.226  0.221  0.221  0.189 -0.099  0.189 0.000 0.000
-1.322  1.862  1.185  0.235  0.216  0.216  0.189 -0.110  0.189 0.000 0.000
-1.310  1.873  1.185  0.245  0.210  0.210  0.189 -0.120  0.189 0.000 0.000
-1.298  1.883  1.185  0.254  0.203  0.203  0.188 -0.130  0.188 0.000 0.000
-1.285  1.893  1.185  0.263  0.197  0.197  0.187 -0.139  0.187 0.000 0.000
-1.271  1.903  1.185  0.273  0.190  0.190  0.186 -0.147  0.186 0.000 0.000
-1.258  1.912  1.185  0.282  0.182  0.182  0.184 -0.155  0.184 0.000 0.000
-1.243  1.921  1.185  0.291  0.174  0.174  0.181 -0.162  0.181 0.000 0.000
-1.229  1.930  1.185  0.300  0.166  0.166  0.178 -0.168  0.178 0.000 0.000
-1.213  1.938  1.185  0.309  0.157  0.157  0.175 -0.173  0.175 0.000 0.000
-1.198  1.945  1.185  0.318  0.149  0.149  0.171 -0.177  0.171 0.000 0.000
-1.182  1.953  1.185  0.326  0.140  0.140  0.167 -0.180  0.167 0.000 0.000
-1.165  1.959  1.185  0.334  0.131  0.131  0.162 -0.182  0.162 0.000 0.000
-1.148  1.966  1.185  0.342  0.122  0.122  0.157 -0.183  0.157 0.000 0.000
-1.131  1.972  1.185  0.350  0.112  0.112  0.151 -0.183  0.151 0.000 0.000
-1.113  1.977  1.185  0.357  0.103  0.103  0.145 -0.182  0.145 0.000 0.000
-1.095  1.982  1.185  0.364  0.094  0.094  0.139 -0.181  0.139 0.000 0.000
-1.077  1.986  1.185  0.371  0.085  0.085  0.132 -0.178  0.132 0.000 0.000
-1.058  1.990  1.185  0.378  0.076  0.076  0.125 -0.174  0.125 0.000 0.000
-1.039  1.994  1.185  0.384  0.068  0.068  0.117 -0.170  0.117 0.000 0.000
-1.020  1.997  1.185  0.389  0.059  0.059  0.110 -0.164  0.110 0.000 0.000
-1.000  2.000  1.185  0.395  0.051  0.051  0.102 -0.158  0.102 0.000 0.000
-0.980  2.002  1.185  0.399  0.044  0.044  0.093 -0.151  0.093 0.000 0.000
-0.960  2.004  1.185  0.404  0.036  0.036  0.085 -0.143  0.085 0.000 0.000
-0.940  2.006  1.185  0.408  0.029  0.029  0.077 -0.135  0.077 0.000 0.000
-0.919  2.007  1.185  0.412  0.023  0.023  0.068 -0.126  0.068 0.000 0.000
-0.899  2.008  1.185  0.415  0.017  0.017  0.059 -0.116  0.059 0.000 0.000
-0.878  2.009  1.185  0.418  0.011  0.011  0.051 -0.106  0.051 0.000 0.000
-0.857  2.009  1.185  0.420  0.006  0.006  0.042 -0.096  0.042 0.000 0.000
-0.836  2.010  1.185  0.422  0.002  0.002  0.034 -0.086  0.034 0.000 0.000
-0.815  2.010  1.185  0.423 -0.002 -0.002  0.025 -0.075  0.025 0.000 0.000
-0.794  2.009  1.185  0.424 -0.006 -0.006  0.017 -0.065  0.017 0.000 0.000
-0.772  2.009  1.185  0.425 -0.009 -0.009  0.009 -0.055  0.009 0.000 0.000
-0.751  2.009  1.185  0.425 -0.011 -0.011  0.002 -0.044  0.002 0.000 0.000
-0.730  2.008  1.185  0.425 -0.013 -0.013 -0.006 -0.034 -0.006 0.000 0.000
-0.709  2.007  1.185  0.425 -0.015 -0.015 -0.012 -0.025 -0.012 0.000 0.000
-0.687  2.006  1.185  0.424 -0.016 -0.016 -0.019 -0.016 -0.019 0.000 0.000
-0.666  2.006  1.185  0.423 -0.016 -0.016 -0.025 -0.007 -0.025 0.000 0.000
-0.645  2.005  1.185  0.421 -0.016 -0.016 -0.031  0.001 -0.031 0.000 0.000
-0.624  2.004  1.185  0.420 -0.016 -0.016 -0.036  0.008 -0.036 0.000 0.000
-0.603  2.003  1.185  0.418 -0.016 -0.016 -0.040  0.014 -0.040 0.000 0.000
-0.582  2.002  1.185  0.416 -0.015 -0.015 -0.044  0.020 -0.044 0.000 0.000
-0.561  2.002  1.185  0.414 -0.014 -0.014 -0.047  0.025 -0.047 0.000 0.000
-0.541  2.001  1.185  0.411 -0.012 -0.012 -0.050  0.028 -0.050 0.000 0.000
-0.520  2.001  1.185  0.409 -0.011 -0.011 -0.052  0.031 -0.052 0.000 0.000
-0.500  2.000  1.185  0.406 -0.009 -0.009 -0.053  0.034 -0.053 0.000 0.000
-0.480  2.000  1.185  0.403 -0.008 -0.008 -0.054  0.035 -0.054 0.000 0.000
-0.460  1.999  1.185  0.401 -0.006 -0.006 -0.054  0.035 -0.054 0.000 0.000
-0.440  1.999  1.185  0.398 -0.004 -0.004 -0.053  0.035 -0.053 0.000 0.000
-0.420  1.999  1.185  0.395 -0.002 -0.002 -0.052  0.033 -0.052 0.000 0.000
-0.400  1.999  1.185  0.393 -0.001 -0.001 -0.050  0.031 -0.050 0.000 0.000
-0.381  1.999  1.185  0.390  0.001  0.001 -0.048  0.028 -0.048 0.000 0.000
-0.361  1.999  1.185  0.388  0.002  0.002 -0.045  0.025 -0.045 0.000 0.000
-0.342  1.999  1.185  0.386  0.003  0.003 -0.042  0.021 -0.042 0.000 0.000
-0.323  1.999  1.185  0.384  0.004  0.004 -0.038  0.017 -0.038 0.000 0.000
-0.303  1.999  1.185  0.382  0.005  0.005 -0.034  0.013 -0.034 0.000 0.000
-0.284  2.000  1.185  0.380  0.005  0.005 -0.029  0.008 -0.029 0.000 0.000
-0.265  2.000  1.185  0.379  0.006  0.006 -0.025  0.003 -0.025 0.000 0.000
-0.246  2.000  1.185  0.378  0.006  0.006 -0.019 -0.002 -0.019 0.000 0.000
-0.228  2.000  1.185  0.377  0.005  0.005 -0.014 -0.007 -0.014 0.000 0.000
-0.209  2.001  1.185  0.377  0.005  0.005 -0.009 -0.011 -0.009 0.000 0.000
-0.190  2.001  1.185  0.376  0.004  0.004 -0.003 -0.016 -0.003 0.000 0.000
-0.171  2.001  1.185  0.376  0.003  0.003  0.002 -0.020  0.002 0.000 0.000
-0.152  2.001  1.185  0.376  0.002  0.002  0.008 -0.023  0.008 0.000 0.000
-0.133  2.001  1.185  0.377  0.001  0.001  0.013 -0.026  0.013 0.000 0.000
-0.115  2.001  1.185  0.378 -0.000 -0.000  0.019 -0.028  0.019 0.000 0.000
-0.096  2.001  1.185  0.379 -0.002 -0.002  0.024 -0.030  0.024 0.000 0.000
-0.077  2.001  1.185  0.380 -0.003 -0.003  0.029 -0.031  0.029 0.000 0.000
-0.058  2.001  1.185  0.382 -0.005 -0.005  0.033 -0.031  0.033 0.000 0.000
-0.039  2.001  1.185  0.383 -0.006 -0.006  0.038 -0.030  0.038 0.000 0.000
-0.019  2.000  1.185  0.385 -0.008 -0.008  0.042 -0.029  0.042 0.000 0.000
-0.000  2.000  1.185  0.388 -0.009 -0.009  0.045 -0.027  0.045 0.000 0.000
 0.019  2.000  1.185  0.390 -0.010 -0.010  0.049 -0.023  0.049 0.000 0.000
 0.039  1.999  1.185  0.392 -0.012 -0.012  0.051 -0.020  0.051 0.000 0.000
 0.059  1.998  1.185  0.395 -0.012 -0.012  0.054 -0.015  0.054 0.000 0.000
 0.079  1.998  1.185  0.398 -0.013 -0.013  0.055 -0.010  0.055 0.000 0.000
 0.098  1.997  1.185  0.401 -0.013 -0.013  0.057 -0.004  0.057 0.000 0.000
 0.119  1.996  1.185  0.403 -0.013 -0.013  0.057  0.002  0.057 0.000 0.000
 0.139  1.996  1.185  0.406 -0.013 -0.013  0.057  0.009  0.057 0.000 0.000
 0.159  1.995  1.185  0.409 -0.012 -0.012  0.057  0.016  0.057 0.000 0.000
 0.180  1.994  1.185  0.412 -0.012 -0.012  0.056  0.023  0.056 0.000 0.000
 0.200  1.994  1.185  0.415 -0.010 -0.010  0.054  0.030  0.054 0.000 0.000
 0.221  1.993  1.185  0.417 -0.009 -0.009  0.052  0.036  0.052 0.000 0.000
 0.242  1.993  1.185  0.420 -0.007 -0.007  0.050  0.043  0.050 0.000 0.000
 0.263  1.993  1.185  0.422 -0.004 -0.004  0.047  0.049  0.047 0.000 0.000
 0.284  1.993  1.185  0.425 -0.002 -0.002  0.043  0.055  0.043 0.000 0.000
 0.306  1.993  1.185  0.427  0.001  0.001  0.039  0.060  0.039 0.000 0.000
 0.327  1.993  1.185  0.429  0.004  0.004  0.034  0.064  0.034 0.000 0.000
 0.349  1.993  1.185  0.430  0.008  0.008  0.029  0.067  0.029 0.000 0.000
 0.370  1.994  1.185  0.431  0.011  0.011  0.023  0.070  0.023 0.000 0.000
 0.392  1.994  1.185  0.432  0.015  0.015  0.018  0.071  0.018 0.000 0.000
 0.413  1.995  1.185  0.433  0.018  0.018  0.011  0.071  0.011 0.000 0.000
 0.435  1.996  1.185  0.434  0.022  0.022  0.005  0.070  0.005 0.000 0.000
 0.457  1.997  1.185  0.434  0.025  0.025 -0.002  0.067 -0.002 0.000 0.000
 0.478  1.999  1.185  0.433  0.028  0.028 -0.009  0.063 -0.009 0.000 0.000
 0.500  2.000  1.185  0.433  0.031  0.031 -0.017  0.058 -0.017 0.000 0.000
 0.522  2.002  1.185  0.432  0.034  0.034 -0.024  0.052 -0.024 0.000 0.000
 0.543  2.003  1.185  0.430  0.036  0.036 -0.032  0.044 -0.032 0.000 0.000
 0.565  2.005  1.185  0.428  0.038  0.038 -0.039  0.034 -0.039 0.000 0.000
 0.586  2.007  1.185  0.426  0.040  0.040 -0.047  0.024 -0.047 0.000 0.000
 0.607  2.009  1.185  0.424  0.041  0.041 -0.055  0.012 -0.055 0.000 0.000
 0.628  2.011  1.185  0.421  0.041  0.041 -0.062 -0.001 -0.062 0.000 0.000
 0.649  2.013  1.185  0.418  0.041  0.041 -0.069 -0.014 -0.069 0.000 0.000
 0.670  2.015  1.185  0.414  0.040  0.040 -0.076 -0.029 -0.076 0.000 0.000
 0.691  2.017  1.185  0.410  0.038  0.038 -0.083 -0.044 -0.083 0.000 0.000
 0.711  2.019  1.185  0.406  0.035  0.035 -0.090 -0.061 -0.090 0.000 0.000
 0.731  2.021  1.185  0.401  0.032  0.032 -0.096 -0.077 -0.096 0.000 0.000
 0.751  2.022  1.185  0.396  0.027  0.027 -0.101 -0.094 -0.101 0.000 0.000
 0.771  2.024  1.185  0.391  0.022  0.022 -0.106 -0.111 -0.106 0.000 0.000
 0.790  2.025  1.185  0.385  0.016  0.016 -0.111 -0.128 -0.111 0.000 0.000
 0.809  2.025  1.185  0.380  0.010  0.010 -0.115 -0.145 -0.115 0.000 0.000
 0.828  2.025  1.185  0.374  0.002  0.002 -0.118 -0.162 -0.118 0.000 0.000
 0.847  2.025  1.185  0.368 -0.007 -0.007 -0.121 -0.178 -0.121 0.000 0.000
 0.865  2.025  1.185  0.362 -0.016 -0.016 -0.123 -0.194 -0.123 0.000 0.000
 0.883  2.024  1.185  0.356 -0.026 -0.026 -0.124 -0.209 -0.124 0.000 0.000
 0.901  2.022  1.185  0.350 -0.037 -0.037 -0.124 -0.223 -0.124 0.000 0.000
 0.918  2.020  1.185  0.343 -0.048 -0.048 -0.124 -0.236 -0.124 0.000 0.000
 0.935  2.017  1.185  0.337 -0.060 -0.060 -0.123 -0.248 -0.123 0.000 0.000
 0.952  2.014  1.185  0.331 -0.073 -0.073 -0.121 -0.259 -0.121 0.000 0.000
 0.968  2.010  1.185  0.325 -0.086 -0.086 -0.119 -0.268 -0.119 0.000 0.000
 0.984  2.005  1.185  0.319 -0.100 -0.100 -0.115 -0.276 -0.115 0.000 0.000
 1.000  2.000  1.185  0.314 -0.114 -0.114 -0.111 -0.282 -0.111 0.000 0.000
 1.016  1.994  1.185  0.308 -0.128 -0.128 -0.106 -0.287 -0.106 0.000 0.000
 1.031  1.987  1.185  0.303 -0.143 -0.143 -0.100 -0.290 -0.100 0.000 0.000
 1.046  1.980  1.185  0.298 -0.157 -0.157 -0.094 -0.292 -0.094 0.000 0.000
 1.061  1.971  1.185  0.294 -0.172 -0.172 -0.087 -0.292 -0.087 0.000 0.000
 1.075  1.963  1.185  0.289 -0.186 -0.186 -0.079 -0.290 -0.079 0.000 0.000
 1.090  1.953  1.185  0.286 -0.201 -0.201 -0.071 -0.286 -0.071 0.000 0.000
 1.104  1.942  1.185  0.282 -0.215 -0.215 -0.062 -0.281 -0.062 0.000 0.000
 1.118  1.931  1.185  0.279 -0.229 -0.229 -0.053 -0.275 -0.053 0.000 0.000
 1.132  1.920  1.185  0.277 -0.242 -0.242 -0.044 -0.267 -0.044 0.000 0.000
 1.146  1.907  1.185  0.275 -0.255 -0.255 -0.034 -0.258 -0.034 0.000 0.000
 1.159  1.894  1.185  0.274 -0.268 -0.268 -0.024 -0.247 -0.024 0.000 0.000
 1.173  1.880  1.185  0.273 -0.280 -0.280 -0.014 -0.235 -0.014 0.000 0.000
 1.187  1.866  1.185  0.272 -0.292 -0.292 -0.004 -0.222 -0.004 0.000 0.000
 1.200  1.851  1.185  0.272 -0.302 -0.302  0.005 -0.208  0.005 0.000 0.000
 1.214  1.836  1.185  0.273 -0.312 -0.312  0.015 -0.193  0.015 0.000 0.000
 1.227  1.820  1.185  0.274 -0.322 -0.322  0.025 -0.177  0.025 0.000 0.000
 1.241  1.804  1.185  0.275 -0.330 -0.330  0.034 -0.161  0.034 0.000 0.000
 1.255  1.787  1.185  0.277 -0.338 -0.338  0.043 -0.144  0.043 0.000 0.000
 1.269  1.770  1.185  0.279 -0.344 -0.344  0.051 -0.127  0.051 0.000 0.000
 1.283  1.753  1.185  0.282 -0.350 -0.350  0.059 -0.109  0.059 0.000 0.000
 1.297  1.735  1.185  0.285 -0.355 -0.355  0.066 -0.091  0.066 0.000 0.000
 1.311  1.717  1.185  0.289 -0.359 -0.359  0.072 -0.074  0.072 0.000 0.000
 1.326  1.699  1.185  0.293 -0.363 -0.363  0.078 -0.056  0.078 0.000 0.000
 1.341  1.681  1.185  0.297 -0.365 -0.365  0.082 -0.038  0.082 0.000 0.000
 1.356  1.662  1.185  0.301 -0.367 -0.367  0.086 -0.021  0.086 0.000 0.000
 1.371  1.644  1.185  0.305 -0.367 -0.367  0.089 -0.005  0.089 0.000 0.000
 1.386  1.626  1.185  0.310 -0.367 -0.367  0.091  0.011  0.091 0.000 0.000
 1.402  1.607  1.185  0.314 -0.366 -0.366  0.092  0.026  0.092 0.000 0.000
 1.418  1.589  1.185  0.319 -0.364 -0.364  0.091  0.041  0.091 0.000 0.000
 1.434  1.571  1.185  0.323 -0.362 -0.362  0.090  0.054  0.090 0.000 0.000
 1.450  1.553  1.185  0.328 -0.359 -0.359  0.087  0.067  0.087 0.000 0.000
 1.466  1.535  1.185  0.332 -0.355 -0.355  0.084  0.078  0.084 0.000 0.000
 1.483  1.517  1.185  0.336 -0.351 -0.351  0.079  0.089  0.079 0.000 0.000
 1.500  1.500  1.185  0.340 -0.347 -0.347  0.073  0.098  0.073 0.000 0.000
 1.517  1.483  1.185  0.343 -0.341 -0.341  0.066  0.105  0.066 0.000 0.000
 1.534  1.466  1.185  0.346 -0.336 -0.336  0.058  0.112  0.058 0.000 0.000
 1.552  1.449  1.185  0.349 -0.330 -0.330  0.048  0.117  0.048 0.000 0.000
 1.569  1.433  1.185  0.351 -0.324 -0.324  0.038  0.121  0.038 0.000 0.000
 1.587  1.417  1.185  0.353 -0.318 -0.318  0.027  0.123  0.027 0.000 0.000
 1.605  1.401  1.185  0.354 -0.312 -0.312  0.015  0.125  0.015 0.000 0.000
 1.622  1.386  1.185  0.354 -0.306 -0.306  0.003  0.125  0.003 0.000 0.000
 1.640  1.370  1.185  0.354 -0.300 -0.300 -0.011  0.123 -0.011 0.000 0.000
 1.658  1.356  1.185  0.353 -0.293 -0.293 -0.025  0.121 -0.025 0.000 0.000
 1.675  1.341  1.185  0.352 -0.288 -0.288 -0.039  0.117 -0.039 0.000 0.000
 1.693  1.327  1.185  0.349 -0.282 -0.282 -0.054  0.112 -0.054 0.000 0.000
 1.710  1.313  1.185  0.346 -0.276 -0.276 -0.069  0.106 -0.069 0.000 0.000
 1.727  1.299  1.185  0.342 -0.271 -0.271 -0.084  0.099 -0.084 0.000 0.000
 1.744  1.286  1.185  0.338 -0.266 -0.266 -0.100  0.091 -0.100 0.000 0.000
 1.761  1.273  1.185  0.332 -0.262 -0.262 -0.115  0.082 -0.115 0.000 0.000
 1.778  1.260  1.185  0.326 -0.258 -0.258 -0.130  0.073 -0.130 0.000 0.000
 1.794  1.247  1.185  0.319 -0.255 -0.255 -0.145  0.063 -0.145 0.000 0.000
 1.810  1.234  1.185  0.312 -0.252 -0.252 -0.160  0.052 -0.160 0.000 0.000
 1.825  1.222  1.185  0.303 -0.250 -0.250 -0.174  0.041 -0.174 0.000 0.000
 1.840  1.209  1.185  0.294 -0.248 -0.248 -0.187  0.029 -0.187 0.000 0.000
 1.854  1.197  1.185  0.285 -0.247 -0.247 -0.200  0.017 -0.200 0.000 0.000
 1.868  1.184  1.185  0.274 -0.246 -0.246 -0.212  0.005 -0.212 0.000 0.000
 1.882  1.172  1.185  0.264 -0.246 -0.246 -0.223 -0.007 -0.223 0.000 0.000
 1.895  1.160  1.185  0.252 -0.247 -0.247 -0.233 -0.019 -0.233 0.000 0.000
 1.907  1.147  1.185  0.240 -0.248 -0.248 -0.242 -0.032 -0.242 0.000 0.000
 1.919  1.135  1.185  0.228 -0.250 -0.250 -0.250 -0.044 -0.250 0.000 0.000
 1.930  1.122  1.185  0.215 -0.252 -0.252 -0.256 -0.055 -0.256 0.000 0.000
 1.940  1.110  1.185  0.202 -0.256 -0.256 -0.261 -0.067 -0.261 0.000 0.000
 1.950  1.097  1.185  0.189 -0.259 -0.259 -0.265 -0.078 -0.265 0.000 0.000
 1.959  1.084  1.185  0.176 -0.263 -0.263 -0.268 -0.088 -0.268 0.000 0.000
 1.968  1.071  1.185  0.163 -0.268 -0.268 -0.269 -0.098 -0.269 0.000 0.000
 1.975  1.057  1.185  0.149 -0.273 -0.273 -0.269 -0.107 -0.269 0.000 0.000
 1.983  1.043  1.185  0.136 -0.279 -0.279 -0.267 -0.116 -0.267 0.000 0.000
 1.989  1.029  1.185  0.122 -0.285 -0.285 -0.264 -0.124 -0.264 0.000 0.000
 1.995  1.015  1.185  0.109 -0.291 -0.291 -0.259 -0.130 -0.259 0.000 0.000
 2.000  1.000  1.185  0.097 -0.298 -0.298 -0.253 -0.136 -0.253 0.000 0.000
 2.005  0.985  1.185  0.084 -0.305 -0.305 -0.246 -0.142 -0.246 0.000 0.000
 2.008  0.970  1.185  0.072 -0.312 -0.312 -0.237 -0.146 -0.237 0.000 0.000
 2.012  0.954  1.185  0.060 -0.319 -0.319 -0.227 -0.149 -0.227 0.000 0.000
 2.014  0.938  1.185  0.049 -0.327 -0.327 -0.216 -0.151 -0.216 0.000 0.000
 2.017  0.921  1.185  0.039 -0.334 -0.334 -0.204 -0.152 -0.204 0.000 0.000
 2.018  0.904  1.185  0.029 -0.342 -0.342 -0.191 -0.153 -0.191 0.000 0.000
 2.020  0.887  1.185  0.020 -0.350 -0.350 -0.178 -0.152 -0.178 0.000 0.000
 2.020  0.869  1.185  0.011 -0.357 -0.357 -0.163 -0.150 -0.163 0.000 0.000
 2.021  0.851  1.185  0.003 -0.365 -0.365 -0.148 -0.148 -0.148 0.000 0.000
 2.021  0.833  1.185 -0.004 -0.372 -0.372 -0.133 -0.145 -0.133 0.000 0.000
 2.020  0.814  1.185 -0.010 -0.379 -0.379 -0.118 -0.140 -0.118 0.000 0.000
 2.020  0.795  1.185 -0.015 -0.386 -0.386 -0.102 -0.135 -0.102 0.000 0.000
 2.019  0.775  1.185 -0.020 -0.393 -0.393 -0.086 -0.130 -0.086 0.000 0.000
 2.018  0.756  1.185 -0.024 -0.399 -0.399 -0.071 -0.123 -0.071 0.000 0.000
 2.016  0.736  1.185 -0.027 -0.405 -0.405 -0.056 -0.116 -0.056 0.000 0.000
 2.015  0.715  1.185 -0.030 -0.411 -0.411 -0.042 -0.109 -0.042 0.000 0.000
 2.013  0.694  1.185 -0.031 -0.416 -0.416 -0.028 -0.100 -0.028 0.000 0.000
 2.012  0.674  1.185 -0.032 -0.421 -0.421 -0.014 -0.092 -0.014 0.000 0.000
 2.010  0.652  1.185 -0.033 -0.425 -0.425 -0.002 -0.083 -0.002 0.000 0.000
 2.009  0.631  1.185 -0.033 -0.429 -0.429  0.009 -0.073  0.009 0.000 0.000
 2.007  0.610  1.185 -0.032 -0.432 -0.432  0.020 -0.064  0.020 0.000 0.000
 2.005  0.588  1.185 -0.031 -0.435 -0.435  0.029 -0.054  0.029 0.000 0.000
 2.004  0.566  1.185 -0.029 -0.438 -0.438  0.037 -0.044  0.037 0.000 0.000
 2.002  0.544  1.185 -0.027 -0.440 -0.440  0.044 -0.034  0.044 0.000 0.000
 2.001  0.522  1.185 -0.025 -0.441 -0.441  0.050 -0.024  0.050 0.000 0.000
 2.000  0.500  1.185 -0.022 -0.442 -0.442  0.054 -0.014  0.054 0.000 0.000
 1.999  0.478  1.185 -0.019 -0.443 -0.443  0.057 -0.005  0.057 0.000 0.000
 1.998  0.456  1.185 -0.016 -0.442 -0.442  0.058  0.005  0.058 0.000 0.000
 1.997  0.434  1.185 -0.013 -0.442 -0.442  0.059  0.014  0.059 0.000 0.000
 1.997  0.412  1.185 -0.011 -0.441 -0.441  0.058  0.023  0.058 0.000 0.000
 1.996  0.390  1.185 -0.008 -0.440 -0.440  0.056  0.031  0.056 0.000 0.000
 1.996  0.368  1.185 -0.005 -0.438 -0.438  0.053  0.039  0.053 0.000 0.000
 1.996  0.346  1.185 -0.002 -0.436 -0.436  0.050  0.046  0.050 0.000 0.000
 1.996  0.324  1.185  0.000 -0.433 -0.433  0.045  0.053  0.045 0.000 0.000
 1.996  0.302  1.185  0.002 -0.431 -0.431  0.040  0.059  0.040 0.000 0.000
 1.996  0.281  1.185  0.004 -0.427 -0.427  0.034  0.064  0.034 0.000 0.000
 1.996  0.260  1.185  0.006 -0.424 -0.424  0.028  0.069  0.028 0.000 0.000
 1.996  0.239  1.185  0.007 -0.421 -0.421  0.021  0.073  0.021 0.000 0.000
 1.997  0.218  1.185  0.008 -0.417 -0.417  0.015  0.076  0.015 0.000 0.000
 1.997  0.197  1.185  0.008 -0.413 -0.413  0.008  0.078  0.008 0.000 0.000
 1.998  0.176  1.185  0.008 -0.409 -0.409  0.002  0.080  0.002 0.000 0.000
 1.998  0.156  1.185  0.008 -0.405 -0.405 -0.005  0.080 -0.005 0.000 0.000
 1.998  0.136  1.185  0.008 -0.401 -0.401 -0.011  0.080 -0.011 0.000 0.000
 1.999  0.116  1.185  0.007 -0.397 -0.397 -0.016  0.079 -0.016 0.000 0.000
 1.999  0.096  1.185  0.006 -0.393 -0.393 -0.021  0.077 -0.021 0.000 0.000
 2.000  0.077  1.185  0.005 -0.389 -0.389 -0.025  0.074 -0.025 0.000 0.000
 2.000  0.057  1.185  0.004 -0.386 -0.386 -0.028  0.070 -0.028 0.000 0.000
 2.000  0.038  1.185  0.003 -0.382 -0.382 -0.031  0.065 -0.031 0.000 0.000
 2.000  0.019  1.185  0.001 -0.379 -0.379 -0.032  0.060 -0.032 0.000 0.000
 2.000  0.000  1.185 -0.001 -0.377 -0.377 -0.033  0.054 -0.033 0.000 0.000
 2.000 -0.019  1.185 -0.002 -0.374 -0.374 -0.033  0.047 -0.033 0.000 0.000
 2.000 -0.037  1.185 -0.004 -0.372 -0.372 -0.031  0.040 -0.031 0.000 0.000
 2.000 -0.056  1.185 -0.005 -0.370 -0.370 -0.029  0.032 -0.029 0.000 0.000
 1.999 -0.074  1.185 -0.007 -0.369 -0.369 -0.026  0.024 -0.026 0.000 0.000
 1.999 -0.093  1.185 -0.008 -0.368 -0.368 -0.022  0.015 -0.022 0.000 0.000
 1.998 -0.111  1.185 -0.009 -0.367 -0.367 -0.017  0.007 -0.017 0.000 0.000
 1.998 -0.130  1.186 -0.010 -0.367 -0.367 -0.012 -0.002 -0.012 0.000 0.000
 1.997 -0.148  1.186 -0.010 -0.367 -0.367 -0.006 -0.011 -0.006 0.000 0.000
 1.997 -0.166  1.186 -0.010 -0.368 -0.368 -0.000 -0.020 -0.000 0.000 0.000
 1.996 -0.185  1.186 -0.010 -0.369 -0.369  0.006 -0.029  0.006 0.000 0.000
 1.996 -0.203  1.186 -0.010 -0.371 -0.371  0.013 -0.037  0.013 0.000 0.000
 1.995 -0.222  1.186 -0.009 -0.373 -0.373  0.020 -0.045  0.020 0.000 0.000
 1.995 -0.240  1.186 -0.008 -0.375 -0.375  0.027 -0.053  0.027 0.000 0.000
 1.995 -0.259  1.186 -0.006 -0.378 -0.378  0.033 -0.060  0.033 0.000 0.000
 1.994 -0.278  1.186 -0.004 -0.381 -0.381  0.039 -0.066  0.039 0.000 0.000
 1.994 -0.297  1.186 -0.002 -0.385 -0.385  0.045 -0.072  0.045 0.000 0.000
 1.994 -0.317  1.186  0.000 -0.389 -0.389  0.050 -0.076  0.050 0.000 0.000
 1.994 -0.336  1.186  0.003 -0.393 -0.393  0.054 -0.080  0.054 0.000 0.000
 1.994 -0.356  1.186  0.005 -0.397 -0.397  0.058 -0.083  0.058 0.000 0.000
 1.995 -0.376  1.186  0.008 -0.401 -0.401  0.060 -0.084  0.060 0.000 0.000
 1.995 -0.396  1.186  0.011 -0.405 -0.405  0.061 -0.085  0.061 0.000 0.000
 1.996 -0.417  1.185  0.014 -0.409 -0.409  0.062 -0.084  0.062 0.000 0.000
 1.997 -0.437  1.185  0.018 -0.413 -0.413  0.061 -0.082  0.061 0.000 0.000
 1.998 -0.458  1.185  0.020 -0.418 -0.418  0.058 -0.079  0.058 0.000 0.000
 1.999 -0.479  1.185  0.023 -0.421 -0.421  0.055 -0.075  0.055 0.000 0.000
 2.000 -0.500  1.185  0.026 -0.425 -0.425  0.050 -0.070  0.050 0.000 0.000
 2.001 -0.521  1.185  0.028 -0.428 -0.428  0.043 -0.063  0.043 0.000 0.000
 2.003 -0.543  1.185  0.030 -0.431 -0.431  0.036 -0.055  0.036 0.000 0.000
 2.004 -0.564  1.185  0.032 -0.434 -0.434  0.027 -0.046  0.027 0.000 0.000
 2.006 -0.586  1.184  0.033 -0.436 -0.436  0.017 -0.037  0.017 0.000 0.000
 2.008 -0.608  1.184  0.033 -0.437 -0.437  0.005 -0.026  0.005 0.000 0.000
 2.009 -0.630  1.184  0.033 -0.438 -0.438 -0.007 -0.015 -0.007 0.000 0.000
 2.011 -0.652  1.184  0.033 -0.439 -0.439 -0.021 -0.002 -0.021 0.000 0.000
 2.013 -0.674  1.184  0.031 -0.439 -0.439 -0.035  0.010 -0.035 0.000 0.000
 2.014 -0.696  1.184  0.029 -0.438 -0.438 -0.050  0.023 -0.050 0.000 0.000
 2.015 -0.718  1.184  0.026 -0.436 -0.436 -0.065  0.036 -0.065 0.000 0.000
 2.017 -0.739  1.184  0.023 -0.434 -0.434 -0.081  0.050 -0.081 0.000 0.000
 2.018 -0.761  1.184  0.018 -0.431 -0.431 -0.097  0.063 -0.097 0.000 0.000
 2.019 -0.782  1.183  0.013 -0.428 -0.428 -0.114  0.076 -0.114 0.000 0.000
 2.019 -0.804  1.183  0.007 -0.424 -0.424 -0.130  0.089 -0.130 0.000 0.000
 2.019 -0.825  1.183 -0.000 -0.419 -0.419 -0.146  0.102 -0.146 0.000 0.000
 2.019 -0.846  1.184 -0.008 -0.414 -0.414 -0.162  0.113 -0.162 0.000 0.000
 2.018 -0.866  1.184 -0.016 -0.408 -0.408 -0.177  0.125 -0.177 0.000 0.000
 2.017 -0.886  1.184 -0.025 -0.401 -0.401 -0.191  0.135 -0.191 0.000 0.000
 2.016 -0.906  1.184 -0.035 -0.394 -0.394 -0.205  0.144 -0.205 0.000 0.000
 2.014 -0.926  1.184 -0.046 -0.387 -0.387 -0.218  0.152 -0.218 0.000 0.000
 2.011 -0.945  1.184 -0.057 -0.379 -0.379 -0.230  0.159 -0.230 0.000 0.000
 2.008 -0.964  1.184 -0.069 -0.371 -0.371 -0.240  0.165 -0.240 0.000 0.000
 2.004 -0.982  1.185 -0.081 -0.363 -0.363 -0.250  0.170 -0.250 0.000 0.000
 2.000 -1.000  1.185 -0.094 -0.354 -0.354 -0.258  0.173 -0.258 0.000 0.000
 1.995 -1.017  1.185 -0.107 -0.345 -0.345 -0.264  0.174 -0.264 0.000 0.000
 1.989 -1.035  1.186 -0.120 -0.337 -0.337 -0.269  0.175 -0.269 0.000 0.000
 1.983 -1.051  1.186 -0.134 -0.328 -0.328 -0.273  0.173 -0.273 0.000 0.000
 1.976 -1.067  1.186 -0.148 -0.319 -0.319 -0.275  0.171 -0.275 0.000 0.000
 1.968 -1.083  1.187 -0.161 -0.311 -0.311 -0.275  0.166 -0.275 0.000 0.000
 1.960 -1.098  1.187 -0.175 -0.303 -0.303 -0.274  0.161 -0.274 0.000 0.000
 1.951 -1.113  1.188 -0.189 -0.295 -0.295 -0.272  0.154 -0.272 0.000 0.000
 1.941 -1.128  1.188 -0.202 -0.287 -0.287 -0.268  0.146 -0.268 0.000 0.000
 1.930 -1.142  1.189 -0.215 -0.280 -0.280 -0.262  0.137 -0.262 0.000 0.000
 1.919 -1.156  1.189 -0.228 -0.274 -0.274 -0.255  0.126 -0.255 0.000 0.000
 1.908 -1.169  1.189 -0.241 -0.268 -0.268 -0.247  0.115 -0.247 0.000 0.000
 1.895 -1.183  1.190 -0.253 -0.262 -0.262 -0.238  0.103 -0.238 0.000 0.000
 1.882 -1.196  1.190 -0.265 -0.257 -0.257 -0.227  0.090 -0.227 0.000 0.000
 1.869 -1.208  1.190 -0.276 -0.253 -0.253 -0.215  0.076 -0.215 0.000 0.000
 1.855 -1.221  1.191 -0.286 -0.250 -0.250 -0.203  0.062 -0.203 0.000 0.000
 1.840 -1.233  1.191 -0.296 -0.247 -0.247 -0.189  0.048 -0.189 0.000 0.000
 1.825 -1.246  1.191 -0.305 -0.245 -0.245 -0.175  0.033 -0.175 0.000 0.000
 1.810 -1.258  1.192 -0.313 -0.244 -0.244 -0.160  0.018 -0.160 0.000 0.000
 1.794 -1.270  1.192 -0.321 -0.243 -0.243 -0.145  0.004 -0.145 0.000 0.000
 1.778 -1.282  1.192 -0.328 -0.243 -0.243 -0.129 -0.011 -0.129 0.000 0.000
 1.761 -1.294  1.192 -0.334 -0.244 -0.244 -0.114 -0.025 -0.114 0.000 0.000
 1.744 -1.307  1.192 -0.339 -0.246 -0.246 -0.097 -0.039 -0.097 0.000 0.000
 1.727 -1.319  1.192 -0.344 -0.248 -0.248 -0.081 -0.052 -0.081 0.000 0.000
 1.710 -1.331  1.192 -0.347 -0.251 -0.251 -0.065 -0.065 -0.065 0.000 0.000
 1.692 -1.344  1.191 -0.350 -0.254 -0.254 -0.050 -0.077 -0.050 0.000 0.000
 1.675 -1.357  1.191 -0.352 -0.259 -0.259 -0.034 -0.087 -0.034 0.000 0.000
 1.657 -1.370  1.191 -0.354 -0.263 -0.263 -0.019 -0.097 -0.019 0.000 0.000
 1.639 -1.383  1.190 -0.354 -0.268 -0.268 -0.005 -0.106 -0.005 0.000 0.000
 1.622 -1.397  1.190 -0.354 -0.274 -0.274  0.009 -0.113  0.009 0.000 0.000
 1.604 -1.411  1.189 -0.354 -0.280 -0.280  0.022 -0.119  0.022 0.000 0.000
 1.586 -1.425  1.189 -0.352 -0.286 -0.286  0.034 -0.123  0.034 0.000 0.000
 1.569 -1.439  1.188 -0.350 -0.292 -0.292  0.045 -0.126  0.045 0.000 0.000
 1.551 -1.454  1.187 -0.348 -0.298 -0.298  0.055 -0.128  0.055 0.000 0.000
 1.534 -1.469  1.187 -0.345 -0.305 -0.305  0.064 -0.127  0.064 0.000 0.000
 1.517 -1.484  1.186 -0.341 -0.311 -0.311  0.072 -0.125  0.072 0.000 0.000
 1.500 -1.500  1.185 -0.337 -0.317 -0.317  0.079 -0.122  0.079 0.000 0.000
 1.483 -1.516  1.184 -0.333 -0.323 -0.323  0.084 -0.117  0.084 0.000 0.000
 1.467 -1.532  1.183 -0.329 -0.329 -0.329  0.089 -0.110  0.089 0.000 0.000
 1.450 -1.549  1.182 -0.325 -0.334 -0.334  0.092 -0.102  0.092 0.000 0.000
 1.434 -1.566  1.181 -0.320 -0.339 -0.339  0.094 -0.092  0.094 0.000 0.000
 1.418 -1.583  1.180 -0.315 -0.343 -0.343  0.094 -0.081  0.094 0.000 0.000
 1.403 -1.600  1.179 -0.311 -0.347 -0.347  0.094 -0.069  0.094 0.000 0.000
 1.387 -1.617  1.178 -0.306 -0.350 -0.350  0.092 -0.055  0.092 0.000 0.000
 1.372 -1.635  1.178 -0.301 -0.352 -0.352  0.089 -0.040  0.089 0.000 0.000
 1.357 -1.653  1.177 -0.297 -0.354 -0.354  0.085 -0.024  0.085 0.000 0.000
 1.342 -1.670  1.176 -0.293 -0.355 -0.355  0.080 -0.007  0.080 0.000 0.000
 1.328 -1.688  1.175 -0.289 -0.355 -0.355  0.074  0.011  0.074 0.000 0.000
 1.314 -1.706  1.174 -0.285 -0.354 -0.354  0.068  0.029  0.068 0.000 0.000
 1.299 -1.723  1.174 -0.282 -0.352 -0.352  0.060  0.047  0.060 0.000 0.000
 1.285 -1.741  1.173 -0.279 -0.349 -0.349  0.052  0.066  0.052 0.000 0.000
 1.271 -1.758  1.173 -0.277 -0.345 -0.345  0.044  0.086  0.044 0.000 0.000
 1.258 -1.776  1.172 -0.275 -0.340 -0.340  0.034  0.105  0.034 0.000 0.000
 1.244 -1.792  1.172 -0.274 -0.335 -0.335  0.025  0.124  0.025 0.000 0.000
 1.230 -1.809  1.172 -0.273 -0.328 -0.328  0.015  0.143  0.015 0.000 0.000
 1.217 -1.825  1.172 -0.272 -0.320 -0.320  0.004  0.161  0.004 0.000 0.000
 1.203 -1.841  1.172 -0.272 -0.312 -0.312 -0.006  0.179 -0.006 0.000 0.000
 1.189 -1.856  1.172 -0.273 -0.303 -0.303 -0.016  0.196 -0.016 0.000 0.000
 1.176 -1.871  1.172 -0.274 -0.292 -0.292 -0.027  0.212 -0.027 0.000 0.000
 1.162 -1.886  1.173 -0.275 -0.281 -0.281 -0.037  0.227 -0.037 0.000 0.000
 1.148 -1.899  1.173 -0.277 -0.270 -0.270 -0.047  0.241 -0.047 0.000 0.000
 1.134 -1.913  1.174 -0.280 -0.257 -0.257 -0.056  0.254 -0.056 0.000 0.000
 1.120 -1.925  1.175 -0.283 -0.244 -0.244 -0.066  0.265 -0.066 0.000 0.000
 1.106 -1.937  1.176 -0.287 -0.231 -0.231 -0.074  0.275 -0.074 0.000 0.000
 1.091 -1.948  1.177 -0.291 -0.217 -0.217 -0.082  0.283 -0.082 0.000 0.000
 1.077 -1.959  1.178 -0.295 -0.202 -0.202 -0.090  0.290 -0.090 0.000 0.000
 1.062 -1.968  1.179 -0.300 -0.188 -0.188 -0.097  0.295 -0.097 0.000 0.000
 1.047 -1.977  1.180 -0.305 -0.173 -0.173 -0.103  0.298 -0.103 0.000 0.000
 1.032 -1.986  1.182 -0.310 -0.158 -0.158 -0.108  0.300 -0.108 0.000 0.000
 1.016 -1.993  1.183 -0.315 -0.143 -0.143 -0.112  0.299 -0.112 0.000 0.000
 1.000 -2.000  1.185 -0.321 -0.128 -0.128 -0.116  0.297 -0.116 0.000 0.000
 0.984 -2.006  1.187 -0.327 -0.113 -0.113 -0.119  0.293 -0.119 0.000 0.000
 0.967 -2.011  1.188 -0.333 -0.099 -0.099 -0.120  0.287 -0.120 0.000 0.000
 0.951 -2.016  1.190 -0.339 -0.085 -0.085 -0.121  0.280 -0.121 0.000 0.000
 0.933 -2.020  1.192 -0.345 -0.071 -0.071 -0.121  0.271 -0.121 0.000 0.000
 0.916 -2.023  1.193 -0.351 -0.058 -0.058 -0.120  0.260 -0.120 0.000 0.000
 0.898 -2.026  1.195 -0.357 -0.045 -0.045 -0.118  0.248 -0.118 0.000 0.000
 0.880 -2.028  1.196 -0.363 -0.033 -0.033 -0.115  0.235 -0.115 0.000 0.000
 0.862 -2.029  1.198 -0.368 -0.022 -0.022 -0.112  0.220 -0.112 0.000 0.000
 0.843 -2.030  1.199 -0.374 -0.011 -0.011 -0.108  0.205 -0.108 0.000 0.000
 0.825 -2.030  1.200 -0.379 -0.001 -0.001 -0.103  0.189 -0.103 0.000 0.000
 0.806 -2.030  1.201 -0.384  0.008  0.008 -0.098  0.172 -0.098 0.000 0.000
 0.786 -2.029  1.202 -0.389  0.016  0.016 -0.092  0.154 -0.092 0.000 0.000
 0.767 -2.028  1.203 -0.393  0.023  0.023 -0.085  0.137 -0.085 0.000 0.000
 0.747 -2.027  1.203 -0.397  0.030  0.030 -0.078  0.118 -0.078 0.000 0.000
 0.727 -2.025  1.203 -0.401  0.035  0.035 -0.071  0.100 -0.071 0.000 0.000
 0.707 -2.023  1.203 -0.405  0.040  0.040 -0.063  0.082 -0.063 0.000 0.000
 0.687 -2.021  1.203 -0.407  0.044  0.044 -0.055  0.065 -0.055 0.000 0.000
 0.666 -2.019  1.202 -0.410  0.046  0.046 -0.047  0.047 -0.047 0.000 0.000
 0.646 -2.017  1.201 -0.412  0.048  0.048 -0.039  0.031 -0.039 0.000 0.000
 0.625 -2.014  1.200 -0.414  0.049  0.049 -0.031  0.015 -0.031 0.000 0.000
 0.604 -2.012  1.198 -0.415  0.050  0.050 -0.023 -0.000 -0.023 0.000 0.000
 0.583 -2.009  1.197 -0.416  0.049  0.049 -0.015 -0.014 -0.015 0.000 0.000
 0.563 -2.007  1.194 -0.417  0.048  0.048 -0.007 -0.027 -0.007 0.000 0.000
 0.542 -2.004  1.192 -0.417  0.047  0.047  0.001 -0.039  0.001 0.000 0.000
 0.521 -2.002  1.188 -0.417  0.044  0.044  0.008 -0.049  0.008 0.000 0.000
 0.500 -2.000  1.185 -0.416  0.042  0.042  0.015 -0.059  0.015 0.000 0.000
 0.479 -1.998  1.181 -0.415  0.039  0.039  0.022 -0.066  0.022 0.000 0.000
 0.458 -1.996  1.177 -0.414  0.035  0.035  0.028 -0.073  0.028 0.000 0.000
 0.438 -1.994  1.172 -0.412  0.031  0.031  0.034 -0.078  0.034 0.000 0.000
 0.417 -1.993  1.167 -0.411  0.027  0.027  0.039 -0.081  0.039 0.000 0.000
 0.397 -1.992  1.162 -0.409  0.023  0.023  0.044 -0.084  0.044 0.000 0.000
 0.376 -1.991  1.156 -0.406  0.019  0.019  0.048 -0.084  0.048 0.000 0.000
 0.356 -1.990  1.150 -0.404  0.015  0.015  0.052 -0.084  0.052 0.000 0.000
 0.336 -1.989  1.144 -0.401  0.011  0.011  0.055 -0.083  0.055 0.000 0.000
 0.316 -1.989  1.137 -0.398  0.007  0.007  0.058 -0.080  0.058 0.000 0.000
 0.296 -1.989  1.130 -0.395  0.003  0.003  0.060 -0.076  0.060 0.000 0.000
 0.277 -1.988  1.122 -0.392 -0.001 -0.001  0.062 -0.072  0.062 0.000 0.000
 0.257 -1.989  1.115 -0.389 -0.004 -0.004  0.064 -0.066  0.064 0.000 0.000
 0.238 -1.989  1.107 -0.386 -0.008 -0.008  0.065 -0.060  0.065 0.000 0.000
 0.218 -1.989  1.098 -0.383 -0.010 -0.010  0.065 -0.054  0.065 0.000 0.000
 0.199 -1.990  1.090 -0.379 -0.013 -0.013  0.065 -0.047  0.065 0.000 0.000
 0.180 -1.991  1.081 -0.376 -0.015 -0.015  0.065 -0.039  0.065 0.000 0.000
 0.162 -1.991  1.072 -0.373 -0.017 -0.017  0.064 -0.032  0.064 0.000 0.000
 0.143 -1.992  1.063 -0.370 -0.018 -0.018  0.063 -0.024  0.063 0.000 0.000
 0.125 -1.993  1.054 -0.367 -0.019 -0.019  0.062 -0.016  0.062 0.000 0.000
 0.107 -1.994  1.044 -0.363 -0.020 -0.020  0.060 -0.009  0.060 0.000 0.000
 0.088 -1.995  1.035 -0.361 -0.020 -0.020  0.058 -0.001  0.058 0.000 0.000
 0.070 -1.996  1.025 -0.358 -0.020 -0.020  0.056  0.006  0.056 0.000 0.000
 0.053 -1.997  1.015 -0.355 -0.020 -0.020  0.054  0.012  0.054 0.000 0.000
 0.035 -1.998  1.005 -0.352 -0.019 -0.019  0.051  0.018  0.051 0.000 0.000
 0.017 -1.999  0.995 -0.350 -0.018 -0.018  0.049  0.023  0.049 0.000 0.000
 0.000 -2.000  0.985 -0.347 -0.016 -0.016  0.046  0.028  0.046 0.000 0.000
-0.017 -2.001  0.975 -0.345 -0.015 -0.015  0.043  0.032  0.043 0.000 0.000
-0.035 -2.001  0.965 -0.343 -0.013 -0.013  0.040  0.035  0.040 0.000 0.000
-0.052 -2.002  0.955 -0.341 -0.011 -0.011  0.037  0.038  0.037 0.000 0.000
-0.069 -2.003  0.944 -0.339 -0.010 -0.010  0.034  0.039  0.034 0.000 0.000
-0.086 -2.003  0.934 -0.338 -0.008 -0.008  0.031  0.040  0.031 0.000 0.000
-0.102 -2.003  0.924 -0.336 -0.006 -0.006  0.028  0.040  0.028 0.000 0.000
-0.119 -2.004  0.914 -0.335 -0.004 -0.004  0.025  0.039  0.025 0.000 0.000
-0.136 -2.004  0.904 -0.334 -0.002 -0.002  0.022  0.038  0.022 0.000 0.000
-0.153 -2.004  0.894 -0.333  0.000  0.000  0.019  0.036  0.019 0.000 0.000
-0.169 -2.004  0.883 -0.332  0.002  0.002  0.016  0.033  0.016 0.000 0.000
-0.186 -2.004  0.873 -0.331  0.003  0.003  0.014  0.030  0.014 0.000 0.000
-0.202 -2.003  0.863 -0.331  0.005  0.005  0.011  0.026  0.011 0.000 0.000
-0.219 -2.003  0.853 -0.330  0.006  0.006  0.009  0.022  0.009 0.000 0.000
-0.235 -2.003  0.843 -0.330  0.007  0.007  0.006  0.017  0.006 0.000 0.000
-0.252 -2.002  0.833 -0.329  0.008  0.008  0.004  0.012  0.004 0.000 0.000
-0.268 -2.002  0.823 -0.329  0.008  0.008  0.002  0.007  0.002 0.000 0.000
-0.285 -2.002  0.814 -0.329  0.008  0.008 -0.000  0.002 -0.000 0.000 0.000
-0.301 -2.001  0.804 -0.329  0.008  0.008 -0.002 -0.003 -0.002 0.000 0.000
-0.318 -2.001  0.794 -0.329  0.008  0.008 -0.004 -0.009 -0.004 0.000 0.000
-0.334 -2.000  0.784 -0.330  0.008  0.008 -0.005 -0.014 -0.005 0.000 0.000
-0.351 -2.000  0.774 -0.330  0.007  0.007 -0.006 -0.019 -0.006 0.000 0.000
-0.367 -2.000  0.764 -0.330  0.006  0.006 -0.008 -0.023 -0.008 0.000 0.000
-0.384 -1.999  0.754 -0.331  0.004  0.004 -0.009 -0.027 -0.009 0.000 0.000
-0.400 -1.999  0.745 -0.331  0.003  0.003 -0.010 -0.031 -0.010 0.000 0.000
-0.417 -1.999  0.735 -0.332  0.001  0.001 -0.010 -0.035 -0.010 0.000 0.000
-0.433 -1.999  0.725 -0.332 -0.000 -0.000 -0.011 -0.037 -0.011 0.000 0.000
-0.450 -1.999  0.715 -0.333 -0.002 -0.002 -0.011 -0.039 -0.011 0.000 0.000
-0.467 -1.999  0.705 -0.333 -0.004 -0.004 -0.011 -0.041 -0.011 0.000 0.000
-0.483 -2.000  0.695 -0.334 -0.006 -0.006 -0.012 -0.041 -0.012 0.000 0.000
-0.500 -2.000  0.685 -0.334 -0.009 -0.009 -0.011 -0.041 -0.011 0.000 0.000
-0.517 -2.000  0.675 -0.335 -0.011 -0.011 -0.011 -0.041 -0.011 0.000 0.000
-0.533 -2.001  0.665 -0.336 -0.013 -0.013 -0.011 -0.039 -0.011 0.000 0.000
-0.550 -2.002  0.655 -0.336 -0.014 -0.014 -0.010 -0.037 -0.010 0.000 0.000
-0.567 -2.002  0.645 -0.337 -0.016 -0.016 -0.009 -0.033 -0.009 0.000 0.000
-0.584 -2.003  0.635 -0.337 -0.018 -0.018 -0.009 -0.029 -0.009 0.000 0.000
-0.601 -2.004  0.624 -0.337 -0.019 -0.019 -0.007 -0.025 -0.007 0.000 0.000
-0.618 -2.005  0.614 -0.338 -0.020 -0.020 -0.006 -0.019 -0.006 0.000 0.000
-0.635 -2.006  0.604 -0.338 -0.021 -0.021 -0.005 -0.013 -0.005 0.000 0.000
-0.651 -2.007  0.594 -0.338 -0.022 -0.022 -0.003 -0.006 -0.003 0.000 0.000
-0.668 -2.008  0.583 -0.338 -0.022 -0.022 -0.002  0.001 -0.002 0.000 0.000
-0.685 -2.010  0.573 -0.338 -0.021 -0.021 -0.000  0.009 -0.000 0.000 0.000
-0.702 -2.011  0.563 -0.338 -0.021 -0.021  0.002  0.017  0.002 0.000 0.000
-0.719 -2.012  0.552 -0.338 -0.020 -0.020  0.004  0.026  0.004 0.000 0.000
-0.736 -2.013  0.542 -0.338 -0.018 -0.018  0.006  0.035  0.006 0.000 0.000
-0.753 -2.013  0.532 -0.338 -0.016 -0.016  0.008  0.044  0.008 0.000 0.000
-0.770 -2.014  0.522 -0.337 -0.014 -0.014  0.011  0.054  0.011 0.000 0.000
-0.787 -2.015  0.511 -0.337 -0.011 -0.011  0.013  0.063  0.013 0.000 0.000
-0.803 -2.015  0.501 -0.336 -0.007 -0.007  0.016  0.073  0.016 0.000 0.000
-0.820 -2.015  0.491 -0.335 -0.004 -0.004  0.018  0.083  0.018 0.000 0.000
-0.837 -2.016  0.481 -0.334  0.001  0.001  0.021  0.092  0.021 0.000 0.000
-0.854 -2.015  0.471 -0.333  0.006  0.006  0.024  0.102  0.024 0.000 0.000
-0.870 -2.015  0.461 -0.332  0.011  0.011  0.027  0.111  0.027 0.000 0.000
-0.887 -2.014  0.451 -0.330  0.017  0.017  0.030  0.119  0.030 0.000 0.000
-0.903 -2.013  0.441 -0.329  0.023  0.023  0.033  0.128  0.033 0.000 0.000
-0.920 -2.012  0.432 -0.327  0.030  0.030  0.037  0.136  0.037 0.000 0.000
-0.936 -2.010  0.422 -0.325  0.037  0.037  0.040  0.143  0.040 0.000 0.000
-0.952 -2.008  0.413 -0.323  0.044  0.044  0.043  0.150  0.043 0.000 0.000
-0.968 -2.006  0.403 -0.321  0.051  0.051  0.047  0.156  0.047 0.000 0.000
-0.984 -2.003  0.394 -0.318  0.059  0.059  0.050  0.161  0.050 0.000 0.000
-1.000 -2.000  0.385 -0.316  0.068  0.068  0.054  0.166  0.054 0.000 0.000
-1.016 -1.996  0.376 -0.313  0.076  0.076  0.057  0.170  0.057 0.000 0.000
-1.031 -1.992  0.367 -0.310  0.085  0.085  0.060  0.173  0.060 0.000 0.000
-1.047 -1.988  0.359 -0.307  0.093  0.093  0.064  0.175  0.064 0.000 0.000
-1.062 -1.983  0.351 -0.303  0.102  0.102  0.067  0.176  0.067 0.000 0.000
-1.077 -1.978  0.342 -0.300  0.111  0.111  0.071  0.177  0.071 0.000 0.000
-1.092 -1.972  0.334 -0.296  0.120  0.120  0.074  0.176  0.074 0.000 0.000
-1.107 -1.966  0.327 -0.293  0.128  0.128  0.078  0.175  0.078 0.000 0.000
-1.121 -1.959  0.319 -0.289  0.137  0.137  0.081  0.173  0.081 0.000 0.000
-1.136 -1.952  0.312 -0.284  0.146  0.146  0.085  0.170  0.085 0.000 0.000
-1.150 -1.945  0.305 -0.280  0.154  0.154  0.088  0.166  0.088 0.000 0.000
-1.164 -1.937  0.298 -0.276  0.162  0.162  0.091  0.162  0.091 0.000 0.000
-1.177 -1.928  0.291 -0.271  0.170  0.170  0.094  0.156  0.094 0.000 0.000
-1.191 -1.920  0.285 -0.266  0.178  0.178  0.097  0.150  0.097 0.000 0.000
-1.204 -1.911  0.279 -0.261  0.185  0.185  0.100  0.143  0.100 0.000 0.000
-1.217 -1.901  0.273 -0.256  0.192  0.192  0.103  0.135  0.103 0.000 0.000
-1.229 -1.891  0.267 -0.251  0.199  0.199  0.106  0.127  0.106 0.000 0.000
-1.242 -1.881  0.261 -0.246  0.205  0.205  0.109  0.118  0.109 0.000 0.000
-1.254 -1.871  0.256 -0.240  0.211  0.211  0.111  0.108  0.111 0.000 0.000
-1.266 -1.860  0.251 -0.234  0.216  0.216  0.114  0.098  0.114 0.000 0.000
-1.277 -1.849  0.246 -0.229  0.220  0.220  0.116  0.088  0.116 0.000 0.000
-1.289 -1.838  0.242 -0.223  0.225  0.225  0.118  0.077  0.118 0.000 0.000
-1.300 -1.827  0.237 -0.217  0.228  0.228  0.120  0.066  0.120 0.000 0.000
-1.310 -1.815  0.233 -0.211  0.231  0.231  0.122  0.054  0.122 0.000 0.000
-1.321 -1.804  0.229 -0.205  0.234  0.234  0.123  0.042  0.123 0.000 0.000
-1.331 -1.792  0.225 -0.199  0.235  0.235  0.125  0.030  0.125 0.000 0.000
-1.341 -1.780  0.222 -0.192  0.237  0.237  0.126  0.018  0.126 0.000 0.000
-1.350 -1.768  0.219 -0.186  0.237  0.237  0.127  0.006  0.127 0.000 0.000
-1.359 -1.757  0.216 -0.180  0.237  0.237  0.128 -0.006  0.128 0.000 0.000
-1.368 -1.745  0.213 -0.173  0.237  0.237  0.128 -0.018  0.128 0.000 0.000
-1.377 -1.733  0.210 -0.167  0.235  0.235  0.129 -0.031  0.129 0.000 0.000
-1.385 -1.721  0.207 -0.160  0.233  0.233  0.129 -0.042  0.129 0.000 0.000
-1.393 -1.710  0.205 -0.154  0.231  0.231  0.129 -0.054  0.129 0.000 0.000
-1.400 -1.698  0.203 -0.148  0.228  0.228  0.129 -0.065  0.129 0.000 0.000
-1.407 -1.687  0.201 -0.141  0.225  0.225  0.128 -0.076  0.128 0.000 0.000
-1.414 -1.676  0.199 -0.135  0.220  0.220  0.127 -0.087  0.127 0.000 0.000
-1.421 -1.665  0.197 -0.128  0.216  0.216  0.127 -0.097  0.127 0.000 0.000
-1.427 -1.654  0.196 -0.122  0.211  0.211  0.125 -0.107  0.125 0.000 0.000
-1.433 -1.644  0.195 -0.116  0.205  0.205  0.124 -0.116  0.124 0.000 0.000
-1.439 -1.634  0.193 -0.110  0.199  0.199  0.122 -0.124  0.122 0.000 0.000
-1.444 -1.624  0.192 -0.104  0.193  0.193  0.121 -0.132  0.121 0.000 0.000
-1.449 -1.614  0.191 -0.098  0.186  0.186  0.119 -0.139  0.119 0.000 0.000
-1.454 -1.605  0.190 -0.092  0.179  0.179  0.116 -0.146  0.116 0.000 0.000
-1.458 -1.596  0.189 -0.086  0.171  0.171  0.114 -0.152  0.114 0.000 0.000
-1.462 -1.588  0.189 -0.080  0.164  0.164  0.111 -0.156  0.111 0.000 0.000
-1.466 -1.580  0.188 -0.075  0.156  0.156  0.108 -0.160  0.108 0.000 0.000
-1.470 -1.572  0.187 -0.069  0.148  0.148  0.105 -0.164  0.105 0.000 0.000
-1.473 -1.565  0.187 -0.064  0.139  0.139  0.102 -0.166  0.102 0.000 0.000
-1.476 -1.559  0.187 -0.059  0.131  0.131  0.099 -0.167  0.099 0.000 0.000
-1.479 -1.552  0.186 -0.054  0.123  0.123  0.095 -0.168  0.095 0.000 0.000
-1.482 -1.546  0.186 -0.050  0.114  0.114  0.091 -0.168  0.091 0.000 0.000
-1.484 -1.541  0.186 -0.045  0.106  0.106  0.087 -0.166  0.087 0.000 0.000
-1.486 -1.536  0.186 -0.041  0.098  0.098  0.083 -0.164  0.083 0.000 0.000
-1.488 -1.531  0.185 -0.037  0.089  0.089  0.079 -0.161  0.079 0.000 0.000
-1.490 -1.527  0.185 -0.033  0.082  0.082  0.075 -0.157  0.075 0.000 0.000
-1.491 -1.523  0.185 -0.029  0.074  0.074  0.071 -0.153  0.071 0.000 0.000
-1.493 -1.519  0.185 -0.026  0.066  0.066  0.066 -0.147  0.066 0.000 0.000
-1.494 -1.516  0.185 -0.023  0.059  0.059  0.062 -0.141  0.062 0.000 0.000
-1.495 -1.513  0.185 -0.020  0.052  0.052  0.057 -0.134  0.057 0.000 0.000
-1.496 -1.511  0.185 -0.017  0.046  0.046  0.053 -0.127  0.053 0.000 0.000
-1.497 -1.509  0.185 -0.015  0.039  0.039  0.048 -0.119  0.048 0.000 0.000
-1.498 -1.507  0.185 -0.012  0.034  0.034  0.044 -0.110  0.044 0.000 0.000
-1.498 -1.506  0.185 -0.010  0.028  0.028  0.039 -0.101  0.039 0.000 0.000
-1.499 -1.504  0.185 -0.008  0.024  0.024  0.035 -0.092  0.035 0.000 0.000
-1.499 -1.503  0.185 -0.007  0.019  0.019  0.031 -0.083  0.031 0.000 0.000
-1.499 -1.502  0.185 -0.005  0.015  0.015  0.027 -0.073  0.027 0.000 0.000
-1.499 -1.502  0.185 -0.004  0.012  0.012  0.023 -0.063  0.023 0.000 0.000
-1.500 -1.501  0.185 -0.003  0.009  0.009  0.019 -0.054  0.019 0.000 0.000
-1.500 -1.501  0.185 -0.002  0.007  0.007  0.015 -0.045  0.015 0.000 0.000
-1.500 -1.500  0.185 -0.001  0.005  0.005  0.012 -0.036  0.012 0.000 0.000
-1.500 -1.500  0.185 -0.001  0.003  0.003  0.009 -0.028  0.009 0.000 0.000
-1.500 -1.500  0.185 -0.001  0.002  0.002  0.007 -0.020  0.007 0.000 0.000
-1.500 -1.500  0.185 -0.000  0.001  0.001  0.004 -0.013  0.004 0.000 0.000
-1.500 -1.500  0.185 -0.000  0.000  0.000  0.002 -0.008  0.002 0.000 0.000
-1.500 -1.500  0.185 -0.000  0.000  0.000  0.001 -0.004  0.001 0.000 0.000
-1.500 -1.500  0.185 -0.000  0.000  0.000  0.000 -0.001  0.000 0.000 0.000
-1.500 -1.500  0.185 -0.000  0.000  0.000  0.000 -0.000  0.000 0.000 0.000
