-1.500  1.500  0.185  0.000 -0.000 -0.000  0.000 -0.000  0.000 0.000 0.000
-1.500  1.500  0.185  0.000 -0.000 -0.000  0.000 -0.000  0.000 0.000 0.000
-1.500  1.500  0.185  0.000 -0.000 -0.000  0.000 -0.000  0.000 0.000 0.000
-1.500  1.500  0.185  0.000 -0.000 -0.000  0.000 -0.000  0.000 0.000 0.000
-1.500  1.500  0.185  0.000 -0.000 -0.000  0.000 -0.000  0.000 0.000 0.000
-1.500  1.500  0.185  0.000 -0.000 -0.000  0.000 -0.000  0.000 0.000 0.000
-1.500  1.500  0.185  0.000 -0.000 -0.000  0.000 -0.000  0.000 0.000 0.000
-1.500  1.500  0.185  0.000 -0.000 -0.000  0.000 -0.000  0.000 0.000 0.000
-1.500  1.500  0.185  0.000 -0.000 -0.000  0.000 -0.000  0.000 0.000 0.000
-1.500  1.500  0.185  0.000 -0.000 -0.000  0.000 -0.000  0.000 0.000 0.000
-1.500  1.500  0.185  0.000 -0.000 -0.000  0.000 -0.000  0.000 0.000 0.000
-1.500  1.500  0.185  0.000 -0.000 -0.000  0.000 -0.000  0.000 0.000 0.000
-1.500  1.500  0.185  0.000 -0.000 -0.000  0.000 -0.000  0.000 0.000 0.000
-1.500  1.500  0.185  0.000 -0.000 -0.000  0.000 -0.000  0.000 0.000 0.000
-1.500  1.500  0.185  0.000 -0.000 -0.000  0.000 -0.000  0.000 0.000 0.000
-1.500  1.500  0.186  0.000 -0.000 -0.000  0.000 -0.000  0.000 0.000 0.000
-1.500  1.500  0.186  0.000 -0.000 -0.000  0.000 -0.000  0.000 0.000 0.000
-1.500  1.500  0.186  0.000 -0.000 -0.000  0.000 -0.000  0.000 0.000 0.000
-1.500  1.500  0.186  0.000 -0.000 -0.000  0.000 -0.000  0.000 0.000 0.000
-1.500  1.500  0.186  0.000 -0.000 -0.000  0.000 -0.000  0.000 0.000 0.000
-1.500  1.500  0.187  0.000 -0.000 -0.000  0.000 -0.000  0.000 0.000 0.000
-1.500  1.500  0.187  0.000 -0.000 -0.000  0.000 -0.000  0.000 0.000 0.000
-1.500  1.500  0.187  0.000 -0.000 -0.000  0.000 -0.000  0.000 0.000 0.000
-1.500  1.500  0.188  0.000 -0.000 -0.000  0.000 -0.000  0.000 0.000 0.000
-1.500  1.500  0.188  0.000 -0.000 -0.000  0.000 -0.000  0.000 0.000 0.000
-1.500  1.500  0.189  0.000 -0.000 -0.000  0.000 -0.000  0.000 0.000 0.000
-1.500  1.500  0.189  0.000 -0.000 -0.000  0.000 -0.000  0.000 0.000 0.000
-1.500  1.500  0.190  0.000 -0.000 -0.000  0.000 -0.000  0.000 0.000 0.000
-1.500  1.500  0.191  0.000 -0.000 -0.000  0.000 -0.000  0.000 0.000 0.000
-1.500  1.500  0.191  0.000 -0.000 -0.000  0.000 -0.000  0.000 0.000 0.000
-1.500  1.500  0.192  0.000 -0.000 -0.000  0.000 -0.000  0.000 0.000 0.000
-1.500  1.500  0.193  0.000 -0.000 -0.000  0.000 -0.000  0.000 0.000 0.000
-1.500  1.500  0.194  0.000 -0.000 -0.000  0.000 -0.000  0.000 0.000 0.000
-1.500  1.500  0.195  0.000 -0.000 -0.000  0.000 -0.000  0.000 0.000 0.000
-1.500  1.500  0.196  0.000 -0.000 -0.000  0.000 -0.000  0.000 0.000 0.000
-1.500  1.500  0.197  0.000 -0.000 -0.000  0.000 -0.000  0.000 0.000 0.000
-1.500  1.500  0.198  0.000 -0.000 -0.000  0.000 -0.000  0.000 0.000 0.000
-1.500  1.500  0.200  0.000 -0.000 -0.000  0.000 -0.000  0.000 0.000 0.000
-1.500  1.500  0.201  0.000 -0.000 -0.000  0.000 -0.000  0.000 0.000 0.000
-1.500  1.500  0.203  0.000 -0.000 -0.000  0.000 -0.000  0.000 0.000 0.000
-1.500  1.500  0.204  0.000 -0.000 -0.000  0.000 -0.000  0.000 0.000 0.000
-1.500  1.500  0.206  0.000 -0.000 -0.000  0.000 -0.000  0.000 0.000 0.000
-1.500  1.500  0.208  0.000 -0.000 -0.000  0.000 -0.000  0.000 0.000 0.000
-1.500  1.500  0.210  0.000 -0.000 -0.000  0.000 -0.000  0.000 0.000 0.000
-1.500  1.500  0.212  0.000 -0.000 -0.000  0.000 -0.000  0.000 0.000 0.000
-1.500  1.500  0.214  0.000 -0.000 -0.000  0.000 -0.000  0.000 0.000 0.000
-1.500  1.500  0.216  0.000 -0.000 -0.000  0.000 -0.000  0.000 0.000 0.000
-1.500  1.500  0.218  0.000 -0.000 -0.000  0.000 -0.000  0.000 0.000 0.000
-1.500  1.500  0.221  0.000 -0.000 -0.000  0.000 -0.000  0.000 0.000 0.000
-1.500  1.500  0.223  0.000 -0.000 -0.000  0.000 -0.000  0.000 0.000 0.000
-1.500  1.500  0.226  0.000 -0.000 -0.000  0.000 -0.000  0.000 0.000 0.000
-1.500  1.500  0.229  0.000 -0.000 -0.000  0.000 -0.000  0.000 0.000 0.000
-1.500  1.500  0.232  0.000 -0.000 -0.000  0.000 -0.000  0.000 0.000 0.000
-1.500  1.500  0.235  0.000 -0.000 -0.000  0.000 -0.000  0.000 0.000 0.000
-1.500  1.500  0.238  0.000 -0.000 -0.000  0.000 -0.000  0.000 0.000 0.000
-1.500  1.500  0.241  0.000 -0.000 -0.000  0.000 -0.000  0.000 0.000 0.000
-1.500  1.500  0.245  0.000 -0.000 -0.000  0.000 -0.000  0.000 0.000 0.000
-1.500  1.500  0.248  0.000 -0.000 -0.000  0.000 -0.000  0.000 0.000 0.000
-1.500  1.500  0.252  0.000 -0.000 -0.000  0.000 -0.000  0.000 0.000 0.000
-1.500  1.500  0.256  0.000 -0.000 -0.000  0.000 -0.000  0.000 0.000 0.000
-1.500  1.500  0.259  0.000 -0.000 -0.000  0.000 -0.000  0.000 0.000 0.000
-1.500  1.500  0.264  0.000 -0.000 -0.000  0.000 -0.000  0.000 0.000 0.000
-1.500  1.500  0.268  0.000 -0.000 -0.000  0.000 -0.000  0.000 0.000 0.000
-1.500  1.500  0.272  0.000 -0.000 -0.000  0.000 -0.000  0.000 0.000 0.000
-1.500  1.500  0.276  0.000 -0.000 -0.000  0.000 -0.000  0.000 0.000 0.000
-1.500  1.500  0.281  0.000 -0.000 -0.000  0.000 -0.000  0.000 0.000 0.000
-1.500  1.500  0.286  0.000 -0.000 -0.000  0.000 -0.000  0.000 0.000 0.000
-1.500  1.500  0.290  0.000 -0.000 -0.000  0.000 -0.000  0.000 0.000 0.000
-1.500  1.500  0.295  0.000 -0.000 -0.000  0.000 -0.000  0.000 0.000 0.000
-1.500  1.500  0.300  0.000 -0.000 -0.000  0.000 -0.000  0.000 0.000 0.000
-1.500  1.500  0.306  0.000 -0.000 -0.000  0.000 -0.000  0.000 0.000 0.000
-1.500  1.500  0.311  0.000 -0.000 -0.000  0.000 -0.000  0.000 0.000 0.000
-1.500  1.500  0.317  0.000 -0.000 -0.000  0.000 -0.000  0.000 0.000 0.000
-1.500  1.500  0.322  0.000 -0.000 -0.000  0.000 -0.000  0.000 0.000 0.000
-1.500  1.500  0.328  0.000 -0.000 -0.000  0.000 -0.000  0.000 0.000 0.000
-1.500  1.500  0.334  0.000 -0.000 -0.000  0.000 -0.000  0.000 0.000 0.000
-1.500  1.500  0.340  0.000 -0.000 -0.000  0.000 -0.000  0.000 0.000 0.000
-1.500  1.500  0.346  0.000 -0.000 -0.000  0.000 -0.000  0.000 0.000 0.000
-1.500  1.500  0.352  0.000 -0.000 -0.000  0.000 -0.000  0.000 0.000 0.000
-1.500  1.500  0.358  0.000 -0.000 -0.000  0.000 -0.000  0.000 0.000 0.000
-1.500  1.500  0.365  0.000 -0.000 -0.000  0.000 -0.000  0.000 0.000 0.000
-1.500  1.500  0.371  0.000 -0.000 -0.000  0.000 -0.000  0.000 0.000 0.000
-1.500  1.500  0.378  0.000 -0.000 -0.000  0.000 -0.000  0.000 0.000 0.000
-1.500  1.500  0.385  0.000 -0.000 -0.000  0.000 -0.000  0.000 0.000 0.000
-1.500  1.500  0.392  0.000 -0.000 -0.000  0.000 -0.000  0.000 0.000 0.000
-1.500  1.500  0.399  0.000 -0.000 -0.000  0.000 -0.000  0.000 0.000 0.000
-1.500  1.500  0.406  0.000 -0.000 -0.000  0.000 -0.000  0.000 0.000 0.000
-1.500  1.500  0.413  0.000 -0.000 -0.000  0.000 -0.000  0.000 0.000 0.000
-1.500  1.500  0.421  0.000 -0.000 -0.000 -0.000  0.000 -0.000 0.000 0.000
-1.500  1.500  0.428  0.000 -0.000 -0.000 -0.000  0.000 -0.000 0.000 0.000
-1.500  1.500  0.436  0.000 -0.000 -0.000 -0.000  0.000 -0.000 0.000 0.000
-1.500  1.500  0.443  0.000 -0.000 -0.000 -0.000  0.000 -0.000 0.000 0.000
-1.500  1.500  0.451  0.000 -0.000 -0.000 -0.000  0.000 -0.000 0.000 0.000
-1.500  1.500  0.459  0.000 -0.000 -0.000 -0.000  0.000 -0.000 0.000 0.000
-1.500  1.500  0.467  0.000 -0.000 -0.000 -0.000  0.000 -0.000 0.000 0.000
-1.500  1.500  0.475  0.000 -0.000 -0.000 -0.000  0.000 -0.000 0.000 0.000
-1.500  1.500  0.483  0.000 -0.000 -0.000 -0.000  0.000 -0.000 0.000 0.000
-1.500  1.500  0.491  0.000 -0.000 -0.000 -0.000  0.000 -0.000 0.000 0.000
-1.500  1.500  0.499  0.000 -0.000 -0.000 -0.000  0.000 -0.000 0.000 0.000
-1.500  1.500  0.508  0.000 -0.000 -0.000 -0.000  0.000 -0.000 0.000 0.000
-1.500  1.500  0.516  0.000 -0.000 -0.000 -0.000  0.000 -0.000 0.000 0.000
-1.500  1.500  0.525  0.000 -0.000 -0.000 -0.000  0.000 -0.000 0.000 0.000
-1.500  1.500  0.533  0.000 -0.000 -0.000 -0.000  0.000 -0.000 0.000 0.000
-1.500  1.500  0.542  0.000 -0.000 -0.000 -0.000  0.000 -0.000 0.000 0.000
-1.500  1.500  0.550  0.000 -0.000 -0.000 -0.000  0.000 -0.000 0.000 0.000
-1.500  1.500  0.559  0.000 -0.000 -0.000 -0.000  0.000 -0.000 0.000 0.000
-1.500  1.500  0.568  0.000 -0.000 -0.000 -0.000  0.000 -0.000 0.000 0.000
-1.500  1.500  0.577  0.000 -0.000 -0.000 -0.000  0.000 -0.000 0.000 0.000
-1.500  1.500  0.586  0.000 -0.000 -0.000 -0.000  0.000 -0.000 0.000 0.000
-1.500  1.500  0.594  0.000 -0.000 -0.000 -0.000  0.000 -0.000 0.000 0.000
-1.500  1.500  0.603  0.000 -0.000 -0.000 -0.000  0.000 -0.000 0.000 0.000
-1.500  1.500  0.612  0.000 -0.000 -0.000 -0.000  0.000 -0.000 0.000 0.000
-1.500  1.500  0.621  0.000 -0.000 -0.000 -0.000  0.000 -0.000 0.000 0.000
-1.500  1.500  0.630  0.000 -0.000 -0.000 -0.000  0.000 -0.000 0.000 0.000
-1.500  1.500  0.640  0.000 -0.000 -0.000 -0.000  0.000 -0.000 0.000 0.000
-1.500  1.500  0.649  0.000 -0.000 -0.000 -0.000  0.000 -0.000 0.000 0.000
-1.500  1.500  0.658  0.000 -0.000 -0.000 -0.000  0.000 -0.000 0.000 0.000
-1.500  1.500  0.667  0.000 -0.000 -0.000 -0.000  0.000 -0.000 0.000 0.000
-1.500  1.500  0.676  0.000 -0.000 -0.000 -0.000  0.000 -0.000 0.000 0.000
-1.500  1.500  0.685  0.000 -0.000 -0.000 -0.000  0.000 -0.000 0.000 0.000
-1.500  1.500  0.694  0.000 -0.000 -0.000 -0.000  0.000 -0.000 0.000 0.000
-1.500  1.500  0.703  0.000 -0.000 -0.000 -0.000  0.000 -0.000 0.000 0.000
-1.500  1.500  0.712  0.000 -0.000 -0.000 -0.000  0.000 -0.000 0.000 0.000
-1.500  1.500  0.721  0.000 -0.000 -0.000 -0.000  0.000 -0.000 0.000 0.000
-1.500  1.500  0.730  0.000 -0.000 -0.000 -0.000  0.000 -0.000 0.000 0.000
-1.500  1.500  0.740  0.000 -0.000 -0.000 -0.000  0.000 -0.000 0.000 0.000
-1.500  1.500  0.749  0.000 -0.000 -0.000 -0.000  0.000 -0.000 0.000 0.000
-1.500  1.500  0.758  0.000 -0.000 -0.000 -0.000  0.000 -0.000 0.000 0.000
-1.500  1.500  0.767  0.000 -0.000 -0.000 -0.000  0.000 -0.000 0.000 0.000
-1.500  1.500  0.776  0.000 -0.000 -0.000 -0.000  0.000 -0.000 0.000 0.000
-1.500  1.500  0.784  0.000 -0.000 -0.000 -0.000  0.000 -0.000 0.000 0.000
-1.500  1.500  0.793  0.000 -0.000 -0.000 -0.000  0.000 -0.000 0.000 0.000
-1.500  1.500  0.802  0.000 -0.000 -0.000 -0.000  0.000 -0.000 0.000 0.000
-1.500  1.500  0.811  0.000 -0.000 -0.000 -0.000  0.000 -0.000 0.000 0.000
-1.500  1.500  0.820  0.000 -0.000 -0.000 -0.000  0.000 -0.000 0.000 0.000
-1.500  1.500  0.828  0.000 -0.000 -0.000 -0.000  0.000 -0.000 0.000 0.000
-1.500  1.500  0.837  0.000 -0.000 -0.000 -0.000  0.000 -0.000 0.000 0.000
-1.500  1.500  0.845 -0.000  0.000  0.000 -0.000  0.000 -0.000 0.000 0.000
-1.500  1.500  0.854 -0.000  0.000  0.000 -0.000  0.000 -0.000 0.000 0.000
-1.500  1.500  0.862 -0.000  0.000  0.000 -0.000  0.000 -0.000 0.000 0.000
-1.500  1.500  0.871 -0.000  0.000  0.000 -0.000  0.000 -0.000 0.000 0.000
-1.500  1.500  0.879 -0.000  0.000  0.000 -0.000  0.000 -0.000 0.000 0.000
-1.500  1.500  0.887 -0.000  0.000  0.000 -0.000  0.000 -0.000 0.000 0.000
-1.500  1.500  0.895 -0.000  0.000  0.000 -0.000  0.000 -0.000 0.000 0.000
-1.500  1.500  0.903 -0.000  0.000  0.000 -0.000  0.000 -0.000 0.000 0.000
-1.500  1.500  0.911 -0.000  0.000  0.000 -0.000  0.000 -0.000 0.000 0.000
-1.500  1.500  0.919 -0.000  0.000  0.000 -0.000  0.000 -0.000 0.000 0.000
-1.500  1.500  0.927 -0.000  0.000  0.000 -0.000  0.000 -0.000 0.000 0.000
-1.500  1.500  0.934 -0.000  0.000  0.000 -0.000  0.000 -0.000 0.000 0.000
-1.500  1.500  0.942 -0.000  0.000  0.000 -0.000  0.000 -0.000 0.000 0.000
-1.500  1.500  0.949 -0.000  0.000  0.000 -0.000  0.000 -0.000 0.000 0.000
-1.500  1.500  0.957 -0.000  0.000  0.000 -0.000  0.000 -0.000 0.000 0.000
-1.500  1.500  0.964 -0.000  0.000  0.000 -0.000  0.000 -0.000 0.000 0.000
-1.500  1.500  0.971 -0.000  0.000  0.000 -0.000  0.000 -0.000 0.000 0.000
-1.500  1.500  0.978 -0.000  0.000  0.000 -0.000  0.000 -0.000 0.000 0.000
-1.500  1.500  0.985 -0.000  0.000  0.000 -0.000  0.000 -0.000 0.000 0.000
-1.500  1.500  0.992 -0.000  0.000  0.000 -0.000  0.000 -0.000 0.000 0.000
-1.500  1.500  0.999 -0.000  0.000  0.000 -0.000  0.000 -0.000 0.000 0.000
-1.500  1.500  1.005 -0.000  0.000  0.000 -0.000  0.000 -0.000 0.000 0.000
-1.500  1.500  1.012 -0.000  0.000  0.000 -0.000  0.000 -0.000 0.000 0.000
-1.500  1.500  1.018 -0.000  0.000  0.000 -0.000  0.000 -0.000 0.000 0.000
-1.500  1.500  1.024 -0.000  0.000  0.000 -0.000  0.000 -0.000 0.000 0.000
-1.500  1.500  1.030 -0.000  0.000  0.000 -0.000  0.000 -0.000 0.000 0.000
-1.500  1.500  1.036 -0.000  0.000  0.000 -0.000  0.000 -0.000 0.000 0.000
-1.500  1.500  1.042 -0.000  0.000  0.000 -0.000  0.000 -0.000 0.000 0.000
-1.500  1.500  1.048 -0.000  0.000  0.000 -0.000  0.000 -0.000 0.000 0.000
-1.500  1.500  1.053 -0.000  0.000  0.000 -0.000  0.000 -0.000 0.000 0.000
-1.500  1.500  1.059 -0.000  0.000  0.000 -0.000  0.000 -0.000 0.000 0.000
-1.500  1.500  1.064 -0.000  0.000  0.000 -0.000  0.000 -0.000 0.000 0.000
-1.500  1.500  1.070 -0.000  0.000  0.000 -0.000  0.000 -0.000 0.000 0.000
-1.500  1.500  1.075 -0.000  0.000  0.000 -0.000  0.000 -0.000 0.000 0.000
-1.500  1.500  1.080 -0.000  0.000  0.000 -0.000  0.000 -0.000 0.000 0.000
-1.500  1.500  1.084 -0.000  0.000  0.000 -0.000  0.000 -0.000 0.000 0.000
-1.500  1.500  1.089 -0.000  0.000  0.000 -0.000  0.000 -0.000 0.000 0.000
-1.500  1.500  1.094 -0.000  0.000  0.000 -0.000  0.000 -0.000 0.000 0.000
-1.500  1.500  1.098 -0.000  0.000  0.000 -0.000  0.000 -0.000 0.000 0.000
-1.500  1.500  1.102 -0.000  0.000  0.000 -0.000  0.000 -0.000 0.000 0.000
-1.500  1.500  1.106 -0.000  0.000  0.000 -0.000  0.000 -0.000 0.000 0.000
-1.500  1.500  1.111 -0.000  0.000  0.000 -0.000  0.000 -0.000 0.000 0.000
-1.500  1.500  1.114 -0.000  0.000  0.000 -0.000  0.000 -0.000 0.000 0.000
-1.500  1.500  1.118 -0.000  0.000  0.000 -0.000  0.000 -0.000 0.000 0.000
-1.500  1.500  1.122 -0.000  0.000  0.000 -0.000  0.000 -0.000 0.000 0.000
-1.500  1.500  1.125 -0.000  0.000  0.000 -0.000  0.000 -0.000 0.000 0.000
-1.500  1.500  1.129 -0.000  0.000  0.000 -0.000  0.000 -0.000 0.000 0.000
-1.500  1.500  1.132 -0.000  0.000  0.000 -0.000  0.000 -0.000 0.000 0.000
-1.500  1.500  1.135 -0.000  0.000  0.000  0.000 -0.000  0.000 0.000 0.000
-1.500  1.500  1.138 -0.000  0.000  0.000  0.000 -0.000  0.000 0.000 0.000
-1.500  1.500  1.141 -0.000  0.000  0.000  0.000 -0.000  0.000 0.000 0.000
-1.500  1.500  1.144 -0.000  0.000  0.000  0.000 -0.000  0.000 0.000 0.000
-1.500  1.500  1.147 -0.000  0.000  0.000  0.000 -0.000  0.000 0.000 0.000
-1.500  1.500  1.149 -0.000  0.000  0.000  0.000 -0.000  0.000 0.000 0.000
-1.500  1.500  1.152 -0.000  0.000  0.000  0.000 -0.000  0.000 0.000 0.000
-1.500  1.500  1.154 -0.000  0.000  0.000  0.000 -0.000  0.000 0.000 0.000
-1.500  1.500  1.156 -0.000  0.000  0.000  0.000 -0.000  0.000 0.000 0.000
-1.500  1.500  1.158 -0.000  0.000  0.000  0.000 -0.000  0.000 0.000 0.000
-1.500  1.500  1.160 -0.000  0.000  0.000  0.000 -0.000  0.000 0.000 0.000
-1.500  1.500  1.162 -0.000  0.000  0.000  0.000 -0.000  0.000 0.000 0.000
-1.500  1.500  1.164 -0.000  0.000  0.000  0.000 -0.000  0.000 0.000 0.000
-1.500  1.500  1.166 -0.000  0.000  0.000  0.000 -0.000  0.000 0.000 0.000
-1.500  1.500  1.167 -0.000  0.000  0.000  0.000 -0.000  0.000 0.000 0.000
-1.500  1.500  1.169 -0.000  0.000  0.000  0.000 -0.000  0.000 0.000 0.000
-1.500  1.500  1.170 -0.000  0.000  0.000  0.000 -0.000  0.000 0.000 0.000
-1.500  1.500  1.172 -0.000  0.000  0.000  0.000 -0.000  0.000 0.000 0.000
-1.500  1.500  1.173 -0.000  0.000  0.000  0.000 -0.000  0.000 0.000 0.000
-1.500  1.500  1.174 -0.000  0.000  0.000  0.000 -0.000  0.000 0.000 0.000
-1.500  1.500  1.175 -0.000  0.000  0.000  0.000 -0.000  0.000 0.000 0.000
-1.500  1.500  1.176 -0.000  0.000  0.000  0.000 -0.000  0.000 0.000 0.000
-1.500  1.500  1.177 -0.000  0.000  0.000  0.000 -0.000  0.000 0.000 0.000
-1.500  1.500  1.178 -0.000  0.000  0.000  0.000 -0.000  0.000 0.000 0.000
-1.500  1.500  1.179 -0.000  0.000  0.000  0.000 -0.000  0.000 0.000 0.000
-1.500  1.500  1.179 -0.000  0.000  0.000  0.000 -0.000  0.000 0.000 0.000
-1.500  1.500  1.180 -0.000  0.000  0.000  0.000 -0.000  0.000 0.000 0.000
-1.500  1.500  1.181 -0.000  0.000  0.000  0.000 -0.000  0.000 0.000 0.000
-1.500  1.500  1.181 -0.000  0.000  0.000  0.000 -0.000  0.000 0.000 0.000
-1.500  1.500  1.182 -0.000  0.000  0.000  0.000 -0.000  0.000 0.000 0.000
-1.500  1.500  1.182 -0.000  0.000  0.000  0.000 -0.000  0.000 0.000 0.000
-1.500  1.500  1.183 -0.000  0.000  0.000  0.000 -0.000  0.000 0.000 0.000
-1.500  1.500  1.183 -0.000  0.000  0.000  0.000 -0.000  0.000 0.000 0.000
-1.500  1.500  1.183 -0.000  0.000  0.000  0.000 -0.000  0.000 0.000 0.000
-1.500  1.500  1.184 -0.000  0.000  0.000  0.000 -0.000  0.000 0.000 0.000
-1.500  1.500  1.184 -0.000  0.000  0.000  0.000 -0.000  0.000 0.000 0.000
-1.500  1.500  1.184 -0.000  0.000  0.000  0.000 -0.000  0.000 0.000 0.000
-1.500  1.500  1.184 -0.000  0.000  0.000  0.000 -0.000  0.000 0.000 0.000
-1.500  1.500  1.184 -0.000  0.000  0.000  0.000 -0.000  0.000 0.000 0.000
-1.500  1.500  1.185 -0.000  0.000  0.000  0.000 -0.000  0.000 0.000 0.000
-1.500  1.500  1.185 -0.000  0.000  0.000  0.000 -0.000  0.000 0.000 0.000
-1.500  1.500  1.185 -0.000  0.000  0.000  0.000 -0.000  0.000 0.000 0.000
-1.500  1.500  1.185 -0.000  0.000  0.000  0.000 -0.000  0.000 0.000 0.000
-1.500  1.500  1.185 -0.000  0.000  0.000  0.000 -0.000  0.000 0.000 0.000
-1.500  1.500  1.185 -0.000  0.000  0.000  0.000 -0.000  0.000 0.000 0.000
-1.500  1.500  1.185 -0.000  0.000  0.000  0.000 -0.000  0.000 0.000 0.000
-1.500  1.500  1.185 -0.000  0.000  0.000  0.000 -0.000  0.000 0.000 0.000
-1.500  1.500  1.185 -0.000  0.000  0.000  0.000 -0.000  0.000 0.000 0.000
-1.500  1.500  1.185 -0.000  0.000  0.000  0.000 -0.000  0.000 0.000 0.000
-1.500  1.500  1.185 -0.000  0.000  0.000  0.000 -0.000  0.000 0.000 0.000
-1.500  1.500  1.185 -0.000  0.000  0.000  0.000 -0.000  0.000 0.000 0.000
-1.500  1.500  1.185 -0.000  0.000  0.000  0.000 -0.000  0.000 0.000 0.000
-1.500  1.500  1.185 -0.000  0.000  0.000  0.000 -0.000  0.000 0.000 0.000
-1.500  1.500  1.185 -0.000  0.000  0.000  0.000 -0.000  0.000 0.000 0.000
-1.500  1.500  1.185  0.000 -0.000 -0.000  0.000 -0.000  0.000 0.000 0.000
-1.500  1.500  1.185  0.000 -0.000 -0.000  0.000 -0.001  0.000 0.000 0.000
-1.500  1.500  1.185  0.000 -0.000 -0.000  0.001 -0.002  0.001 0.000 0.000
-1.500  1.500  1.185  0.000 -0.000 -0.000  0.003 -0.005  0.003 0.000 0.000
-1.500  1.500  1.185  0.000 -0.001 -0.001  0.005 -0.008  0.005 0.000 0.000
-1.500  1.500  1.185  0.001 -0.001 -0.001  0.008 -0.012  0.008 0.000 0.000
-1.500  1.500  1.185  0.001 -0.002 -0.002  0.011 -0.017  0.011 0.000 0.000
-1.500  1.500  1.185  0.002 -0.003 -0.003  0.015 -0.022  0.015 0.000 0.000
-1.500  1.500  1.185  0.003 -0.004 -0.004  0.019 -0.027  0.019 0.000 0.000
-1.500  1.499  1.185  0.004 -0.006 -0.006  0.023 -0.033  0.023 0.000 0.000
-1.499  1.499  1.185  0.005 -0.007 -0.007  0.028 -0.039  0.028 0.000 0.000
-1.499  1.499  1.185  0.007 -0.009 -0.009  0.032 -0.046  0.032 0.000 0.000
-1.499  1.498  1.185  0.008 -0.012 -0.012  0.037 -0.052  0.037 0.000 0.000
-1.498  1.497  1.185  0.010 -0.015 -0.015  0.042 -0.058  0.042 0.000 0.000
-1.498  1.497  1.185  0.012 -0.018 -0.018  0.047 -0.064  0.047 0.000 0.000
-1.497  1.496  1.185  0.015 -0.021 -0.021  0.052 -0.070  0.052 0.000 0.000
-1.496  1.494  1.185  0.018 -0.025 -0.025  0.057 -0.076  0.057 0.000 0.000
-1.495  1.493  1.185  0.021 -0.029 -0.029  0.062 -0.082  0.062 0.000 0.000
-1.494  1.492  1.185  0.024 -0.033 -0.033  0.067 -0.088  0.067 0.000 0.000
-1.493  1.490  1.185  0.027 -0.037 -0.037  0.072 -0.093  0.072 0.000 0.000
-1.491  1.488  1.185  0.031 -0.042 -0.042  0.076 -0.098  0.076 0.000 0.000
-1.490  1.486  1.185  0.035 -0.047 -0.047  0.081 -0.102  0.081 0.000 0.000
-1.488  1.483  1.185  0.039 -0.052 -0.052  0.085 -0.106  0.085 0.000 0.000
-1.486  1.480  1.185  0.043 -0.058 -0.058  0.089 -0.110  0.089 0.000 0.000
-1.483  1.477  1.185  0.048 -0.063 -0.063  0.093 -0.113  0.093 0.000 0.000
-1.481  1.474  1.185  0.053 -0.069 -0.069  0.097 -0.116  0.097 0.000 0.000
-1.478  1.470  1.185  0.058 -0.075 -0.075  0.101 -0.119  0.101 0.000 0.000
-1.475  1.467  1.185  0.063 -0.081 -0.081  0.104 -0.121  0.104 0.000 0.000
-1.472  1.462  1.185  0.068 -0.087 -0.087  0.107 -0.122  0.107 0.000 0.000
-1.468  1.458  1.185  0.074 -0.093 -0.093  0.110 -0.124  0.110 0.000 0.000
-1.465  1.453  1.185  0.079 -0.100 -0.100  0.112 -0.124  0.112 0.000 0.000
-1.460  1.448  1.185  0.085 -0.106 -0.106  0.115 -0.125  0.115 0.000 0.000
-1.456  1.442  1.185  0.091 -0.112 -0.112  0.117 -0.124  0.117 0.000 0.000
-1.451  1.437  1.185  0.096 -0.118 -0.118  0.118 -0.124  0.118 0.000 0.000
-1.446  1.431  1.185  0.102 -0.124 -0.124  0.120 -0.123  0.120 0.000 0.000
-1.441  1.424  1.185  0.108 -0.130 -0.130  0.121 -0.121  0.121 0.000 0.000
-1.436  1.418  1.185  0.115 -0.136 -0.136  0.122 -0.119  0.122 0.000 0.000
-1.430  1.411  1.185  0.121 -0.142 -0.142  0.122 -0.117  0.122 0.000 0.000
-1.424  1.403  1.185  0.127 -0.148 -0.148  0.123 -0.115  0.123 0.000 0.000
-1.417  1.396  1.185  0.133 -0.154 -0.154  0.123 -0.112  0.123 0.000 0.000
-1.410  1.388  1.185  0.139 -0.159 -0.159  0.122 -0.109  0.122 0.000 0.000
-1.403  1.380  1.185  0.145 -0.165 -0.165  0.122 -0.106  0.122 0.000 0.000
-1.396  1.371  1.185  0.151 -0.170 -0.170  0.121 -0.102  0.121 0.000 0.000
-1.388  1.363  1.185  0.157 -0.175 -0.175  0.120 -0.098  0.120 0.000 0.000
-1.380  1.354  1.185  0.163 -0.180 -0.180  0.119 -0.094  0.119 0.000 0.000
-1.372  1.345  1.185  0.169 -0.184 -0.184  0.118 -0.090  0.118 0.000 0.000
-1.363  1.336  1.185  0.175 -0.189 -0.189  0.116 -0.085  0.116 0.000 0.000
-1.354  1.326  1.185  0.181 -0.193 -0.193  0.114 -0.081  0.114 0.000 0.000
-1.345  1.316  1.185  0.186 -0.197 -0.197  0.112 -0.076  0.112 0.000 0.000
-1.336  1.306  1.185  0.192 -0.200 -0.200  0.110 -0.072  0.110 0.000 0.000
-1.326  1.296  1.185  0.197 -0.204 -0.204  0.108 -0.067  0.108 0.000 0.000
-1.316  1.286  1.185  0.203 -0.207 -0.207  0.105 -0.063  0.105 0.000 0.000
-1.306  1.276  1.185  0.208 -0.210 -0.210  0.103 -0.058  0.103 0.000 0.000
-1.295  1.265  1.185  0.213 -0.213 -0.213  0.100 -0.054  0.100 0.000 0.000
-1.284  1.254  1.185  0.218 -0.216 -0.216  0.097 -0.050  0.097 0.000 0.000
-1.273  1.243  1.185  0.223 -0.218 -0.218  0.094 -0.045  0.094 0.000 0.000
-1.262  1.232  1.185  0.227 -0.220 -0.220  0.091 -0.041  0.091 0.000 0.000
-1.250  1.221  1.185  0.232 -0.222 -0.222  0.088 -0.038  0.088 0.000 0.000
-1.239  1.210  1.185  0.236 -0.224 -0.224  0.084 -0.034  0.084 0.000 0.000
-1.227  1.199  1.185  0.240 -0.226 -0.226  0.081 -0.031  0.081 0.000 0.000
-1.215  1.188  1.185  0.244 -0.227 -0.227  0.078 -0.028  0.078 0.000 0.000
-1.202  1.176  1.185  0.248 -0.228 -0.228  0.075 -0.025  0.075 0.000 0.000
-1.190  1.165  1.185  0.252 -0.229 -0.229  0.071 -0.022  0.071 0.000 0.000
-1.177  1.153  1.185  0.255 -0.231 -0.231  0.068 -0.020  0.068 0.000 0.000
-1.164  1.142  1.185  0.258 -0.232 -0.232  0.065 -0.018  0.065 0.000 0.000
-1.151  1.130  1.185  0.262 -0.232 -0.232  0.061 -0.017  0.061 0.000 0.000
-1.138  1.119  1.185  0.265 -0.233 -0.233  0.058 -0.016  0.058 0.000 0.000
-1.125  1.107  1.185  0.267 -0.234 -0.234  0.055 -0.015  0.055 0.000 0.000
-1.112  1.095  1.185  0.270 -0.235 -0.235  0.052 -0.014  0.052 0.000 0.000
-1.098  1.083  1.185  0.273 -0.235 -0.235  0.049 -0.014  0.049 0.000 0.000
-1.084  1.072  1.185  0.275 -0.236 -0.236  0.045 -0.015  0.045 0.000 0.000
-1.070  1.060  1.185  0.277 -0.237 -0.237  0.043 -0.016  0.043 0.000 0.000
-1.057  1.048  1.185  0.279 -0.238 -0.238  0.040 -0.017  0.040 0.000 0.000
-1.043  1.036  1.185  0.281 -0.239 -0.239  0.037 -0.018  0.037 0.000 0.000
-1.028  1.024  1.185  0.283 -0.240 -0.240  0.034 -0.020  0.034 0.000 0.000
-1.014  1.012  1.185  0.285 -0.241 -0.241  0.032 -0.023  0.032 0.000 0.000
-1.000  1.000  1.185  0.286 -0.242 -0.242  0.029 -0.025  0.029 0.000 0.000
-0.986  0.988  1.185  0.287 -0.243 -0.243  0.027 -0.028  0.027 0.000 0.000
-0.971  0.976  1.185  0.289 -0.245 -0.245  0.024 -0.031  0.024 0.000 0.000
-0.957  0.963  1.185  0.290 -0.246 -0.246  0.022 -0.035  0.022 0.000 0.000
-0.942  0.951  1.185  0.291 -0.248 -0.248  0.020 -0.038  0.020 0.000 0.000
-0.928  0.939  1.185  0.292 -0.250 -0.250  0.018 -0.042  0.018 0.000 0.000
-0.913  0.926  1.185  0.293 -0.252 -0.252  0.016 -0.046  0.016 0.000 0.000
-0.898  0.913  1.185  0.294 -0.255 -0.255  0.015 -0.050  0.015 0.000 0.000
-0.884  0.901  1.185  0.294 -0.257 -0.257  0.013 -0.054  0.013 0.000 0.000
-0.869  0.888  1.185  0.295 -0.260 -0.260  0.011 -0.059  0.011 0.000 0.000
-0.854  0.875  1.185  0.295 -0.263 -0.263  0.010 -0.063  0.010 0.000 0.000
-0.839  0.861  1.185  0.296 -0.266 -0.266  0.008 -0.067  0.008 0.000 0.000
-0.825  0.848  1.185  0.296 -0.270 -0.270  0.007 -0.071  0.007 0.000 0.000
-0.810  0.834  1.185  0.297 -0.274 -0.274  0.006 -0.075  0.006 0.000 0.000
-0.795  0.821  1.185  0.297 -0.277 -0.277  0.004 -0.078  0.004 0.000 0.000
-0.780  0.807  1.185  0.297 -0.281 -0.281  0.003 -0.081  0.003 0.000 0.000
-0.765  0.792  1.185  0.297 -0.285 -0.285  0.002 -0.084  0.002 0.000 0.000
-0.750  0.778  1.185  0.297 -0.290 -0.290  0.001 -0.087  0.001 0.000 0.000
-0.736  0.763  1.185  0.297 -0.294 -0.294 -0.001 -0.089 -0.001 0.000 0.000
-0.721  0.749  1.185  0.297 -0.299 -0.299 -0.002 -0.091 -0.002 0.000 0.000
-0.706  0.734  1.185  0.297 -0.303 -0.303 -0.003 -0.092 -0.003 0.000 0.000
-0.691  0.718  1.185  0.297 -0.308 -0.308 -0.004 -0.093 -0.004 0.000 0.000
-0.676  0.703  1.185  0.297 -0.313 -0.313 -0.005 -0.093 -0.005 0.000 0.000
-0.661  0.687  1.185  0.296 -0.317 -0.317 -0.006 -0.093 -0.006 0.000 0.000
-0.647  0.671  1.185  0.296 -0.322 -0.322 -0.007 -0.092 -0.007 0.000 0.000
-0.632  0.655  1.185  0.296 -0.326 -0.326 -0.009 -0.090 -0.009 0.000 0.000
-0.617  0.638  1.185  0.295 -0.331 -0.331 -0.010 -0.088 -0.010 0.000 0.000
-0.602  0.622  1.185  0.295 -0.335 -0.335 -0.011 -0.085 -0.011 0.000 0.000
-0.588  0.605  1.185  0.294 -0.339 -0.339 -0.012 -0.081 -0.012 0.000 0.000
-0.573  0.588  1.185  0.293 -0.343 -0.343 -0.013 -0.076 -0.013 0.000 0.000
-0.558  0.571  1.185  0.293 -0.347 -0.347 -0.014 -0.071 -0.014 0.000 0.000
-0.544  0.553  1.185  0.292 -0.350 -0.350 -0.016 -0.065 -0.016 0.000 0.000
-0.529  0.536  1.185  0.291 -0.353 -0.353 -0.017 -0.058 -0.017 0.000 0.000
-0.514  0.518  1.185  0.290 -0.356 -0.356 -0.018 -0.051 -0.018 0.000 0.000
-0.500  0.500  1.185  0.289 -0.358 -0.358 -0.019 -0.043 -0.019 0.000 0.000
-0.486  0.482  1.185  0.288 -0.360 -0.360 -0.020 -0.034 -0.020 0.000 0.000
-0.471  0.464  1.185  0.287 -0.362 -0.362 -0.021 -0.024 -0.021 0.000 0.000
-0.457  0.446  1.185  0.286 -0.363 -0.363 -0.022 -0.014 -0.022 0.000 0.000
-0.443  0.428  1.185  0.285 -0.363 -0.363 -0.023 -0.004 -0.023 0.000 0.000
-0.428  0.410  1.185  0.284 -0.363 -0.363 -0.023  0.008 -0.023 0.000 0.000
-0.414  0.391  1.185  0.283 -0.362 -0.362 -0.024  0.019 -0.024 0.000 0.000
-0.400  0.373  1.185  0.282 -0.361 -0.361 -0.024  0.031 -0.024 0.000 0.000
-0.386  0.355  1.185  0.280 -0.359 -0.359 -0.025  0.044 -0.025 0.000 0.000
-0.372  0.337  1.185  0.279 -0.357 -0.357 -0.025  0.056 -0.025 0.000 0.000
-0.358  0.320  1.185  0.278 -0.354 -0.354 -0.024  0.069 -0.024 0.000 0.000
-0.344  0.302  1.185  0.277 -0.350 -0.350 -0.024  0.082 -0.024 0.000 0.000
-0.330  0.285  1.185  0.276 -0.345 -0.345 -0.023  0.095 -0.023 0.000 0.000
-0.317  0.268  1.185  0.274 -0.340 -0.340 -0.022  0.108 -0.022 0.000 0.000
-0.303  0.251  1.185  0.273 -0.335 -0.335 -0.021  0.121 -0.021 0.000 0.000
-0.289  0.234  1.185  0.272 -0.328 -0.328 -0.019  0.133 -0.019 0.000 0.000
-0.276  0.218  1.185  0.271 -0.321 -0.321 -0.018  0.146 -0.018 0.000 0.000
-0.262  0.202  1.185  0.271 -0.314 -0.314 -0.015  0.158 -0.015 0.000 0.000
-0.249  0.186  1.185  0.270 -0.306 -0.306 -0.013  0.170 -0.013 0.000 0.000
-0.235  0.171  1.185  0.269 -0.297 -0.297 -0.010  0.181 -0.010 0.000 0.000
-0.222  0.157  1.185  0.269 -0.287 -0.287 -0.006  0.191 -0.006 0.000 0.000
-0.208  0.143  1.185  0.269 -0.278 -0.278 -0.003  0.201 -0.003 0.000 0.000
-0.195  0.129  1.185  0.269 -0.267 -0.267  0.002  0.211  0.002 0.000 0.000
-0.181  0.116  1.185  0.269 -0.257 -0.257  0.006  0.219  0.006 0.000 0.000
-0.168  0.103  1.185  0.269 -0.245 -0.245  0.011  0.227  0.011 0.000 0.000
-0.154  0.091  1.185  0.270 -0.234 -0.234  0.016  0.234  0.016 0.000 0.000
-0.141  0.080  1.185  0.271 -0.222 -0.222  0.022  0.239  0.022 0.000 0.000
-0.127  0.069  1.185  0.272 -0.210 -0.210  0.028  0.244  0.028 0.000 0.000
-0.114  0.059  1.185  0.274 -0.198 -0.198  0.034  0.248  0.034 0.000 0.000
-0.100  0.049  1.185  0.276 -0.185 -0.185  0.041  0.251  0.041 0.000 0.000
-0.086  0.040  1.185  0.278 -0.173 -0.173  0.048  0.253  0.048 0.000 0.000
-0.072  0.032  1.185  0.280 -0.160 -0.160  0.055  0.253  0.055 0.000 0.000
-0.058  0.024  1.185  0.283 -0.147 -0.147  0.063  0.253  0.063 0.000 0.000
-0.044  0.017  1.185  0.287 -0.135 -0.135  0.070  0.251  0.070 0.000 0.000
-0.029  0.011  1.185  0.290 -0.122 -0.122  0.078  0.248  0.078 0.000 0.000
-0.015  0.005  1.185  0.294 -0.110 -0.110  0.086  0.244  0.086 0.000 0.000
 0.000 -0.000  1.185  0.299 -0.098 -0.098  0.093  0.239  0.093 0.000 0.000
 0.015 -0.005  1.185  0.304 -0.086 -0.086  0.101  0.233  0.101 0.000 0.000
 0.030 -0.009  1.185  0.309 -0.075 -0.075  0.108  0.226  0.108 0.000 0.000
 0.046 -0.012  1.185  0.315 -0.064 -0.064  0.116  0.218  0.116 0.000 0.000
 0.062 -0.015  1.185  0.321 -0.053 -0.053  0.123  0.209  0.123 0.000 0.000
 0.078 -0.017  1.185  0.327 -0.043 -0.043  0.129  0.199  0.129 0.000 0.000
 0.095 -0.019  1.185  0.334 -0.033 -0.033  0.135  0.188  0.135 0.000 0.000
 0.111 -0.021  1.185  0.340 -0.024 -0.024  0.141  0.177  0.141 0.000 0.000
 0.129 -0.022  1.185  0.348 -0.015 -0.015  0.146  0.165  0.146 0.000 0.000
 0.146 -0.022  1.185  0.355 -0.007 -0.007  0.150  0.152  0.150 0.000 0.000
 0.164 -0.022  1.185  0.363 -0.000 -0.000  0.153  0.140  0.153 0.000 0.000
 0.182 -0.022  1.185  0.370  0.007  0.007  0.155  0.126  0.155 0.000 0.000
 0.201 -0.022  1.185  0.378  0.013  0.013  0.156  0.113  0.156 0.000 0.000
 0.220 -0.021  1.185  0.386  0.018  0.018  0.156  0.100  0.156 0.000 0.000
 0.240 -0.020  1.185  0.394  0.022  0.022  0.155  0.086  0.155 0.000 0.000
 0.260 -0.019  1.185  0.401  0.026  0.026  0.153  0.073  0.153 0.000 0.000
 0.280 -0.017  1.185  0.409  0.030  0.030  0.150  0.060  0.150 0.000 0.000
 0.300 -0.016  1.185  0.416  0.032  0.032  0.145  0.047  0.145 0.000 0.000
 0.321 -0.014  1.185  0.423  0.034  0.034  0.139  0.034  0.139 0.000 0.000
 0.343 -0.012  1.185  0.430  0.036  0.036  0.132  0.022  0.132 0.000 0.000
 0.365 -0.011  1.185  0.437  0.037  0.037  0.123  0.011  0.123 0.000 0.000
 0.386 -0.009  1.185  0.442  0.037  0.037  0.113 -0.000  0.113 0.000 0.000
 0.409 -0.007  1.185  0.448  0.037  0.037  0.102 -0.010  0.102 0.000 0.000
 0.431 -0.005  1.185  0.453  0.036  0.036  0.089 -0.020  0.089 0.000 0.000
 0.454 -0.003  1.185  0.457  0.035  0.035  0.075 -0.028  0.075 0.000 0.000
 0.477 -0.002  1.185  0.460  0.033  0.033  0.061 -0.036  0.061 0.000 0.000
 0.500  0.000  1.185  0.463  0.031  0.031  0.045 -0.043  0.045 0.000 0.000
 0.523  0.001  1.185  0.465  0.029  0.029  0.029 -0.048  0.029 0.000 0.000
 0.546  0.003  1.185  0.466  0.026  0.026  0.012 -0.053  0.012 0.000 0.000
 0.570  0.004  1.185  0.466  0.023  0.023 -0.006 -0.057 -0.006 0.000 0.000
 0.593  0.005  1.185  0.465  0.021  0.021 -0.024 -0.060 -0.024 0.000 0.000
 0.616  0.006  1.185  0.463  0.017  0.017 -0.042 -0.062 -0.042 0.000 0.000
 0.639  0.007  1.185  0.461  0.014  0.014 -0.060 -0.063 -0.060 0.000 0.000
 0.662  0.008  1.185  0.457  0.011  0.011 -0.077 -0.063 -0.077 0.000 0.000
 0.685  0.008  1.185  0.453  0.008  0.008 -0.094 -0.063 -0.094 0.000 0.000
 0.708  0.008  1.185  0.448  0.005  0.005 -0.110 -0.062 -0.110 0.000 0.000
 0.730  0.009  1.185  0.442  0.002  0.002 -0.125 -0.059 -0.125 0.000 0.000
 0.752  0.009  1.185  0.436 -0.001 -0.001 -0.138 -0.057 -0.138 0.000 0.000
 0.773  0.008  1.185  0.428 -0.004 -0.004 -0.150 -0.053 -0.150 0.000 0.000
 0.795  0.008  1.185  0.421 -0.006 -0.006 -0.161 -0.049 -0.161 0.000 0.000
 0.815  0.008  1.185  0.412 -0.009 -0.009 -0.169 -0.045 -0.169 0.000 0.000
 0.836  0.007  1.185  0.404 -0.011 -0.011 -0.175 -0.040 -0.175 0.000 0.000
 0.856  0.007  1.185  0.395 -0.013 -0.013 -0.179 -0.035 -0.179 0.000 0.000
 0.875  0.006  1.185  0.386 -0.014 -0.014 -0.181 -0.030 -0.181 0.000 0.000
 0.894  0.005  1.185  0.377 -0.016 -0.016 -0.180 -0.024 -0.180 0.000 0.000
 0.913  0.005  1.185  0.368 -0.017 -0.017 -0.176 -0.019 -0.176 0.000 0.000
 0.931  0.004  1.185  0.359 -0.018 -0.018 -0.170 -0.013 -0.170 0.000 0.000
 0.949  0.003  1.185  0.351 -0.018 -0.018 -0.161 -0.008 -0.161 0.000 0.000
 0.966  0.002  1.185  0.343 -0.018 -0.018 -0.149 -0.002 -0.149 0.000 0.000
 0.983  0.001  1.185  0.336 -0.018 -0.018 -0.135  0.003 -0.135 0.000 0.000
 1.000 -0.000  1.185  0.330 -0.018 -0.018 -0.118  0.008 -0.118 0.000 0.000
 1.016 -0.001  1.185  0.324 -0.018 -0.018 -0.098  0.013 -0.098 0.000 0.000
 1.032 -0.002  1.185  0.320 -0.017 -0.017 -0.077  0.017 -0.077 0.000 0.000
 1.048 -0.003  1.185  0.317 -0.016 -0.016 -0.053  0.021 -0.053 0.000 0.000
 1.064 -0.003  1.185  0.315 -0.015 -0.015 -0.028  0.025 -0.028 0.000 0.000
 1.080 -0.004  1.185  0.314 -0.013 -0.013 -0.002  0.028 -0.002 0.000 0.000
 1.096 -0.005  1.185  0.315 -0.012 -0.012  0.026  0.031  0.026 0.000 0.000
 1.111 -0.005  1.185  0.317 -0.010 -0.010  0.054  0.034  0.054 0.000 0.000
 1.127 -0.006  1.185  0.320 -0.008 -0.008  0.082  0.035  0.082 0.000 0.000
 1.143 -0.006  1.185  0.325 -0.007 -0.007  0.111  0.037  0.111 0.000 0.000
 1.160 -0.006  1.185  0.331 -0.005 -0.005  0.139  0.038  0.139 0.000 0.000
 1.176 -0.007  1.185  0.339 -0.003 -0.003  0.165  0.038  0.165 0.000 0.000
 1.194 -0.007  1.185  0.348 -0.001 -0.001  0.191  0.038  0.191 0.000 0.000
 1.211 -0.007  1.185  0.358  0.001  0.001  0.214  0.038  0.214 0.000 0.000
 1.229 -0.007  1.185  0.369  0.003  0.003  0.235  0.037  0.235 0.000 0.000
 1.248 -0.006  1.185  0.381  0.005  0.005  0.254  0.035  0.254 0.000 0.000
 1.268 -0.006  1.185  0.394  0.006  0.006  0.269  0.033  0.269 0.000 0.000
 1.288 -0.006  1.185  0.408  0.008  0.008  0.281  0.031  0.281 0.000 0.000
 1.308 -0.005  1.185  0.422  0.009  0.009  0.290  0.029  0.290 0.000 0.000
 1.330 -0.005  1.185  0.437  0.011  0.011  0.294  0.026  0.294 0.000 0.000
 1.352 -0.004  1.185  0.452  0.012  0.012  0.294  0.022  0.294 0.000 0.000
 1.375 -0.004  1.185  0.466  0.013  0.013  0.290  0.019  0.290 0.000 0.000
 1.399 -0.003  1.185  0.481  0.014  0.014  0.281  0.015  0.281 0.000 0.000
 1.423 -0.002  1.185  0.494  0.014  0.014  0.267  0.011  0.267 0.000 0.000
 1.448 -0.002  1.185  0.507  0.015  0.015  0.248  0.007  0.248 0.000 0.000
 1.474 -0.001  1.185  0.519  0.015  0.015  0.224  0.003  0.224 0.000 0.000
 1.500  0.000  1.185  0.530  0.015  0.015  0.196 -0.001  0.196 0.000 0.000
 1.527  0.001  1.185  0.538  0.015  0.015  0.162 -0.005  0.162 0.000 0.000
 1.554  0.002  1.185  0.546  0.015  0.015  0.125 -0.009  0.125 0.000 0.000
 1.581  0.002  1.185  0.551  0.014  0.014  0.083 -0.013  0.083 0.000 0.000
 1.609  0.003  1.185  0.554  0.013  0.013  0.037 -0.017  0.037 0.000 0.000
 1.637  0.004  1.185  0.555  0.012  0.012 -0.012 -0.021 -0.012 0.000 0.000
 1.664  0.004  1.185  0.553  0.011  0.011 -0.064 -0.025 -0.064 0.000 0.000
 1.692  0.005  1.185  0.548  0.010  0.010 -0.119 -0.028 -0.119 0.000 0.000
 1.719  0.005  1.185  0.541  0.008  0.008 -0.176 -0.031 -0.176 0.000 0.000
 1.746  0.006  1.184  0.530  0.007  0.007 -0.234 -0.034 -0.234 0.000 0.000
 1.772  0.006  1.184  0.517  0.005  0.005 -0.293 -0.036 -0.293 0.000 0.000
 1.798  0.006  1.184  0.501  0.003  0.003 -0.353 -0.038 -0.353 0.000 0.000
 1.822  0.006  1.184  0.482  0.001  0.001 -0.412 -0.040 -0.412 0.000 0.000
 1.846  0.006  1.184  0.460 -0.001 -0.001 -0.470 -0.041 -0.470 0.000 0.000
 1.868  0.006  1.184  0.435 -0.003 -0.003 -0.526 -0.041 -0.526 0.000 0.000
 1.889  0.006  1.184  0.407 -0.005 -0.005 -0.581 -0.041 -0.581 0.000 0.000
 1.909  0.006  1.184  0.377 -0.007 -0.007 -0.632 -0.041 -0.632 0.000 0.000
 1.927  0.005  1.184  0.344 -0.009 -0.009 -0.681 -0.039 -0.681 0.000 0.000
 1.943  0.005  1.185  0.309 -0.011 -0.011 -0.725 -0.038 -0.725 0.000 0.000
 1.958  0.004  1.185  0.272 -0.013 -0.013 -0.765 -0.035 -0.765 0.000 0.000
 1.970  0.003  1.185  0.233 -0.014 -0.014 -0.801 -0.033 -0.801 0.000 0.000
 1.981  0.003  1.185  0.192 -0.016 -0.016 -0.831 -0.029 -0.831 0.000 0.000
 1.989  0.002  1.185  0.149 -0.017 -0.017 -0.856 -0.025 -0.856 0.000 0.000
 1.996  0.001  1.185  0.106 -0.018 -0.018 -0.876 -0.021 -0.876 0.000 0.000
 2.000 -0.000  1.185  0.062 -0.019 -0.019 -0.889 -0.016 -0.889 0.000 0.000
 2.002 -0.001  1.185  0.017 -0.020 -0.020 -0.896 -0.011 -0.896 0.000 0.000
 2.002 -0.002  1.185 -0.027 -0.021 -0.021 -0.897 -0.005 -0.897 0.000 0.000
 1.999 -0.003  1.185 -0.072 -0.021 -0.021 -0.892  0.000 -0.892 0.000 0.000
 1.995 -0.004  1.185 -0.117 -0.020 -0.020 -0.881  0.007 -0.881 0.000 0.000
 1.988 -0.005  1.186 -0.160 -0.020 -0.020 -0.864  0.013 -0.864 0.000 0.000
 1.979 -0.006  1.186 -0.203 -0.019 -0.019 -0.841  0.019 -0.841 0.000 0.000
 1.967 -0.007  1.186 -0.244 -0.018 -0.018 -0.814  0.026 -0.814 0.000 0.000
 1.954 -0.008  1.186 -0.284 -0.017 -0.017 -0.781  0.032 -0.781 0.000 0.000
 1.939 -0.009  1.186 -0.322 -0.015 -0.015 -0.743  0.038 -0.743 0.000 0.000
 1.922 -0.009  1.186 -0.358 -0.013 -0.013 -0.701  0.044 -0.701 0.000 0.000
 1.903 -0.010  1.186 -0.392 -0.011 -0.011 -0.656  0.049 -0.656 0.000 0.000
 1.883 -0.010  1.186 -0.424 -0.008 -0.008 -0.607  0.054 -0.607 0.000 0.000
 1.861 -0.011  1.186 -0.453 -0.005 -0.005 -0.555  0.059 -0.555 0.000 0.000
 1.837 -0.011  1.186 -0.479 -0.002 -0.002 -0.502  0.063 -0.502 0.000 0.000
 1.813 -0.011  1.186 -0.503  0.001  0.001 -0.446  0.066 -0.446 0.000 0.000
 1.787 -0.011  1.186 -0.524  0.005  0.005 -0.389  0.069 -0.389 0.000 0.000
 1.761 -0.010  1.186 -0.542  0.008  0.008 -0.332  0.070 -0.332 0.000 0.000
 1.733 -0.010  1.186 -0.557  0.012  0.012 -0.274  0.071 -0.274 0.000 0.000
 1.705 -0.009  1.186 -0.569  0.015  0.015 -0.217  0.071 -0.217 0.000 0.000
 1.676 -0.008  1.186 -0.579  0.019  0.019 -0.161  0.070 -0.161 0.000 0.000
 1.647 -0.007  1.186 -0.586  0.022  0.022 -0.106  0.068 -0.106 0.000 0.000
 1.618 -0.006  1.186 -0.589  0.025  0.025 -0.053  0.064 -0.053 0.000 0.000
 1.588 -0.005  1.186 -0.591  0.029  0.029 -0.002  0.060 -0.002 0.000 0.000
 1.559 -0.003  1.185 -0.590  0.031  0.031  0.046  0.054  0.046 0.000 0.000
 1.529 -0.002  1.185 -0.586  0.034  0.034  0.091  0.047  0.091 0.000 0.000
 1.500 -0.000  1.185 -0.581  0.036  0.036  0.133  0.040  0.133 0.000 0.000
 1.471  0.002  1.185 -0.573  0.038  0.038  0.171  0.031  0.171 0.000 0.000
 1.443  0.004  1.185 -0.564  0.039  0.039  0.206  0.021  0.206 0.000 0.000
 1.415  0.006  1.184 -0.552  0.040  0.040  0.236  0.010  0.236 0.000 0.000
 1.388  0.008  1.184 -0.540  0.040  0.040  0.263 -0.002  0.263 0.000 0.000
 1.361  0.010  1.184 -0.526  0.040  0.040  0.285 -0.015  0.285 0.000 0.000
 1.335  0.012  1.184 -0.512  0.039  0.039  0.304 -0.028  0.304 0.000 0.000
 1.310  0.014  1.183 -0.496  0.037  0.037  0.318 -0.042  0.318 0.000 0.000
 1.285  0.015  1.183 -0.480  0.034  0.034  0.329 -0.056  0.329 0.000 0.000
 1.262  0.017  1.183 -0.463  0.031  0.031  0.335 -0.071  0.335 0.000 0.000
 1.239  0.019  1.183 -0.446  0.027  0.027  0.338 -0.086  0.338 0.000 0.000
 1.217  0.020  1.183 -0.429  0.023  0.023  0.338 -0.101  0.338 0.000 0.000
 1.196  0.021  1.183 -0.413  0.017  0.017  0.335 -0.117  0.335 0.000 0.000
 1.176  0.021  1.182 -0.396  0.011  0.011  0.328 -0.132  0.328 0.000 0.000
 1.156  0.022  1.182 -0.380  0.004  0.004  0.319 -0.147  0.319 0.000 0.000
 1.138  0.022  1.182 -0.364 -0.004 -0.004  0.307 -0.161  0.307 0.000 0.000
 1.120  0.021  1.183 -0.349 -0.012 -0.012  0.293 -0.176  0.293 0.000 0.000
 1.103  0.021  1.183 -0.335 -0.021 -0.021  0.277 -0.189  0.277 0.000 0.000
 1.087  0.019  1.183 -0.321 -0.031 -0.031  0.260 -0.202  0.260 0.000 0.000
 1.071  0.018  1.183 -0.309 -0.041 -0.041  0.241 -0.214  0.241 0.000 0.000
 1.056  0.015  1.183 -0.297 -0.052 -0.052  0.221 -0.224  0.221 0.000 0.000
 1.041  0.012  1.184 -0.287 -0.064 -0.064  0.200 -0.234  0.200 0.000 0.000
 1.027  0.009  1.184 -0.277 -0.076 -0.076  0.179 -0.243  0.179 0.000 0.000
 1.013  0.005  1.184 -0.269 -0.088 -0.088  0.157 -0.251  0.157 0.000 0.000
 1.000  0.000  1.185 -0.262 -0.101 -0.101  0.136 -0.257  0.136 0.000 0.000
 0.987 -0.005  1.186 -0.255 -0.114 -0.114  0.115 -0.262  0.115 0.000 0.000
 0.974 -0.011  1.186 -0.250 -0.127 -0.127  0.094 -0.265  0.094 0.000 0.000
 0.962 -0.018  1.187 -0.246 -0.140 -0.140  0.073 -0.267  0.073 0.000 0.000
 0.950 -0.025  1.188 -0.243 -0.154 -0.154  0.054 -0.268  0.054 0.000 0.000
 0.938 -0.033  1.188 -0.241 -0.167 -0.167  0.035 -0.267  0.035 0.000 0.000
 0.926 -0.042  1.189 -0.239 -0.180 -0.180  0.017 -0.265  0.017 0.000 0.000
 0.914 -0.051  1.190 -0.239 -0.193 -0.193  0.001 -0.262  0.001 0.000 0.000
 0.902 -0.061  1.191 -0.239 -0.206 -0.206 -0.015 -0.257 -0.015 0.000 0.000
 0.890 -0.072  1.192 -0.240 -0.219 -0.219 -0.029 -0.251 -0.029 0.000 0.000
 0.878 -0.083  1.192 -0.242 -0.232 -0.232 -0.042 -0.244 -0.042 0.000 0.000
 0.866 -0.095  1.193 -0.244 -0.244 -0.244 -0.053 -0.235 -0.053 0.000 0.000
 0.853 -0.108  1.194 -0.247 -0.255 -0.255 -0.063 -0.226 -0.063 0.000 0.000
 0.841 -0.121  1.195 -0.251 -0.266 -0.266 -0.072 -0.215 -0.072 0.000 0.000
 0.828 -0.134  1.196 -0.254 -0.277 -0.277 -0.079 -0.204 -0.079 0.000 0.000
 0.815 -0.148  1.196 -0.259 -0.286 -0.286 -0.085 -0.192 -0.085 0.000 0.000
 0.802 -0.163  1.197 -0.263 -0.296 -0.296 -0.089 -0.179 -0.089 0.000 0.000
 0.789 -0.178  1.198 -0.267 -0.304 -0.304 -0.092 -0.165 -0.092 0.000 0.000
 0.776 -0.193  1.198 -0.272 -0.312 -0.312 -0.094 -0.151 -0.094 0.000 0.000
 0.762 -0.209  1.199 -0.277 -0.319 -0.319 -0.095 -0.136 -0.095 0.000 0.000
 0.748 -0.225  1.199 -0.282 -0.326 -0.326 -0.095 -0.121 -0.095 0.000 0.000
 0.734 -0.242  1.200 -0.286 -0.332 -0.332 -0.093 -0.106 -0.093 0.000 0.000
 0.719 -0.258  1.200 -0.291 -0.337 -0.337 -0.090 -0.091 -0.090 0.000 0.000
 0.705 -0.275  1.200 -0.295 -0.341 -0.341 -0.087 -0.076 -0.087 0.000 0.000
 0.690 -0.293  1.200 -0.300 -0.344 -0.344 -0.082 -0.061 -0.082 0.000 0.000
 0.675 -0.310  1.199 -0.304 -0.347 -0.347 -0.077 -0.046 -0.077 0.000 0.000
 0.660 -0.327  1.199 -0.307 -0.349 -0.349 -0.071 -0.031 -0.071 0.000 0.000
 0.644 -0.345  1.199 -0.311 -0.350 -0.350 -0.065 -0.017 -0.065 0.000 0.000
 0.628 -0.362  1.198 -0.314 -0.350 -0.350 -0.058 -0.003 -0.058 0.000 0.000
 0.613 -0.380  1.197 -0.316 -0.350 -0.350 -0.050  0.010 -0.050 0.000 0.000
 0.597 -0.397  1.196 -0.319 -0.349 -0.349 -0.043  0.022 -0.043 0.000 0.000
 0.581 -0.415  1.195 -0.321 -0.348 -0.348 -0.035  0.034 -0.035 0.000 0.000
 0.565 -0.432  1.193 -0.322 -0.346 -0.346 -0.026  0.045 -0.026 0.000 0.000
 0.549 -0.449  1.191 -0.323 -0.344 -0.344 -0.018  0.055 -0.018 0.000 0.000
 0.532 -0.466  1.189 -0.324 -0.341 -0.341 -0.010  0.064 -0.010 0.000 0.000
 0.516 -0.483  1.187 -0.324 -0.337 -0.337 -0.002  0.072 -0.002 0.000 0.000
 0.500 -0.500  1.185 -0.324 -0.333 -0.333  0.006  0.079  0.006 0.000 0.000
 0.484 -0.517  1.182 -0.324 -0.329 -0.329  0.013  0.085  0.013 0.000 0.000
 0.468 -0.533  1.180 -0.323 -0.325 -0.325  0.021  0.090  0.021 0.000 0.000
 0.452 -0.549  1.177 -0.322 -0.320 -0.320  0.028  0.093  0.028 0.000 0.000
 0.435 -0.565  1.173 -0.320 -0.316 -0.316  0.034  0.096  0.034 0.000 0.000
 0.420 -0.581  1.170 -0.318 -0.311 -0.311  0.041  0.098  0.041 0.000 0.000
 0.404 -0.596  1.166 -0.316 -0.306 -0.306  0.046  0.098  0.046 0.000 0.000
 0.388 -0.611  1.162 -0.314 -0.301 -0.301  0.052  0.098  0.052 0.000 0.000
 0.372 -0.626  1.158 -0.311 -0.296 -0.296  0.056  0.096  0.056 0.000 0.000
 0.357 -0.641  1.154 -0.308 -0.291 -0.291  0.060  0.094  0.060 0.000 0.000
 0.342 -0.655  1.150 -0.305 -0.287 -0.287  0.064  0.091  0.064 0.000 0.000
 0.326 -0.669  1.145 -0.302 -0.282 -0.282  0.067  0.086  0.067 0.000 0.000
 0.311 -0.683  1.140 -0.298 -0.278 -0.278  0.070  0.082  0.070 0.000 0.000
 0.297 -0.697  1.135 -0.295 -0.274 -0.274  0.072  0.076  0.072 0.000 0.000
 0.282 -0.711  1.130 -0.291 -0.270 -0.270  0.073  0.070  0.073 0.000 0.000
 0.267 -0.724  1.124 -0.287 -0.267 -0.267  0.074  0.063  0.074 0.000 0.000
 0.253 -0.738  1.119 -0.284 -0.264 -0.264  0.074  0.056  0.074 0.000 0.000
 0.239 -0.751  1.113 -0.280 -0.262 -0.262  0.074  0.048  0.074 0.000 0.000
 0.225 -0.764  1.107 -0.276 -0.259 -0.259  0.073  0.040  0.073 0.000 0.000
 0.211 -0.777  1.101 -0.273 -0.258 -0.258  0.072  0.032  0.072 0.000 0.000
 0.198 -0.790  1.095 -0.269 -0.256 -0.256  0.071  0.023  0.071 0.000 0.000
 0.185 -0.802  1.088 -0.266 -0.255 -0.255  0.069  0.015  0.069 0.000 0.000
 0.171 -0.815  1.082 -0.262 -0.255 -0.255  0.066  0.007  0.066 0.000 0.000
 0.158 -0.828  1.076 -0.259 -0.255 -0.255  0.064 -0.002  0.064 0.000 0.000
 0.145 -0.841  1.069 -0.256 -0.255 -0.255  0.060 -0.010  0.060 0.000 0.000
 0.133 -0.853  1.062 -0.253 -0.256 -0.256  0.057 -0.018  0.057 0.000 0.000
 0.120 -0.866  1.055 -0.250 -0.257 -0.257  0.053 -0.025  0.053 0.000 0.000
 0.108 -0.879  1.049 -0.248 -0.258 -0.258  0.050 -0.032  0.050 0.000 0.000
 0.095 -0.892  1.042 -0.245 -0.260 -0.260  0.045 -0.039  0.045 0.000 0.000
 0.083 -0.905  1.035 -0.243 -0.262 -0.262  0.041 -0.044  0.041 0.000 0.000
 0.071 -0.918  1.028 -0.241 -0.264 -0.264  0.037 -0.050  0.037 0.000 0.000
 0.059 -0.931  1.021 -0.239 -0.267 -0.267  0.032 -0.054  0.032 0.000 0.000
 0.047 -0.945  1.014 -0.238 -0.270 -0.270  0.028 -0.058  0.028 0.000 0.000
 0.035 -0.958  1.006 -0.237 -0.273 -0.273  0.023 -0.061  0.023 0.000 0.000
 0.023 -0.972  0.999 -0.236 -0.276 -0.276  0.018 -0.063  0.018 0.000 0.000
 0.012 -0.986  0.992 -0.235 -0.279 -0.279  0.014 -0.065  0.014 0.000 0.000
-0.000 -1.000  0.985 -0.234 -0.282 -0.282  0.009 -0.065  0.009 0.000 0.000
-0.012 -1.014  0.978 -0.234 -0.285 -0.285  0.005 -0.064  0.005 0.000 0.000
-0.023 -1.029  0.971 -0.234 -0.289 -0.289  0.000 -0.063  0.000 0.000 0.000
-0.035 -1.043  0.963 -0.234 -0.292 -0.292 -0.004 -0.061 -0.004 0.000 0.000
-0.047 -1.058  0.956 -0.234 -0.295 -0.295 -0.008 -0.057 -0.008 0.000 0.000
-0.058 -1.073  0.949 -0.235 -0.297 -0.297 -0.012 -0.053 -0.012 0.000 0.000
-0.070 -1.087  0.942 -0.235 -0.300 -0.300 -0.016 -0.048 -0.016 0.000 0.000
-0.082 -1.103  0.934 -0.236 -0.302 -0.302 -0.020 -0.042 -0.020 0.000 0.000
-0.094 -1.118  0.927 -0.237 -0.304 -0.304 -0.024 -0.035 -0.024 0.000 0.000
-0.106 -1.133  0.920 -0.239 -0.306 -0.306 -0.027 -0.028 -0.027 0.000 0.000
-0.118 -1.148  0.913 -0.240 -0.307 -0.307 -0.030 -0.019 -0.030 0.000 0.000
-0.130 -1.164  0.905 -0.242 -0.308 -0.308 -0.033 -0.010 -0.033 0.000 0.000
-0.142 -1.179  0.898 -0.243 -0.308 -0.308 -0.036 -0.001 -0.036 0.000 0.000
-0.154 -1.194  0.891 -0.245 -0.308 -0.308 -0.039  0.009 -0.039 0.000 0.000
-0.166 -1.210  0.883 -0.247 -0.307 -0.307 -0.041  0.020 -0.041 0.000 0.000
-0.179 -1.225  0.876 -0.249 -0.306 -0.306 -0.043  0.031 -0.043 0.000 0.000
-0.191 -1.240  0.868 -0.252 -0.304 -0.304 -0.045  0.042 -0.045 0.000 0.000
-0.204 -1.255  0.861 -0.254 -0.302 -0.302 -0.047  0.054 -0.047 0.000 0.000
-0.217 -1.270  0.853 -0.256 -0.299 -0.299 -0.049  0.065 -0.049 0.000 0.000
-0.230 -1.285  0.846 -0.259 -0.295 -0.295 -0.050  0.077 -0.050 0.000 0.000
-0.243 -1.300  0.838 -0.261 -0.291 -0.291 -0.052  0.089 -0.052 0.000 0.000
-0.256 -1.314  0.830 -0.264 -0.286 -0.286 -0.053  0.101 -0.053 0.000 0.000
-0.269 -1.329  0.823 -0.267 -0.281 -0.281 -0.054  0.113 -0.054 0.000 0.000
-0.282 -1.342  0.815 -0.269 -0.275 -0.275 -0.054  0.124 -0.054 0.000 0.000
-0.296 -1.356  0.807 -0.272 -0.268 -0.268 -0.055  0.136 -0.055 0.000 0.000
-0.310 -1.369  0.799 -0.275 -0.261 -0.261 -0.055  0.147 -0.055 0.000 0.000
-0.324 -1.382  0.791 -0.278 -0.254 -0.254 -0.056  0.157 -0.056 0.000 0.000
-0.337 -1.395  0.782 -0.280 -0.246 -0.246 -0.056  0.167 -0.056 0.000 0.000
-0.352 -1.407  0.774 -0.283 -0.237 -0.237 -0.056  0.177 -0.056 0.000 0.000
-0.366 -1.418  0.766 -0.286 -0.228 -0.228 -0.056  0.186 -0.056 0.000 0.000
-0.380 -1.430  0.757 -0.289 -0.218 -0.218 -0.055  0.194 -0.055 0.000 0.000
-0.395 -1.440  0.749 -0.292 -0.208 -0.208 -0.055  0.201 -0.055 0.000 0.000
-0.409 -1.450  0.740 -0.294 -0.198 -0.198 -0.055  0.208 -0.055 0.000 0.000
-0.424 -1.460  0.731 -0.297 -0.188 -0.188 -0.054  0.214 -0.054 0.000 0.000
-0.439 -1.469  0.722 -0.300 -0.177 -0.177 -0.053  0.219 -0.053 0.000 0.000
-0.454 -1.478  0.713 -0.302 -0.166 -0.166 -0.052  0.223 -0.052 0.000 0.000
-0.469 -1.486  0.704 -0.305 -0.155 -0.155 -0.052  0.226 -0.052 0.000 0.000
-0.485 -1.493  0.694 -0.307 -0.143 -0.143 -0.051  0.228 -0.051 0.000 0.000
-0.500 -1.500  0.685 -0.310 -0.132 -0.132 -0.050  0.230 -0.050 0.000 0.000
-0.516 -1.506  0.675 -0.312 -0.120 -0.120 -0.048  0.230 -0.048 0.000 0.000
-0.531 -1.512  0.666 -0.315 -0.109 -0.109 -0.047  0.229 -0.047 0.000 0.000
-0.547 -1.517  0.656 -0.317 -0.097 -0.097 -0.046  0.227 -0.046 0.000 0.000
-0.563 -1.522  0.646 -0.319 -0.086 -0.086 -0.045  0.225 -0.045 0.000 0.000
-0.579 -1.526  0.636 -0.322 -0.075 -0.075 -0.043  0.221 -0.043 0.000 0.000
-0.595 -1.529  0.626 -0.324 -0.064 -0.064 -0.042  0.216 -0.042 0.000 0.000
-0.611 -1.532  0.616 -0.326 -0.053 -0.053 -0.040  0.211 -0.040 0.000 0.000
-0.628 -1.535  0.606 -0.328 -0.043 -0.043 -0.038  0.205 -0.038 0.000 0.000
-0.644 -1.536  0.596 -0.330 -0.033 -0.033 -0.036  0.198 -0.036 0.000 0.000
-0.661 -1.538  0.586 -0.331 -0.023 -0.023 -0.034  0.190 -0.034 0.000 0.000
-0.677 -1.539  0.576 -0.333 -0.014 -0.014 -0.032  0.182 -0.032 0.000 0.000
-0.694 -1.539  0.565 -0.335 -0.005 -0.005 -0.030  0.173 -0.030 0.000 0.000
-0.711 -1.539  0.555 -0.336  0.003  0.003 -0.028  0.163 -0.028 0.000 0.000
-0.728 -1.539  0.544 -0.337  0.011  0.011 -0.025  0.153 -0.025 0.000 0.000
-0.744 -1.538  0.534 -0.339  0.019  0.019 -0.022  0.142 -0.022 0.000 0.000
-0.761 -1.537  0.524 -0.340  0.026  0.026 -0.020  0.131 -0.020 0.000 0.000
-0.778 -1.536  0.513 -0.340  0.032  0.032 -0.017  0.120 -0.017 0.000 0.000
-0.795 -1.534  0.503 -0.341  0.038  0.038 -0.014  0.109 -0.014 0.000 0.000
-0.813 -1.532  0.493 -0.342  0.043  0.043 -0.010  0.097 -0.010 0.000 0.000
-0.830 -1.530  0.482 -0.342  0.047  0.047 -0.007  0.086 -0.007 0.000 0.000
-0.847 -1.527  0.472 -0.343  0.051  0.051 -0.003  0.074 -0.003 0.000 0.000
-0.864 -1.525  0.462 -0.343  0.055  0.055  0.000  0.063  0.000 0.000 0.000
-0.881 -1.522  0.452 -0.342  0.058  0.058  0.004  0.051  0.004 0.000 0.000
-0.898 -1.519  0.442 -0.342  0.060  0.060  0.008  0.040  0.008 0.000 0.000
-0.915 -1.516  0.432 -0.342  0.062  0.062  0.013  0.029  0.013 0.000 0.000
-0.932 -1.513  0.423 -0.341  0.063  0.063  0.017  0.018  0.017 0.000 0.000
-0.949 -1.509  0.413 -0.340  0.063  0.063  0.021  0.008  0.021 0.000 0.000
-0.966 -1.506  0.403 -0.339  0.064  0.064  0.026 -0.002  0.026 0.000 0.000
-0.983 -1.503  0.394 -0.337  0.063  0.063  0.031 -0.011  0.031 0.000 0.000
-1.000 -1.500  0.385 -0.336  0.062  0.062  0.036 -0.020  0.036 0.000 0.000
-1.017 -1.497  0.376 -0.334  0.061  0.061  0.041 -0.028  0.041 0.000 0.000
-1.033 -1.494  0.367 -0.332  0.060  0.060  0.046 -0.036  0.046 0.000 0.000
-1.050 -1.491  0.359 -0.329  0.058  0.058  0.052 -0.043  0.052 0.000 0.000
-1.066 -1.488  0.350 -0.326  0.055  0.055  0.057 -0.050  0.057 0.000 0.000
-1.083 -1.485  0.342 -0.323  0.053  0.053  0.063 -0.056  0.063 0.000 0.000
-1.099 -1.483  0.334 -0.320  0.050  0.050  0.068 -0.061  0.068 0.000 0.000
-1.115 -1.480  0.326 -0.317  0.047  0.047  0.074 -0.065  0.074 0.000 0.000
-1.130 -1.478  0.318 -0.313  0.043  0.043  0.080 -0.069  0.080 0.000 0.000
-1.146 -1.476  0.311 -0.309  0.040  0.040  0.085 -0.072  0.085 0.000 0.000
-1.161 -1.474  0.304 -0.304  0.036  0.036  0.091 -0.075  0.091 0.000 0.000
-1.176 -1.473  0.297 -0.299  0.032  0.032  0.097 -0.077  0.097 0.000 0.000
-1.191 -1.471  0.290 -0.294  0.028  0.028  0.102 -0.078  0.102 0.000 0.000
-1.206 -1.470  0.284 -0.289  0.024  0.024  0.108 -0.079  0.108 0.000 0.000
-1.220 -1.469  0.278 -0.284  0.020  0.020  0.113 -0.079  0.113 0.000 0.000
-1.234 -1.468  0.272 -0.278  0.017  0.017  0.118 -0.078  0.118 0.000 0.000
-1.248 -1.467  0.266 -0.272  0.013  0.013  0.123 -0.077  0.123 0.000 0.000
-1.261 -1.466  0.260 -0.266  0.009  0.009  0.128 -0.075  0.128 0.000 0.000
-1.274 -1.466  0.255 -0.259  0.005  0.005  0.133 -0.073  0.133 0.000 0.000
-1.287 -1.466  0.250 -0.252  0.002  0.002  0.137 -0.071  0.137 0.000 0.000
-1.300 -1.466  0.245 -0.245 -0.002 -0.002  0.141 -0.068  0.141 0.000 0.000
-1.312 -1.466  0.241 -0.238 -0.005 -0.005  0.145 -0.065  0.145 0.000 0.000
-1.323 -1.466  0.236 -0.231 -0.008 -0.008  0.149 -0.061  0.149 0.000 0.000
-1.335 -1.467  0.232 -0.223 -0.011 -0.011  0.152 -0.057  0.152 0.000 0.000
-1.346 -1.468  0.228 -0.216 -0.014 -0.014  0.155 -0.053  0.155 0.000 0.000
-1.356 -1.468  0.225 -0.208 -0.017 -0.017  0.158 -0.048  0.158 0.000 0.000
-1.366 -1.469  0.221 -0.200 -0.019 -0.019  0.160 -0.043  0.160 0.000 0.000
-1.376 -1.470  0.218 -0.192 -0.021 -0.021  0.162 -0.039  0.162 0.000 0.000
-1.386 -1.471  0.215 -0.184 -0.023 -0.023  0.164 -0.034  0.164 0.000 0.000
-1.395 -1.472  0.212 -0.175 -0.024 -0.024  0.165 -0.029  0.165 0.000 0.000
-1.403 -1.474  0.209 -0.167 -0.026 -0.026  0.165 -0.024  0.165 0.000 0.000
-1.411 -1.475  0.207 -0.159 -0.027 -0.027  0.165 -0.019  0.165 0.000 0.000
-1.419 -1.476  0.205 -0.151 -0.027 -0.027  0.165 -0.014  0.165 0.000 0.000
-1.426 -1.478  0.202 -0.142 -0.028 -0.028  0.164 -0.009  0.164 0.000 0.000
-1.433 -1.479  0.200 -0.134 -0.028 -0.028  0.163 -0.004  0.163 0.000 0.000
-1.440 -1.481  0.199 -0.126 -0.028 -0.028  0.162  0.000  0.162 0.000 0.000
-1.446 -1.482  0.197 -0.118 -0.028 -0.028  0.160  0.005  0.160 0.000 0.000
-1.452 -1.483  0.196 -0.110 -0.028 -0.028  0.157  0.009  0.157 0.000 0.000
-1.457 -1.485  0.194 -0.102 -0.028 -0.028  0.154  0.013  0.154 0.000 0.000
-1.462 -1.486  0.193 -0.095 -0.027 -0.027  0.151  0.016  0.151 0.000 0.000
-1.466 -1.487  0.192 -0.087 -0.026 -0.026  0.147  0.019  0.147 0.000 0.000
-1.471 -1.489  0.191 -0.080 -0.025 -0.025  0.142  0.022  0.142 0.000 0.000
-1.474 -1.490  0.190 -0.073 -0.024 -0.024  0.138  0.025  0.138 0.000 0.000
-1.478 -1.491  0.189 -0.066 -0.022 -0.022  0.132  0.027  0.132 0.000 0.000
-1.481 -1.492  0.189 -0.060 -0.021 -0.021  0.127  0.028  0.127 0.000 0.000
-1.484 -1.493  0.188 -0.054 -0.020 -0.020  0.121  0.030  0.121 0.000 0.000
-1.487 -1.494  0.187 -0.048 -0.018 -0.018  0.115  0.031  0.115 0.000 0.000
-1.489 -1.495  0.187 -0.042 -0.017 -0.017  0.108  0.031  0.108 0.000 0.000
-1.491 -1.496  0.187 -0.037 -0.015 -0.015  0.101  0.031  0.101 0.000 0.000
-1.492 -1.497  0.186 -0.032 -0.013 -0.013  0.094  0.031  0.094 0.000 0.000
-1.494 -1.497  0.186 -0.028 -0.012 -0.012  0.087  0.031  0.087 0.000 0.000
-1.495 -1.498  0.186 -0.023 -0.010 -0.010  0.080  0.030  0.080 0.000 0.000
-1.496 -1.498  0.186 -0.020 -0.009 -0.009  0.073  0.028  0.073 0.000 0.000
-1.497 -1.499  0.185 -0.016 -0.008 -0.008  0.065  0.026  0.065 0.000 0.000
-1.498 -1.499  0.185 -0.013 -0.006 -0.006  0.058  0.025  0.058 0.000 0.000
-1.498 -1.499  0.185 -0.010 -0.005 -0.005  0.051  0.022  0.051 0.000 0.000
-1.499 -1.499  0.185 -0.008 -0.004 -0.004  0.043  0.020  0.043 0.000 0.000
-1.499 -1.500  0.185 -0.006 -0.003 -0.003  0.037  0.017  0.037 0.000 0.000
-1.500 -1.500  0.185 -0.004 -0.002 -0.002  0.030  0.015  0.030 0.000 0.000
-1.500 -1.500  0.185 -0.003 -0.002 -0.002  0.024  0.012  0.024 0.000 0.000
-1.500 -1.500  0.185 -0.002 -0.001 -0.001  0.018  0.010  0.018 0.000 0.000
-1.500 -1.500  0.185 -0.001 -0.001 -0.001  0.013  0.007  0.013 0.000 0.000
-1.500 -1.500  0.185 -0.001 -0.000 -0.000  0.009  0.005  0.009 0.000 0.000
-1.500 -1.500  0.185 -0.000 -0.000 -0.000  0.005  0.003  0.005 0.000 0.000
-1.500 -1.500  0.185 -0.000 -0.000 -0.000  0.002  0.001  0.002 0.000 0.000
-1.500 -1.500  0.185 -0.000 -0.000 -0.000  0.001  0.000  0.001 0.000 0.000
-1.500 -1.500  0.185 -0.000 -0.000 -0.000 -0.000  0.000 -0.000 0.000 0.000
