-1.000  1.000  0.185  0.000  0.000  0.000  0.000  0.000  0.000 0.000 0.000
-1.000  1.000  0.185  0.000  0.000  0.000  0.000  0.000  0.000 0.000 0.000
-1.000  1.000  0.185  0.000  0.000  0.000  0.000  0.000  0.000 0.000 0.000
-1.000  1.000  0.185  0.000  0.000  0.000  0.000  0.000  0.000 0.000 0.000
-1.000  1.000  0.184  0.000  0.000  0.000  0.000  0.000  0.000 0.000 0.000
-1.000  1.000  0.184  0.000  0.000  0.000  0.000  0.000  0.000 0.000 0.000
-1.000  1.000  0.182  0.000  0.000  0.000  0.000  0.000  0.000 0.000 0.000
-1.000  1.000  0.181  0.000  0.000  0.000  0.000  0.000  0.000 0.000 0.000
-1.000  1.000  0.178  0.000  0.000  0.000  0.000  0.000  0.000 0.000 0.000
-1.000  1.000  0.175  0.000  0.000  0.000  0.000  0.000  0.000 0.000 0.000
-1.000  1.000  0.171  0.000  0.000  0.000  0.000  0.000  0.000 0.000 0.000
-1.000  1.000  0.167  0.000  0.000  0.000  0.000  0.000  0.000 0.000 0.000
-1.000  1.000  0.161  0.000  0.000  0.000  0.000  0.000  0.000 0.000 0.000
-1.000  1.000  0.154  0.000  0.000  0.000  0.000  0.000  0.000 0.000 0.000
-1.000  1.000  0.146  0.000  0.000  0.000  0.000  0.000  0.000 0.000 0.000
-1.000  1.000  0.137  0.000  0.000  0.000  0.000  0.000  0.000 0.000 0.000
-1.000  1.000  0.127  0.000  0.000  0.000  0.000  0.000  0.000 0.000 0.000
-1.000  1.000  0.116  0.000  0.000  0.000  0.000  0.000  0.000 0.000 0.000
-1.000  1.000  0.104  0.000  0.000  0.000  0.000  0.000  0.000 0.000 0.000
-1.000  1.000  0.091  0.000  0.000  0.000  0.000  0.000  0.000 0.000 0.000
-1.000  1.000  0.076  0.000  0.000  0.000  0.000  0.000  0.000 0.000 0.000
-1.000  1.000  0.061  0.000  0.000  0.000  0.000  0.000  0.000 0.000 0.000
-1.000  1.000  0.046  0.000  0.000  0.000  0.000  0.000  0.000 0.000 0.000
-1.000  1.000  0.029  0.000  0.000  0.000  0.000  0.000  0.000 0.000 0.000
-1.000  1.000  0.012  0.000  0.000  0.000  0.000  0.000  0.000 0.000 0.000
-1.000  1.000 -0.005  0.000  0.000  0.000  0.000  0.000  0.000 0.000 0.000
-1.000  1.000 -0.023  0.000  0.000  0.000  0.000  0.000  0.000 0.000 0.000
-1.000  1.000 -0.040  0.000  0.000  0.000  0.000  0.000  0.000 0.000 0.000
-1.000  1.000 -0.057  0.000  0.000  0.000  0.000  0.000  0.000 0.000 0.000
-1.000  1.000 -0.074  0.000  0.000  0.000  0.000  0.000  0.000 0.000 0.000
-1.000  1.000 -0.091  0.000  0.000  0.000  0.000  0.000  0.000 0.000 0.000
-1.000  1.000 -0.106  0.000  0.000  0.000  0.000  0.000  0.000 0.000 0.000
-1.000  1.000 -0.121  0.000  0.000  0.000  0.000  0.000  0.000 0.000 0.000
-1.000  1.000 -0.134  0.000  0.000  0.000  0.000  0.000  0.000 0.000 0.000
-1.000  1.000 -0.146  0.000  0.000  0.000  0.000  0.000  0.000 0.000 0.000
-1.000  1.000 -0.156  0.000  0.000  0.000  0.000  0.000  0.000 0.000 0.000
-1.000  1.000 -0.165  0.000  0.000  0.000  0.000  0.000  0.000 0.000 0.000
-1.000  1.000 -0.171  0.000  0.000  0.000  0.000  0.000  0.000 0.000 0.000
-1.000  1.000 -0.175  0.000  0.000  0.000  0.000  0.000  0.000 0.000 0.000
-1.000  1.000 -0.177  0.000  0.000  0.000  0.000  0.000  0.000 0.000 0.000
-1.000  1.000 -0.177  0.000  0.000  0.000  0.000  0.000  0.000 0.000 0.000
-1.000  1.000 -0.173  0.000  0.000  0.000  0.000  0.000  0.000 0.000 0.000
-1.000  1.000 -0.167  0.000  0.000  0.000  0.000  0.000  0.000 0.000 0.000
-1.000  1.000 -0.158  0.000  0.000  0.000  0.000  0.000  0.000 0.000 0.000
-1.000  1.000 -0.146  0.000  0.000  0.000  0.000  0.000  0.000 0.000 0.000
-1.000  1.000 -0.131  0.000  0.000  0.000  0.000  0.000  0.000 0.000 0.000
-1.000  1.000 -0.112  0.000  0.000  0.000  0.000  0.000  0.000 0.000 0.000
-1.000  1.000 -0.091  0.000  0.000  0.000  0.000  0.000  0.000 0.000 0.000
-1.000  1.000 -0.067  0.000  0.000  0.000  0.000  0.000  0.000 0.000 0.000
-1.000  1.000 -0.039  0.000  0.000  0.000  0.000  0.000  0.000 0.000 0.000
-1.000  1.000 -0.009  0.000  0.000  0.000  0.000  0.000  0.000 0.000 0.000
-1.000  1.000  0.025  0.000  0.000  0.000  0.000  0.000  0.000 0.000 0.000
-1.000  1.000  0.061  0.000  0.000  0.000  0.000  0.000  0.000 0.000 0.000
-1.000  1.000  0.100  0.000  0.000  0.000  0.000  0.000  0.000 0.000 0.000
-1.000  1.000  0.141  0.000  0.000  0.000  0.000  0.000  0.000 0.000 0.000
-1.000  1.000  0.185  0.000  0.000  0.000  0.000  0.000  0.000 0.000 0.000
-1.000  1.000  0.230  0.000  0.000  0.000  0.000  0.000  0.000 0.000 0.000
-1.000  1.000  0.278  0.000  0.000  0.000  0.000  0.000  0.000 0.000 0.000
-1.000  1.000  0.327  0.000  0.000  0.000  0.000  0.000  0.000 0.000 0.000
-1.000  1.000  0.377  0.000  0.000  0.000  0.000  0.000  0.000 0.000 0.000
-1.000  1.000  0.428  0.000  0.000  0.000  0.000  0.000  0.000 0.000 0.000
-1.000  1.000  0.480  0.000  0.000  0.000  0.000  0.000  0.000 0.000 0.000
-1.000  1.000  0.531  0.000  0.000  0.000  0.000  0.000  0.000 0.000 0.000
-1.000  1.000  0.583  0.000  0.000  0.000  0.000  0.000  0.000 0.000 0.000
-1.000  1.000  0.635  0.000  0.000  0.000  0.000  0.000  0.000 0.000 0.000
-1.000  1.000  0.685  0.000  0.000  0.000  0.000  0.000  0.000 0.000 0.000
-1.000  1.000  0.734  0.000  0.000  0.000  0.000  0.000  0.000 0.000 0.000
-1.000  1.000  0.782  0.000  0.000  0.000  0.000  0.000  0.000 0.000 0.000
-1.000  1.000  0.828  0.000  0.000  0.000  0.000  0.000  0.000 0.000 0.000
-1.000  1.000  0.872  0.000  0.000  0.000  0.000  0.000  0.000 0.000 0.000
-1.000  1.000  0.913  0.000  0.000  0.000  0.000  0.000  0.000 0.000 0.000
-1.000  1.000  0.952  0.000  0.000  0.000  0.000  0.000  0.000 0.000 0.000
-1.000  1.000  0.988  0.000  0.000  0.000  0.000  0.000  0.000 0.000 0.000
-1.000  1.000  1.020  0.000  0.000  0.000  0.000  0.000  0.000 0.000 0.000
-1.000  1.000  1.050  0.000  0.000  0.000  0.000  0.000  0.000 0.000 0.000
-1.000  1.000  1.076  0.000  0.000  0.000  0.000  0.000  0.000 0.000 0.000
-1.000  1.000  1.099  0.000  0.000  0.000  0.000  0.000  0.000 0.000 0.000
-1.000  1.000  1.119  0.000  0.000  0.000  0.000  0.000  0.000 0.000 0.000
-1.000  1.000  1.136  0.000  0.000  0.000  0.000  0.000  0.000 0.000 0.000
-1.000  1.000  1.149  0.000  0.000  0.000  0.000  0.000  0.000 0.000 0.000
-1.000  1.000  1.160  0.000  0.000  0.000  0.000  0.000  0.000 0.000 0.000
-1.000  1.000  1.169  0.000  0.000  0.000  0.000  0.000  0.000 0.000 0.000
-1.000  1.000  1.175  0.000  0.000  0.000  0.000  0.000  0.000 0.000 0.000
-1.000  1.000  1.179  0.000  0.000  0.000  0.000  0.000  0.000 0.000 0.000
-1.000  1.000  1.182  0.000  0.000  0.000  0.000  0.000  0.000 0.000 0.000
-1.000  1.000  1.184  0.000  0.000  0.000  0.000  0.000  0.000 0.000 0.000
-1.000  1.000  1.185  0.000  0.000  0.000  0.000  0.000  0.000 0.000 0.000
-1.000  1.000  1.185  0.000  0.000  0.000  0.000  0.000  0.000 0.000 0.000
-1.000  1.000  1.185  0.000  0.000  0.000  0.000  0.000  0.000 0.000 0.000
-1.000  1.000  1.185  0.000  0.000  0.000  0.000  0.000  0.000 0.000 0.000
-1.000  1.000  1.185  0.000  0.000  0.000  0.000  0.000  0.000 0.000 0.000
-1.000  1.000  1.185  0.000  0.000  0.000  0.000  0.000  0.000 0.000 0.000
-1.000  1.000  1.185  0.000  0.000  0.000  0.000  0.000  0.000 0.000 0.000
-1.000  1.000  1.185  0.000  0.000  0.000  0.000  0.000  0.000 0.000 0.000
-1.000  1.000  1.185  0.000  0.000  0.000  0.000  0.000  0.000 0.000 0.000
-1.000  1.000  1.185  0.000  0.000  0.000  0.000  0.000  0.000 0.000 0.000
-1.000  1.000  1.185  0.000  0.000  0.000  0.000  0.000  0.000 0.000 0.000
-1.000  1.000  1.185  0.000  0.000  0.000  0.000  0.000  0.000 0.000 0.000
-1.000  1.000  1.185  0.000  0.000  0.000  0.000  0.000  0.000 0.000 0.000
-1.000  1.000  1.185  0.000  0.000  0.000  0.000  0.000  0.000 0.000 0.000
-1.000  1.000  1.185  0.000  0.000  0.000  0.000  0.000  0.000 0.000 0.000
-1.000  1.000  1.185  0.000  0.000  0.000  0.000  0.000  0.000 0.000 0.000
-1.000  1.000  1.185  0.000  0.000  0.000  0.000  0.000  0.000 0.000 0.000
-1.000  1.000  1.185  0.000  0.000  0.000  0.000  0.000  0.000 0.000 0.000
-1.000  1.000  1.185  0.000  0.000  0.000  0.000  0.000  0.000 0.000 0.000
-1.000  1.000  1.185  0.000  0.000  0.000  0.000  0.000  0.000 0.000 0.000
-1.000  1.000  1.185  0.000  0.000  0.000  0.000  0.000  0.000 0.000 0.000
-1.000  1.000  1.185  0.000  0.000  0.000  0.000  0.000  0.000 0.000 0.000
-1.000  1.000  1.185  0.000  0.000  0.000  0.000  0.000  0.000 0.000 0.000
-1.000  1.000  1.185  0.000  0.000  0.000  0.000  0.000  0.000 0.000 0.000
-1.000  1.000  1.185  0.000  0.000  0.000  0.000  0.000  0.000 0.000 0.000
-1.000  1.000  1.185  0.000  0.000  0.000  0.000  0.000  0.000 0.000 0.000
-1.000  1.000  1.185  0.000  0.000  0.000  0.000  0.000  0.000 0.000 0.000
-1.000  1.000  1.185  0.000  0.000  0.000  0.000  0.000  0.000 0.000 0.000
-1.000  1.000  1.185  0.000  0.000  0.000  0.000  0.000  0.000 0.000 0.000
-1.000  1.000  1.185  0.000  0.000  0.000  0.000  0.000  0.000 0.000 0.000
-1.000  1.000  1.185  0.000  0.000  0.000  0.000  0.000  0.000 0.000 0.000
-1.000  1.000  1.185  0.000  0.000  0.000  0.000  0.000  0.000 0.000 0.000
-1.000  1.000  1.185  0.000  0.000  0.000  0.000  0.000  0.000 0.000 0.000
-1.000  1.000  1.185  0.000  0.000  0.000  0.000  0.000  0.000 0.000 0.000
-1.000  1.000  1.185  0.000  0.000  0.000  0.000  0.000  0.000 0.000 0.000
-1.000  1.000  1.185  0.000  0.000  0.000  0.000  0.000  0.000 0.000 0.000
-1.000  1.000  1.185  0.000  0.000  0.000  0.000  0.000  0.000 0.000 0.000
-1.000  1.000  1.185  0.000  0.000  0.000  0.000  0.000  0.000 0.000 0.000
-1.000  1.000  1.185  0.000  0.000  0.000  0.000  0.000  0.000 0.000 0.000
-1.000  1.000  1.185  0.000  0.000  0.000  0.000  0.000  0.000 0.000 0.000
-1.000  1.000  1.185  0.000  0.000  0.000  0.000  0.000  0.000 0.000 0.000
-1.000  1.000  1.185  0.000  0.000  0.000  0.000  0.000  0.000 0.000 0.000
-1.000  1.000  1.185  0.000  0.000  0.000  0.000  0.000  0.000 0.000 0.000
-1.000  1.000  1.185  0.000  0.000  0.000  0.000  0.000  0.000 0.000 0.000
-1.000  1.000  1.185  0.000  0.000  0.000  0.000  0.000  0.000 0.000 0.000
-1.000  1.000  1.185  0.000  0.000  0.000  0.000  0.000  0.000 0.000 0.000
-1.000  1.000  1.185  0.000  0.000  0.000  0.000  0.000  0.000 0.000 0.000
-1.000  1.000  1.185  0.000  0.000  0.000  0.000  0.000  0.000 0.000 0.000
-1.000  1.000  1.185  0.000  0.000  0.000  0.000  0.000  0.000 0.000 0.000
-1.000  1.000  1.185  0.000  0.000  0.000  0.000  0.000  0.000 0.000 0.000
-1.000  1.000  1.185  0.000  0.000  0.000  0.000  0.000  0.000 0.000 0.000
-1.000  1.000  1.185  0.000  0.000  0.000  0.000  0.000  0.000 0.000 0.000
-1.000  1.000  1.185  0.000  0.000  0.000  0.000  0.000  0.000 0.000 0.000
-1.000  1.000  1.185  0.000  0.000  0.000  0.000  0.000  0.000 0.000 0.000
-1.000  1.000  1.185  0.000  0.000  0.000  0.000  0.000  0.000 0.000 0.000
-1.000  1.000  1.185  0.000  0.000  0.000  0.000  0.000  0.000 0.000 0.000
-1.000  1.000  1.185  0.000  0.000  0.000  0.000  0.000  0.000 0.000 0.000
-1.000  1.000  1.185  0.000  0.000  0.000  0.000  0.000  0.000 0.000 0.000
-1.000  1.000  1.185  0.000  0.000  0.000  0.000  0.000  0.000 0.000 0.000
-1.000  1.000  1.185  0.000  0.000  0.000  0.000  0.000  0.000 0.000 0.000
-1.000  1.000  1.185  0.000  0.000  0.000  0.000  0.000  0.000 0.000 0.000
-1.000  1.000  1.185  0.000  0.000  0.000  0.000  0.000  0.000 0.000 0.000
-1.000  1.000  1.185  0.000  0.000  0.000  0.000  0.000  0.000 0.000 0.000
-1.000  1.000  1.185  0.000  0.000  0.000  0.000  0.000  0.000 0.000 0.000
-1.000  1.000  1.185  0.000  0.000  0.000  0.000  0.000  0.000 0.000 0.000
-1.000  1.000  1.185  0.000  0.000  0.000  0.000  0.000  0.000 0.000 0.000
-1.000  1.000  1.185  0.000  0.000  0.000  0.000  0.000  0.000 0.000 0.000
-1.000  1.000  1.185  0.000  0.000  0.000  0.000  0.000  0.000 0.000 0.000
-1.000  1.000  1.185  0.000  0.000  0.000  0.000  0.000  0.000 0.000 0.000
-1.000  1.000  1.185  0.000  0.000  0.000  0.000  0.000  0.000 0.000 0.000
-1.000  1.000  1.185  0.000  0.000  0.000  0.000  0.000  0.000 0.000 0.000
-1.000  1.000  1.185  0.000  0.000  0.000  0.000  0.000  0.000 0.000 0.000
-1.000  1.000  1.185  0.000  0.000  0.000  0.000  0.000  0.000 0.000 0.000
-1.000  1.000  1.185  0.000  0.000  0.000  0.000  0.000  0.000 0.000 0.000
-1.000  1.000  1.185  0.000  0.000  0.000  0.000  0.000  0.000 0.000 0.000
-1.000  1.000  1.185  0.000  0.000  0.000  0.000  0.000  0.000 0.000 0.000
-1.000  1.000  1.185  0.000  0.000  0.000  0.000  0.000  0.000 0.000 0.000
-1.000  1.000  1.185  0.000  0.000  0.000  0.000  0.000  0.000 0.000 0.000
-1.000  1.000  1.185  0.000  0.000  0.000  0.000  0.000  0.000 0.000 0.000
-1.000  1.000  1.185  0.000  0.000  0.000  0.000  0.000  0.000 0.000 0.000
-1.000  1.000  1.185  0.000  0.000  0.000  0.000  0.000  0.000 0.000 0.000
-1.000  1.000  1.185  0.000  0.000  0.000  0.000  0.000  0.000 0.000 0.000
-1.000  1.000  1.185  0.000  0.000  0.000  0.000  0.000  0.000 0.000 0.000
-1.000  1.000  1.185  0.000  0.000  0.000  0.000  0.000  0.000 0.000 0.000
-1.000  1.000  1.185  0.000  0.000  0.000  0.000  0.000  0.000 0.000 0.000
-1.000  1.000  1.185  0.000  0.000  0.000  0.000  0.000  0.000 0.000 0.000
-1.000  1.000  1.185  0.000  0.000  0.000  0.000  0.000  0.000 0.000 0.000
-1.000  1.000  1.185  0.000  0.000  0.000  0.000  0.000  0.000 0.000 0.000
-1.000  1.000  1.185  0.000  0.000  0.000  0.000  0.000  0.000 0.000 0.000
-1.000  1.000  1.185  0.000  0.000  0.000  0.000  0.000  0.000 0.000 0.000
-1.000  1.000  1.185  0.000  0.000  0.000  0.000  0.000  0.000 0.000 0.000
-1.000  1.000  1.185  0.000  0.000  0.000  0.000  0.000  0.000 0.000 0.000
-1.000  1.000  1.185  0.000  0.000  0.000  0.000  0.000  0.000 0.000 0.000
-1.000  1.000  1.185  0.000  0.000  0.000  0.000  0.000  0.000 0.000 0.000
-1.000  1.000  1.185  0.000  0.000  0.000  0.000  0.000  0.000 0.000 0.000
-1.000  1.000  1.185  0.000  0.000  0.000  0.000  0.000  0.000 0.000 0.000
-1.000  1.000  1.185  0.000  0.000  0.000  0.000  0.000  0.000 0.000 0.000
-1.000  1.000  1.185  0.000  0.000  0.000  0.000  0.000  0.000 0.000 0.000
-1.000  1.000  1.185  0.000  0.000  0.000  0.000  0.000  0.000 0.000 0.000
-1.000  1.000  1.185  0.000  0.000  0.000  0.000  0.000  0.000 0.000 0.000
-1.000  1.000  1.185  0.000  0.000  0.000  0.000  0.000  0.000 0.000 0.000
-1.000  1.000  1.185  0.000  0.000  0.000  0.000  0.000  0.000 0.000 0.000
-1.000  1.000  1.185  0.000  0.000  0.000  0.000  0.000  0.000 0.000 0.000
-1.000  1.000  1.185  0.000  0.000  0.000  0.000  0.000  0.000 0.000 0.000
-1.000  1.000  1.185  0.000  0.000  0.000  0.000  0.000  0.000 0.000 0.000
-1.000  1.000  1.185  0.000  0.000  0.000  0.000  0.000  0.000 0.000 0.000
-1.000  1.000  1.185  0.000  0.000  0.000  0.000  0.000  0.000 0.000 0.000
-1.000  1.000  1.185  0.000  0.000  0.000  0.000  0.000  0.000 0.000 0.000
-1.000  1.000  1.185  0.000  0.000  0.000  0.000  0.000  0.000 0.000 0.000
-1.000  1.000  1.185  0.000  0.000  0.000  0.000  0.000  0.000 0.000 0.000
-1.000  1.000  1.185  0.000  0.000  0.000  0.000  0.000  0.000 0.000 0.000
-1.000  1.000  1.185  0.000  0.000  0.000  0.000  0.000  0.000 0.000 0.000
-1.000  1.000  1.185  0.000  0.000  0.000  0.000  0.000  0.000 0.000 0.000
-1.000  1.000  1.185  0.000  0.000  0.000  0.000  0.000  0.000 0.000 0.000
-1.000  1.000  1.185  0.000  0.000  0.000  0.000  0.000  0.000 0.000 0.000
-1.000  1.000  1.185  0.000  0.000  0.000  0.000  0.000  0.000 0.000 0.000
-1.000  1.000  1.185  0.000  0.000  0.000  0.000  0.000  0.000 0.000 0.000
-1.000  1.000  1.185  0.000  0.000  0.000  0.000  0.000  0.000 0.000 0.000
-1.000  1.000  1.185  0.000  0.000  0.000  0.000  0.000  0.000 0.000 0.000
-1.000  1.000  1.185  0.000  0.000  0.000  0.000  0.000  0.000 0.000 0.000
-1.000  1.000  1.185  0.000  0.000  0.000  0.000  0.000  0.000 0.000 0.000
-1.000  1.000  1.185  0.000  0.000  0.000  0.000  0.000  0.000 0.000 0.000
-1.000  1.000  1.185  0.000  0.000  0.000  0.000  0.000  0.000 0.000 0.000
-1.000  1.000  1.185  0.000  0.000  0.000  0.000  0.000  0.000 0.000 0.000
-1.000  1.000  1.185  0.000  0.000  0.000  0.000  0.000  0.000 0.000 0.000
-1.000  1.000  1.185  0.000  0.000  0.000  0.000  0.000  0.000 0.000 0.000
-1.000  1.000  1.185  0.000  0.000  0.000  0.000  0.000  0.000 0.000 0.000
-1.000  1.000  1.185  0.000  0.000  0.000  0.000  0.000  0.000 0.000 0.000
-1.000  1.000  1.185  0.000  0.000  0.000  0.000  0.000  0.000 0.000 0.000
-1.000  1.000  1.185  0.000  0.000  0.000  0.000  0.000  0.000 0.000 0.000
-1.000  1.000  1.185  0.000  0.000  0.000  0.000  0.000  0.000 0.000 0.000
-1.000  1.000  1.185  0.000  0.000  0.000  0.000  0.000  0.000 0.000 0.000
-1.000  1.000  1.185  0.000  0.000  0.000  0.000  0.000  0.000 0.000 0.000
-1.000  1.000  1.185  0.000  0.000  0.000  0.000  0.000  0.000 0.000 0.000
-1.000  1.000  1.185  0.000  0.000  0.000  0.000  0.000  0.000 0.000 0.000
-1.000  1.000  1.185  0.000  0.000  0.000  0.000  0.000  0.000 0.000 0.000
-1.000  1.000  1.185  0.000  0.000  0.000  0.000  0.000  0.000 0.000 0.000
-1.000  1.000  1.185  0.000  0.000  0.000  0.000  0.000  0.000 0.000 0.000
-1.000  1.000  1.185  0.000  0.000  0.000  0.000  0.000  0.000 0.000 0.000
-1.000  1.000  1.185  0.000  0.000  0.000  0.000  0.000  0.000 0.000 0.000
-1.000  1.000  1.185  0.000  0.000  0.000  0.000  0.000  0.000 0.000 0.000
-1.000  1.000  1.185  0.000  0.000  0.000  0.000  0.000  0.000 0.000 0.000
-1.000  1.000  1.185  0.000  0.000  0.000  0.000  0.000  0.000 0.000 0.000
-1.000  1.000  1.185  0.000  0.000  0.000  0.000  0.000  0.000 0.000 0.000
-1.000  1.000  1.185  0.000  0.000  0.000  0.000  0.000  0.000 0.000 0.000
-1.000  1.000  1.185  0.000  0.000  0.000  0.000  0.000  0.000 0.000 0.000
-1.000  1.000  1.185  0.000  0.000  0.000  0.000  0.000  0.000 0.000 0.000
-1.000  1.000  1.185  0.000  0.000  0.000  0.000  0.000  0.000 0.000 0.000
-1.000  1.000  1.185  0.000  0.000  0.000  0.000  0.000  0.000 0.000 0.000
-1.000  1.000  1.185  0.000  0.000  0.000  0.000  0.000  0.000 0.000 0.000
-1.000  1.000  1.185  0.000  0.000  0.000  0.000  0.000  0.000 0.000 0.000
-1.000  1.000  1.185  0.000  0.000  0.000  0.000  0.000  0.000 0.000 0.000
-1.000  1.000  1.185  0.000  0.000  0.000  0.000  0.000  0.000 0.000 0.000
-1.000  1.000  1.185  0.000  0.000  0.000  0.000  0.000  0.000 0.000 0.000
-1.000  1.000  1.185  0.000  0.000  0.000  0.000  0.000  0.000 0.000 0.000
-1.000  1.000  1.185  0.000  0.000  0.000  0.000  0.000  0.000 0.000 0.000
-1.000  1.000  1.185  0.000  0.000  0.000  0.000  0.000  0.000 0.000 0.000
-1.000  1.000  1.185  0.000  0.000  0.000  0.000  0.000  0.000 0.000 0.000
-1.000  1.000  1.185  0.000  0.000  0.000  0.000  0.000  0.000 0.000 0.000
-1.000  1.000  1.185  0.000  0.000  0.000  0.000  0.000  0.000 0.000 0.000
-1.000  1.000  1.185  0.000  0.000  0.000  0.000  0.000  0.000 0.000 0.000
-1.000  1.000  1.185  0.000  0.000  0.000  0.000  0.000  0.000 0.000 0.000
-1.000  1.000  1.185  0.000  0.000  0.000  0.000  0.000  0.000 0.000 0.000
-1.000  1.000  1.185  0.000  0.000  0.000  0.000  0.000  0.000 0.000 0.000
-1.000  1.000  1.185  0.000  0.000  0.000  0.000  0.000  0.000 0.000 0.000
-1.000  1.000  1.185  0.000  0.000  0.000  0.000  0.000  0.000 0.000 0.000
-1.000  1.000  1.185  0.000  0.000  0.000  0.000  0.000  0.000 0.000 0.000
-1.000  1.000  1.185  0.000  0.000  0.000  0.000  0.000  0.000 0.000 0.000
-1.000  1.000  1.185  0.000  0.000  0.000  0.000  0.000  0.000 0.000 0.000
-1.000  1.000  1.185  0.000  0.000  0.000  0.000  0.000  0.000 0.000 0.000
-1.000  1.000  1.185  0.000  0.000  0.000  0.000  0.000  0.000 0.000 0.000
-1.000  1.000  1.185  0.000  0.000  0.000  0.000  0.000  0.000 0.000 0.000
-1.000  1.000  1.185  0.000  0.000  0.000  0.000  0.000  0.000 0.000 0.000
-1.000  1.000  1.185  0.000  0.000  0.000  0.000  0.000  0.000 0.000 0.000
-1.000  1.000  1.185  0.000  0.000  0.000  0.000  0.000  0.000 0.000 0.000
-1.000  1.000  1.185  0.000  0.000  0.000  0.000  0.000  0.000 0.000 0.000
-1.000  1.000  1.185  0.000  0.000  0.000  0.000  0.000  0.000 0.000 0.000
-1.000  1.000  1.185  0.000  0.000  0.000  0.000  0.000  0.000 0.000 0.000
-1.000  1.000  1.185  0.000  0.000  0.000  0.000  0.000  0.000 0.000 0.000
-1.000  1.000  1.185  0.000  0.000  0.000  0.000  0.000  0.000 0.000 0.000
-1.000  1.000  1.185  0.000  0.000  0.000  0.000  0.000  0.000 0.000 0.000
-1.000  1.000  1.185  0.000  0.000  0.000  0.000  0.000  0.000 0.000 0.000
-1.000  1.000  1.185  0.000  0.000  0.000  0.000  0.000  0.000 0.000 0.000
-1.000  1.000  1.185  0.000  0.000  0.000  0.000  0.000  0.000 0.000 0.000
-1.000  1.000  1.185  0.000  0.000  0.000  0.000  0.000  0.000 0.000 0.000
-1.000  1.000  1.185  0.000  0.000  0.000  0.000  0.000  0.000 0.000 0.000
-1.000  1.000  1.185  0.000  0.000  0.000  0.000  0.000  0.000 0.000 0.000
-1.000  1.000  1.185  0.000  0.000  0.000  0.000  0.000  0.000 0.000 0.000
-1.000  1.000  1.185  0.000  0.000  0.000  0.000  0.000  0.000 0.000 0.000
-1.000  1.000  1.185  0.000  0.000  0.000  0.000  0.000  0.000 0.000 0.000
-1.000  1.000  1.185  0.000  0.000  0.000  0.000  0.000  0.000 0.000 0.000
-1.000  1.000  1.185  0.000  0.000  0.000  0.000  0.000  0.000 0.000 0.000
-1.000  1.000  1.185  0.000  0.000  0.000  0.000  0.000  0.000 0.000 0.000
-1.000  1.000  1.185  0.000  0.000  0.000  0.000  0.000  0.000 0.000 0.000
-1.000  1.000  1.185  0.000  0.000  0.000  0.000  0.000  0.000 0.000 0.000
-1.000  1.000  1.185  0.000  0.000  0.000  0.000  0.000  0.000 0.000 0.000
-1.000  1.000  1.185  0.000  0.000  0.000  0.000  0.000  0.000 0.000 0.000
-1.000  1.000  1.185  0.000  0.000  0.000  0.000  0.000  0.000 0.000 0.000
-1.000  1.000  1.185  0.000  0.000  0.000  0.000  0.000  0.000 0.000 0.000
-1.000  1.000  1.185  0.000  0.000  0.000  0.000  0.000  0.000 0.000 0.000
-1.000  1.000  1.185  0.000  0.000  0.000  0.000  0.000  0.000 0.000 0.000
-1.000  1.000  1.185  0.000  0.000  0.000  0.000  0.000  0.000 0.000 0.000
-1.000  1.000  1.185  0.000  0.000  0.000  0.000  0.000  0.000 0.000 0.000
-1.000  1.000  1.185  0.000  0.000  0.000  0.000  0.000  0.000 0.000 0.000
-1.000  1.000  1.185  0.000 -0.000 -0.000  0.008 -0.007  0.008 0.000 0.000
-1.000  1.000  1.185  0.001 -0.001 -0.001  0.029 -0.026  0.029 0.000 0.000
-1.000  1.000  1.185  0.003 -0.003 -0.003  0.061 -0.055  0.061 0.000 0.000
-1.000  1.000  1.185  0.007 -0.007 -0.007  0.101 -0.092  0.101 0.000 0.000
-0.999  0.999  1.185  0.013 -0.012 -0.012  0.147 -0.134  0.147 0.000 0.000
-0.998  0.998  1.185  0.022 -0.020 -0.020  0.196 -0.180  0.196 0.000 0.000
-0.997  0.997  1.185  0.033 -0.030 -0.030  0.246 -0.227  0.246 0.000 0.000
-0.995  0.995  1.185  0.047 -0.043 -0.043  0.297 -0.275  0.297 0.000 0.000
-0.992  0.993  1.185  0.063 -0.058 -0.058  0.346 -0.322  0.346 0.000 0.000
-0.989  0.990  1.185  0.081 -0.075 -0.075  0.392 -0.367  0.392 0.000 0.000
-0.984  0.985  1.185  0.102 -0.094 -0.094  0.435 -0.409  0.435 0.000 0.000
-0.978  0.980  1.185  0.125 -0.116 -0.116  0.472 -0.447  0.472 0.000 0.000
-0.972  0.974  1.185  0.149 -0.139 -0.139  0.504 -0.481  0.504 0.000 0.000
-0.963  0.966  1.185  0.175 -0.164 -0.164  0.530 -0.509  0.530 0.000 0.000
-0.954  0.957  1.185  0.202 -0.190 -0.190  0.549 -0.532  0.549 0.000 0.000
-0.943  0.947  1.185  0.230 -0.217 -0.217  0.562 -0.549  0.562 0.000 0.000
-0.931  0.936  1.185  0.258 -0.245 -0.245  0.568 -0.560  0.568 0.000 0.000
-0.917  0.923  1.185  0.286 -0.273 -0.273  0.567 -0.565  0.567 0.000 0.000
-0.902  0.908  1.185  0.315 -0.301 -0.301  0.559 -0.564  0.559 0.000 0.000
-0.886  0.893  1.185  0.342 -0.329 -0.329  0.544 -0.557  0.544 0.000 0.000
-0.868  0.875  1.185  0.369 -0.357 -0.357  0.523 -0.544  0.523 0.000 0.000
-0.849  0.857  1.185  0.394 -0.383 -0.383  0.497 -0.525  0.497 0.000 0.000
-0.829  0.837  1.185  0.418 -0.409 -0.409  0.465 -0.502  0.465 0.000 0.000
-0.807  0.816  1.185  0.441 -0.433 -0.433  0.428 -0.473  0.428 0.000 0.000
-0.785  0.794  1.185  0.461 -0.456 -0.456  0.387 -0.440  0.387 0.000 0.000
-0.761  0.770  1.185  0.479 -0.477 -0.477  0.342 -0.403  0.342 0.000 0.000
-0.737  0.746  1.185  0.495 -0.497 -0.497  0.294 -0.363  0.294 0.000 0.000
-0.712  0.721  1.185  0.509 -0.514 -0.514  0.243 -0.320  0.243 0.000 0.000
-0.686  0.695  1.185  0.520 -0.528 -0.528  0.191 -0.274  0.191 0.000 0.000
-0.660  0.668  1.185  0.528 -0.541 -0.541  0.138 -0.226  0.138 0.000 0.000
-0.633  0.641  1.185  0.533 -0.551 -0.551  0.085 -0.178  0.085 0.000 0.000
-0.607  0.613  1.185  0.536 -0.559 -0.559  0.032 -0.128  0.032 0.000 0.000
-0.580  0.585  1.185  0.537 -0.564 -0.564 -0.019 -0.079 -0.019 0.000 0.000
-0.553  0.557  1.185  0.534 -0.567 -0.567 -0.069 -0.029 -0.069 0.000 0.000
-0.526  0.528  1.185  0.530 -0.567 -0.567 -0.117  0.019 -0.117 0.000 0.000
-0.500  0.500  1.185  0.523 -0.565 -0.565 -0.162  0.066 -0.162 0.000 0.000
-0.474  0.472  1.185  0.514 -0.560 -0.560 -0.203  0.111 -0.203 0.000 0.000
-0.449  0.444  1.185  0.502 -0.554 -0.554 -0.241  0.154 -0.241 0.000 0.000
-0.424  0.417  1.185  0.490 -0.545 -0.545 -0.275  0.195 -0.275 0.000 0.000
-0.400  0.390  1.185  0.475 -0.534 -0.534 -0.305  0.233 -0.305 0.000 0.000
-0.376  0.363  1.185  0.459 -0.522 -0.522 -0.330  0.268 -0.330 0.000 0.000
-0.354  0.337  1.185  0.442 -0.507 -0.507 -0.350  0.300 -0.350 0.000 0.000
-0.332  0.312  1.185  0.424 -0.492 -0.492 -0.366  0.328 -0.366 0.000 0.000
-0.311  0.288  1.185  0.406 -0.475 -0.475 -0.378  0.354 -0.378 0.000 0.000
-0.292  0.265  1.185  0.387 -0.456 -0.456 -0.384  0.376 -0.384 0.000 0.000
-0.273  0.243  1.185  0.367 -0.437 -0.437 -0.387  0.394 -0.387 0.000 0.000
-0.255  0.221  1.185  0.348 -0.417 -0.417 -0.384  0.409 -0.384 0.000 0.000
-0.238  0.201  1.185  0.329 -0.396 -0.396 -0.378  0.421 -0.378 0.000 0.000
-0.222  0.182  1.185  0.310 -0.375 -0.375 -0.367  0.430 -0.367 0.000 0.000
-0.207  0.163  1.185  0.292 -0.353 -0.353 -0.353  0.435 -0.353 0.000 0.000
-0.193  0.146  1.185  0.275 -0.332 -0.332 -0.335  0.437 -0.335 0.000 0.000
-0.179  0.130  1.185  0.259 -0.310 -0.310 -0.314  0.436 -0.314 0.000 0.000
-0.167  0.115  1.185  0.244 -0.288 -0.288 -0.290  0.433 -0.290 0.000 0.000
-0.155  0.102  1.185  0.230 -0.266 -0.266 -0.263  0.426 -0.263 0.000 0.000
-0.144  0.089  1.185  0.217 -0.245 -0.245 -0.234  0.418 -0.234 0.000 0.000
-0.133  0.077  1.185  0.207 -0.225 -0.225 -0.203  0.407 -0.203 0.000 0.000
-0.123  0.066  1.185  0.197 -0.205 -0.205 -0.170  0.394 -0.170 0.000 0.000
-0.114  0.056  1.185  0.190 -0.185 -0.185 -0.137  0.379 -0.137 0.000 0.000
-0.104  0.048  1.185  0.184 -0.167 -0.167 -0.102  0.363 -0.102 0.000 0.000
-0.095  0.040  1.185  0.179 -0.149 -0.149 -0.067  0.345 -0.067 0.000 0.000
-0.086  0.033  1.185  0.177 -0.132 -0.132 -0.032  0.326 -0.032 0.000 0.000
-0.077  0.027  1.185  0.176 -0.117 -0.117  0.002  0.306  0.002 0.000 0.000
-0.069  0.021  1.185  0.177 -0.102 -0.102  0.036  0.286  0.036 0.000 0.000
-0.060  0.016  1.185  0.180 -0.088 -0.088  0.069  0.265  0.069 0.000 0.000
-0.051  0.012  1.185  0.184 -0.075 -0.075  0.100  0.244  0.100 0.000 0.000
-0.041  0.009  1.185  0.190 -0.064 -0.064  0.130  0.223  0.130 0.000 0.000
-0.032  0.006  1.185  0.197 -0.053 -0.053  0.158  0.202  0.158 0.000 0.000
-0.022  0.003  1.185  0.205 -0.043 -0.043  0.184  0.182  0.184 0.000 0.000
-0.011  0.002  1.185  0.215 -0.035 -0.035  0.207  0.162  0.207 0.000 0.000
 0.000 -0.000  1.185  0.226 -0.027 -0.027  0.228  0.143  0.228 0.000 0.000
 0.012 -0.001  1.185  0.238 -0.020 -0.020  0.246  0.125  0.246 0.000 0.000
 0.024 -0.002  1.185  0.251 -0.015 -0.015  0.261  0.108  0.261 0.000 0.000
 0.037 -0.003  1.185  0.264 -0.010 -0.010  0.273  0.091  0.273 0.000 0.000
 0.050 -0.003  1.185  0.278 -0.005 -0.005  0.282  0.076  0.282 0.000 0.000
 0.064 -0.003  1.185  0.292 -0.002 -0.002  0.288  0.062  0.288 0.000 0.000
 0.079 -0.003  1.185  0.307  0.001  0.001  0.291  0.049  0.291 0.000 0.000
 0.095 -0.003  1.185  0.321  0.003  0.003  0.292  0.038  0.292 0.000 0.000
 0.112 -0.003  1.185  0.336  0.005  0.005  0.289  0.027  0.289 0.000 0.000
 0.129 -0.003  1.185  0.350  0.006  0.006  0.284  0.018  0.284 0.000 0.000
 0.147 -0.002  1.185  0.364  0.006  0.006  0.277  0.010  0.277 0.000 0.000
 0.165 -0.002  1.185  0.378  0.007  0.007  0.267  0.003  0.267 0.000 0.000
 0.184 -0.002  1.185  0.391  0.007  0.007  0.255 -0.002  0.255 0.000 0.000
 0.204 -0.001  1.185  0.403  0.007  0.007  0.241 -0.007  0.241 0.000 0.000
 0.225 -0.001  1.185  0.415  0.006  0.006  0.225 -0.011  0.225 0.000 0.000
 0.246 -0.001  1.185  0.426  0.006  0.006  0.208 -0.013  0.208 0.000 0.000
 0.267 -0.000  1.185  0.436  0.005  0.005  0.189 -0.015  0.189 0.000 0.000
 0.289 -0.000  1.185  0.445  0.004  0.004  0.169 -0.016  0.169 0.000 0.000
 0.312 -0.000  1.185  0.453  0.003  0.003  0.149 -0.017  0.149 0.000 0.000
 0.334  0.000  1.185  0.460  0.002  0.002  0.127 -0.017  0.127 0.000 0.000
 0.358  0.000  1.185  0.465  0.002  0.002  0.106 -0.016  0.106 0.000 0.000
 0.381  0.000  1.185  0.470  0.001  0.001  0.084 -0.015  0.084 0.000 0.000
 0.405  0.000  1.185  0.474  0.000  0.000  0.062 -0.014  0.062 0.000 0.000
 0.428  0.000  1.185  0.476 -0.001 -0.001  0.041 -0.012  0.041 0.000 0.000
 0.452  0.000  1.185  0.478 -0.001 -0.001  0.020 -0.010  0.020 0.000 0.000
 0.476  0.000  1.185  0.478 -0.002 -0.002 -0.001 -0.008 -0.001 0.000 0.000
 0.500 -0.000  1.185  0.478 -0.002 -0.002 -0.020 -0.006 -0.020 0.000 0.000
 0.524 -0.000  1.185  0.476 -0.002 -0.002 -0.038 -0.004 -0.038 0.000 0.000
 0.548 -0.000  1.185  0.474 -0.002 -0.002 -0.056 -0.002 -0.056 0.000 0.000
 0.571 -0.000  1.185  0.471 -0.002 -0.002 -0.071 -0.000 -0.071 0.000 0.000
 0.595 -0.000  1.185  0.467 -0.002 -0.002 -0.086  0.001 -0.086 0.000 0.000
 0.618 -0.001  1.185  0.462 -0.002 -0.002 -0.099  0.003 -0.099 0.000 0.000
 0.641 -0.001  1.185  0.457 -0.002 -0.002 -0.110  0.004 -0.110 0.000 0.000
 0.664 -0.001  1.185  0.451 -0.002 -0.002 -0.120  0.005 -0.120 0.000 0.000
 0.686 -0.001  1.185  0.445 -0.002 -0.002 -0.128  0.006 -0.128 0.000 0.000
 0.708 -0.001  1.185  0.438 -0.001 -0.001 -0.134  0.007 -0.134 0.000 0.000
 0.730 -0.001  1.185  0.432 -0.001 -0.001 -0.139  0.007 -0.139 0.000 0.000
 0.751 -0.001  1.185  0.425 -0.000 -0.000 -0.142  0.008 -0.142 0.000 0.000
 0.772 -0.001  1.185  0.417 -0.000 -0.000 -0.143  0.008 -0.143 0.000 0.000
 0.793 -0.001  1.185  0.410  0.000  0.000 -0.143  0.008 -0.143 0.000 0.000
 0.813 -0.001  1.185  0.403  0.001  0.001 -0.141  0.007 -0.141 0.000 0.000
 0.833 -0.001  1.185  0.396  0.001  0.001 -0.137  0.007 -0.137 0.000 0.000
 0.853 -0.001  1.185  0.390  0.001  0.001 -0.132  0.006 -0.132 0.000 0.000
 0.872 -0.001  1.185  0.383  0.002  0.002 -0.125  0.006 -0.125 0.000 0.000
 0.891 -0.001  1.185  0.377  0.002  0.002 -0.117  0.005 -0.117 0.000 0.000
 0.910 -0.001  1.185  0.371  0.002  0.002 -0.108  0.004 -0.108 0.000 0.000
 0.928 -0.000  1.185  0.366  0.002  0.002 -0.098  0.003 -0.098 0.000 0.000
 0.947 -0.000  1.185  0.362  0.002  0.002 -0.087  0.002 -0.087 0.000 0.000
 0.965 -0.000  1.185  0.358  0.003  0.003 -0.075  0.001 -0.075 0.000 0.000
 0.982 -0.000  1.185  0.354  0.003  0.003 -0.062  0.000 -0.062 0.000 0.000
 1.000  0.000  1.185  0.351  0.003  0.003 -0.049 -0.001 -0.049 0.000 0.000
 1.018  0.000  1.185  0.349  0.002  0.002 -0.035 -0.002 -0.035 0.000 0.000
 1.035  0.000  1.185  0.348  0.002  0.002 -0.021 -0.003 -0.021 0.000 0.000
 1.052  0.000  1.185  0.347  0.002  0.002 -0.006 -0.003 -0.006 0.000 0.000
 1.070  0.000  1.185  0.347  0.002  0.002  0.008 -0.004  0.008 0.000 0.000
 1.087  0.001  1.185  0.348  0.002  0.002  0.022 -0.004  0.022 0.000 0.000
 1.104  0.001  1.185  0.349  0.002  0.002  0.036 -0.005  0.036 0.000 0.000
 1.122  0.001  1.185  0.352  0.001  0.001  0.050 -0.005  0.050 0.000 0.000
 1.140  0.001  1.185  0.354  0.001  0.001  0.062 -0.005  0.062 0.000 0.000
 1.157  0.001  1.185  0.358  0.001  0.001  0.074 -0.006  0.074 0.000 0.000
 1.175  0.001  1.185  0.362  0.001  0.001  0.085 -0.006  0.085 0.000 0.000
 1.194  0.001  1.185  0.366  0.000  0.000  0.095 -0.005  0.095 0.000 0.000
 1.212  0.001  1.185  0.371 -0.000 -0.000  0.104 -0.005  0.104 0.000 0.000
 1.231  0.001  1.185  0.377 -0.000 -0.000  0.111 -0.005  0.111 0.000 0.000
 1.250  0.001  1.185  0.382 -0.001 -0.001  0.117 -0.005  0.117 0.000 0.000
 1.269  0.001  1.185  0.388 -0.001 -0.001  0.121 -0.004  0.121 0.000 0.000
 1.289  0.001  1.185  0.394 -0.001 -0.001  0.124 -0.004  0.124 0.000 0.000
 1.308  0.001  1.185  0.401 -0.001 -0.001  0.124 -0.004  0.124 0.000 0.000
 1.329  0.001  1.185  0.407 -0.001 -0.001  0.123 -0.003  0.123 0.000 0.000
 1.349  0.001  1.185  0.413 -0.001 -0.001  0.120 -0.003  0.120 0.000 0.000
 1.370  0.001  1.185  0.419 -0.002 -0.002  0.115 -0.002  0.115 0.000 0.000
 1.391  0.000  1.185  0.424 -0.002 -0.002  0.108 -0.001  0.108 0.000 0.000
 1.412  0.000  1.185  0.430 -0.002 -0.002  0.099 -0.001  0.099 0.000 0.000
 1.434  0.000  1.185  0.434 -0.002 -0.002  0.088 -0.000  0.088 0.000 0.000
 1.456  0.000  1.185  0.438 -0.002 -0.002  0.075  0.000  0.075 0.000 0.000
 1.478  0.000  1.185  0.442 -0.002 -0.002  0.060  0.001  0.060 0.000 0.000
 1.500  0.000  1.185  0.444 -0.002 -0.002  0.044  0.001  0.044 0.000 0.000
 1.522 -0.000  1.185  0.446 -0.002 -0.002  0.026  0.002  0.026 0.000 0.000
 1.545 -0.000  1.185  0.447 -0.002 -0.002  0.006  0.002  0.006 0.000 0.000
 1.567 -0.000  1.185  0.447 -0.001 -0.001 -0.015  0.002 -0.015 0.000 0.000
 1.589 -0.000  1.185  0.445 -0.001 -0.001 -0.037  0.003 -0.037 0.000 0.000
 1.611 -0.000  1.185  0.443 -0.001 -0.001 -0.061  0.003 -0.061 0.000 0.000
 1.634 -0.000  1.185  0.439 -0.001 -0.001 -0.085  0.003 -0.085 0.000 0.000
 1.655 -0.000  1.185  0.435 -0.001 -0.001 -0.109  0.003 -0.109 0.000 0.000
 1.677 -0.001  1.185  0.428 -0.001 -0.001 -0.134  0.003 -0.134 0.000 0.000
 1.698 -0.001  1.185  0.421 -0.001 -0.001 -0.159  0.003 -0.159 0.000 0.000
 1.719 -0.001  1.185  0.413 -0.000 -0.000 -0.184  0.003 -0.184 0.000 0.000
 1.739 -0.001  1.185  0.403 -0.000 -0.000 -0.208  0.003 -0.208 0.000 0.000
 1.759 -0.001  1.185  0.392 -0.000 -0.000 -0.231  0.003 -0.231 0.000 0.000
 1.779 -0.001  1.185  0.380  0.000  0.000 -0.254  0.003 -0.254 0.000 0.000
 1.797 -0.001  1.185  0.366  0.000  0.000 -0.275  0.003 -0.275 0.000 0.000
 1.815 -0.001  1.185  0.352  0.000  0.000 -0.295  0.002 -0.295 0.000 0.000
 1.832 -0.001  1.185  0.337  0.000  0.000 -0.313  0.002 -0.313 0.000 0.000
 1.849 -0.001  1.185  0.321  0.000  0.000 -0.329  0.002 -0.329 0.000 0.000
 1.865 -0.001  1.185  0.304  0.001  0.001 -0.343  0.001 -0.343 0.000 0.000
 1.879 -0.000  1.185  0.287  0.001  0.001 -0.355  0.001 -0.355 0.000 0.000
 1.893 -0.000  1.185  0.269  0.001  0.001 -0.364  0.001 -0.364 0.000 0.000
 1.906 -0.000  1.185  0.250  0.001  0.001 -0.370  0.001 -0.370 0.000 0.000
 1.918 -0.000  1.185  0.232  0.001  0.001 -0.374  0.000 -0.374 0.000 0.000
 1.929 -0.000  1.185  0.213  0.001  0.001 -0.375  0.000 -0.375 0.000 0.000
 1.940 -0.000  1.185  0.194  0.001  0.001 -0.373 -0.000 -0.373 0.000 0.000
 1.949 -0.000  1.185  0.176  0.001  0.001 -0.368 -0.000 -0.368 0.000 0.000
 1.957 -0.000  1.185  0.157  0.001  0.001 -0.360 -0.001 -0.360 0.000 0.000
 1.965 -0.000  1.185  0.140  0.001  0.001 -0.349 -0.001 -0.349 0.000 0.000
 1.971 -0.000  1.185  0.123  0.001  0.001 -0.335 -0.001 -0.335 0.000 0.000
 1.977 -0.000  1.185  0.106  0.001  0.001 -0.318 -0.001 -0.318 0.000 0.000
 1.982 -0.000  1.185  0.091  0.001  0.001 -0.299 -0.001 -0.299 0.000 0.000
 1.986 -0.000  1.185  0.076  0.000  0.000 -0.278 -0.001 -0.278 0.000 0.000
 1.989 -0.000  1.185  0.063  0.000  0.000 -0.255 -0.001 -0.255 0.000 0.000
 1.992 -0.000  1.185  0.051  0.000  0.000 -0.230 -0.001 -0.230 0.000 0.000
 1.994 -0.000  1.185  0.040  0.000  0.000 -0.203 -0.001 -0.203 0.000 0.000
 1.996 -0.000  1.185  0.031  0.000  0.000 -0.176 -0.001 -0.176 0.000 0.000
 1.998 -0.000  1.185  0.023  0.000  0.000 -0.149 -0.001 -0.149 0.000 0.000
 1.999 -0.000  1.185  0.016  0.000  0.000 -0.121 -0.001 -0.121 0.000 0.000
 1.999 -0.000  1.185  0.010  0.000  0.000 -0.095 -0.001 -0.095 0.000 0.000
 2.000 -0.000  1.185  0.006  0.000  0.000 -0.070 -0.001 -0.070 0.000 0.000
 2.000 -0.000  1.185  0.003  0.000  0.000 -0.048 -0.000 -0.048 0.000 0.000
 2.000 -0.000  1.185  0.001  0.000  0.000 -0.028 -0.000 -0.028 0.000 0.000
 2.000 -0.000  1.185  0.000  0.000  0.000 -0.013 -0.000 -0.013 0.000 0.000
 2.000 -0.000  1.185  0.000  0.000  0.000 -0.004 -0.000 -0.004 0.000 0.000
 2.000 -0.000  1.185 -0.000 -0.000 -0.000  0.000 -0.000  0.000 0.000 0.000
 2.000  0.000  1.185  0.000  0.000  0.000  0.000  0.000  0.000 0.000 0.000
 2.000  0.000  1.185  0.000  0.000  0.000  0.000  0.000  0.000 0.000 0.000
 2.000  0.000  1.185  0.000  0.000  0.000  0.000  0.000  0.000 0.000 0.000
 2.000  0.000  1.185  0.000  0.000  0.000  0.000  0.000  0.000 0.000 0.000
 2.000  0.000  1.185  0.000  0.000  0.000  0.000  0.000  0.000 0.000 0.000
 2.000  0.000  1.185  0.000  0.000  0.000  0.000  0.000  0.000 0.000 0.000
 2.000  0.000  1.185  0.000  0.000  0.000  0.000  0.000  0.000 0.000 0.000
 2.000  0.000  1.185  0.000  0.000  0.000  0.000  0.000  0.000 0.000 0.000
 2.000  0.000  1.185  0.000  0.000  0.000  0.000  0.000  0.000 0.000 0.000
 2.000  0.000  1.185  0.000  0.000  0.000  0.000  0.000  0.000 0.000 0.000
 2.000  0.000  1.185  0.000  0.000  0.000  0.000  0.000  0.000 0.000 0.000
 2.000  0.000  1.185  0.000  0.000  0.000  0.000  0.000  0.000 0.000 0.000
 2.000  0.000  1.185  0.000  0.000  0.000  0.000  0.000  0.000 0.000 0.000
 2.000  0.000  1.185  0.000  0.000  0.000  0.000  0.000  0.000 0.000 0.000
 2.000  0.000  1.185  0.000  0.000  0.000  0.000  0.000  0.000 0.000 0.000
 2.000  0.000  1.185  0.000  0.000  0.000  0.000  0.000  0.000 0.000 0.000
 2.000  0.000  1.185  0.000  0.000  0.000  0.000  0.000  0.000 0.000 0.000
 2.000  0.000  1.185  0.000  0.000  0.000  0.000  0.000  0.000 0.000 0.000
 2.000  0.000  1.185  0.000  0.000  0.000  0.000  0.000  0.000 0.000 0.000
 2.000  0.000  1.185  0.000  0.000  0.000  0.000  0.000  0.000 0.000 0.000
 2.000  0.000  1.185  0.000  0.000  0.000  0.000  0.000  0.000 0.000 0.000
 2.000  0.000  1.185  0.000  0.000  0.000  0.000  0.000  0.000 0.000 0.000
 2.000  0.000  1.185  0.000  0.000  0.000  0.000  0.000  0.000 0.000 0.000
 2.000  0.000  1.185  0.000  0.000  0.000  0.000  0.000  0.000 0.000 0.000
 2.000  0.000  1.185  0.000  0.000  0.000  0.000  0.000  0.000 0.000 0.000
 2.000  0.000  1.185  0.000  0.000  0.000  0.000  0.000  0.000 0.000 0.000
 2.000  0.000  1.185  0.000  0.000  0.000  0.000  0.000  0.000 0.000 0.000
 2.000  0.000  1.185  0.000  0.000  0.000  0.000  0.000  0.000 0.000 0.000
 2.000  0.000  1.185  0.000  0.000  0.000  0.000  0.000  0.000 0.000 0.000
 2.000  0.000  1.185  0.000  0.000  0.000  0.000  0.000  0.000 0.000 0.000
 2.000  0.000  1.185  0.000  0.000  0.000  0.000  0.000  0.000 0.000 0.000
 2.000  0.000  1.185  0.000  0.000  0.000  0.000  0.000  0.000 0.000 0.000
 2.000  0.000  1.185  0.000  0.000  0.000  0.000  0.000  0.000 0.000 0.000
 2.000  0.000  1.185  0.000  0.000  0.000  0.000  0.000  0.000 0.000 0.000
 2.000  0.000  1.185  0.000  0.000  0.000  0.000  0.000  0.000 0.000 0.000
 2.000  0.000  1.185  0.000  0.000  0.000  0.000  0.000  0.000 0.000 0.000
 2.000  0.000  1.185  0.000  0.000  0.000  0.000  0.000  0.000 0.000 0.000
 2.000  0.000  1.185  0.000  0.000  0.000  0.000  0.000  0.000 0.000 0.000
 2.000  0.000  1.185  0.000  0.000  0.000  0.000  0.000  0.000 0.000 0.000
 2.000  0.000  1.185  0.000  0.000  0.000  0.000  0.000  0.000 0.000 0.000
 2.000  0.000  1.185  0.000  0.000  0.000  0.000  0.000  0.000 0.000 0.000
 2.000  0.000  1.185  0.000  0.000  0.000  0.000  0.000  0.000 0.000 0.000
 2.000  0.000  1.185  0.000  0.000  0.000  0.000  0.000  0.000 0.000 0.000
 2.000  0.000  1.185  0.000  0.000  0.000  0.000  0.000  0.000 0.000 0.000
 2.000  0.000  1.185  0.000  0.000  0.000  0.000  0.000  0.000 0.000 0.000
 2.000  0.000  1.185  0.000  0.000  0.000  0.000  0.000  0.000 0.000 0.000
 2.000  0.000  1.185  0.000  0.000  0.000  0.000  0.000  0.000 0.000 0.000
 2.000  0.000  1.185  0.000  0.000  0.000  0.000  0.000  0.000 0.000 0.000
 2.000  0.000  1.185  0.000  0.000  0.000  0.000  0.000  0.000 0.000 0.000
 2.000  0.000  1.185  0.000  0.000  0.000  0.000  0.000  0.000 0.000 0.000
 2.000  0.000  1.185  0.000  0.000  0.000  0.000  0.000  0.000 0.000 0.000
 2.000  0.000  1.185  0.000  0.000  0.000  0.000  0.000  0.000 0.000 0.000
 2.000  0.000  1.185  0.000  0.000  0.000  0.000  0.000  0.000 0.000 0.000
 2.000  0.000  1.185  0.000  0.000  0.000  0.000  0.000  0.000 0.000 0.000
 2.000  0.000  1.185  0.000  0.000  0.000  0.000  0.000  0.000 0.000 0.000
 2.000  0.000  1.185  0.000  0.000  0.000  0.000  0.000  0.000 0.000 0.000
 2.000  0.000  1.185  0.000  0.000  0.000  0.000  0.000  0.000 0.000 0.000
 2.000  0.000  1.185  0.000  0.000  0.000  0.000  0.000  0.000 0.000 0.000
 2.000  0.000  1.185  0.000  0.000  0.000  0.000  0.000  0.000 0.000 0.000
 2.000  0.000  1.185  0.000  0.000  0.000  0.000  0.000  0.000 0.000 0.000
 2.000 -0.000  1.185 -0.000 -0.000 -0.000 -0.003 -0.001 -0.003 0.000 0.000
 2.000 -0.000  1.185 -0.000 -0.000 -0.000 -0.010 -0.002 -0.010 0.000 0.000
 2.000 -0.000  1.185 -0.001 -0.000 -0.000 -0.021 -0.004 -0.021 0.000 0.000
 2.000 -0.000  1.185 -0.003 -0.000 -0.000 -0.036 -0.007 -0.036 0.000 0.000
 2.000 -0.000  1.185 -0.005 -0.001 -0.001 -0.053 -0.010 -0.053 0.000 0.000
 1.999 -0.000  1.185 -0.008 -0.001 -0.001 -0.073 -0.013 -0.073 0.000 0.000
 1.999 -0.000  1.185 -0.012 -0.002 -0.002 -0.094 -0.015 -0.094 0.000 0.000
 1.998 -0.000  1.185 -0.017 -0.003 -0.003 -0.116 -0.018 -0.116 0.000 0.000
 1.997 -0.001  1.185 -0.024 -0.004 -0.004 -0.138 -0.020 -0.138 0.000 0.000
 1.996 -0.001  1.185 -0.031 -0.005 -0.005 -0.161 -0.022 -0.161 0.000 0.000
 1.994 -0.001  1.185 -0.040 -0.006 -0.006 -0.183 -0.024 -0.183 0.000 0.000
 1.992 -0.001  1.185 -0.049 -0.007 -0.007 -0.205 -0.025 -0.205 0.000 0.000
 1.989 -0.002  1.185 -0.060 -0.009 -0.009 -0.225 -0.025 -0.225 0.000 0.000
 1.986 -0.002  1.185 -0.072 -0.010 -0.010 -0.245 -0.025 -0.245 0.000 0.000
 1.982 -0.003  1.185 -0.085 -0.011 -0.011 -0.263 -0.024 -0.263 0.000 0.000
 1.977 -0.003  1.185 -0.098 -0.012 -0.012 -0.280 -0.022 -0.280 0.000 0.000
 1.972 -0.004  1.185 -0.113 -0.013 -0.013 -0.295 -0.020 -0.295 0.000 0.000
 1.966 -0.005  1.186 -0.128 -0.014 -0.014 -0.308 -0.017 -0.308 0.000 0.000
 1.959 -0.005  1.186 -0.143 -0.015 -0.015 -0.319 -0.014 -0.319 0.000 0.000
 1.952 -0.006  1.186 -0.160 -0.016 -0.016 -0.328 -0.010 -0.328 0.000 0.000
 1.943 -0.007  1.186 -0.176 -0.016 -0.016 -0.335 -0.005 -0.335 0.000 0.000
 1.934 -0.008  1.186 -0.193 -0.016 -0.016 -0.339 -0.001 -0.339 0.000 0.000
 1.924 -0.009  1.186 -0.210 -0.016 -0.016 -0.342  0.005 -0.342 0.000 0.000
 1.913 -0.009  1.186 -0.227 -0.016 -0.016 -0.342  0.010 -0.342 0.000 0.000
 1.901 -0.010  1.186 -0.244 -0.015 -0.015 -0.340  0.016 -0.340 0.000 0.000
 1.889 -0.011  1.186 -0.261 -0.014 -0.014 -0.336  0.022 -0.336 0.000 0.000
 1.875 -0.012  1.186 -0.278 -0.013 -0.013 -0.331  0.027 -0.331 0.000 0.000
 1.861 -0.012  1.186 -0.294 -0.011 -0.011 -0.323  0.033 -0.323 0.000 0.000
 1.846 -0.013  1.187 -0.310 -0.010 -0.010 -0.314  0.039 -0.314 0.000 0.000
 1.830 -0.013  1.187 -0.325 -0.007 -0.007 -0.303  0.044 -0.303 0.000 0.000
 1.813 -0.013  1.187 -0.340 -0.005 -0.005 -0.290  0.049 -0.290 0.000 0.000
 1.796 -0.014  1.187 -0.354 -0.003 -0.003 -0.276  0.054 -0.276 0.000 0.000
 1.778 -0.014  1.187 -0.368  0.000  0.000 -0.261  0.058 -0.261 0.000 0.000
 1.759 -0.014  1.187 -0.381  0.003  0.003 -0.245  0.062 -0.245 0.000 0.000
 1.740 -0.013  1.187 -0.392  0.006  0.006 -0.227  0.065 -0.227 0.000 0.000
 1.720 -0.013  1.187 -0.403  0.010  0.010 -0.209  0.067 -0.209 0.000 0.000
 1.699 -0.012  1.186 -0.413  0.013  0.013 -0.191  0.068 -0.191 0.000 0.000
 1.678 -0.012  1.186 -0.422  0.016  0.016 -0.171  0.068 -0.171 0.000 0.000
 1.657 -0.011  1.186 -0.430  0.020  0.020 -0.152  0.068 -0.152 0.000 0.000
 1.635 -0.010  1.186 -0.438  0.023  0.023 -0.132  0.066 -0.132 0.000 0.000
 1.613 -0.008  1.186 -0.444  0.027  0.027 -0.113  0.064 -0.113 0.000 0.000
 1.591 -0.007  1.186 -0.449  0.030  0.030 -0.093  0.060 -0.093 0.000 0.000
 1.569 -0.005  1.186 -0.453  0.032  0.032 -0.074  0.055 -0.074 0.000 0.000
 1.546 -0.004  1.185 -0.456  0.035  0.035 -0.056  0.049 -0.056 0.000 0.000
 1.523 -0.002  1.185 -0.459  0.037  0.037 -0.037  0.043 -0.037 0.000 0.000
 1.500  0.000  1.185 -0.460  0.039  0.039 -0.020  0.035 -0.020 0.000 0.000
 1.477  0.002  1.185 -0.461  0.041  0.041 -0.003  0.025 -0.003 0.000 0.000
 1.454  0.004  1.185 -0.460  0.042  0.042  0.013  0.015  0.013 0.000 0.000
 1.431  0.006  1.184 -0.459  0.042  0.042  0.028  0.004  0.028 0.000 0.000
 1.408  0.008  1.184 -0.458  0.042  0.042  0.042 -0.008  0.042 0.000 0.000
 1.385  0.010  1.184 -0.455  0.042  0.042  0.055 -0.020  0.055 0.000 0.000
 1.363  0.012  1.184 -0.452  0.040  0.040  0.067 -0.034  0.067 0.000 0.000
 1.340  0.014  1.183 -0.448  0.038  0.038  0.078 -0.048  0.078 0.000 0.000
 1.318  0.016  1.183 -0.444  0.035  0.035  0.088 -0.062  0.088 0.000 0.000
 1.296  0.018  1.183 -0.440  0.032  0.032  0.097 -0.077  0.097 0.000 0.000
 1.274  0.019  1.183 -0.435  0.028  0.028  0.105 -0.092  0.105 0.000 0.000
 1.252  0.021  1.183 -0.429  0.023  0.023  0.112 -0.107  0.112 0.000 0.000
 1.231  0.022  1.183 -0.423  0.017  0.017  0.118 -0.122  0.118 0.000 0.000
 1.210  0.022  1.183 -0.417  0.011  0.011  0.123 -0.137  0.123 0.000 0.000
 1.189  0.023  1.183 -0.411  0.003  0.003  0.126 -0.152  0.126 0.000 0.000
 1.169  0.023  1.183 -0.405 -0.005 -0.005  0.130 -0.167  0.130 0.000 0.000
 1.149  0.022  1.183 -0.398 -0.013 -0.013  0.132 -0.180  0.132 0.000 0.000
 1.129  0.021  1.183 -0.392 -0.023 -0.023  0.133 -0.194  0.133 0.000 0.000
 1.110  0.020  1.183 -0.385 -0.033 -0.033  0.134 -0.206  0.134 0.000 0.000
 1.090  0.018  1.183 -0.378 -0.043 -0.043  0.134 -0.218  0.134 0.000 0.000
 1.072  0.016  1.183 -0.372 -0.054 -0.054  0.133 -0.228  0.133 0.000 0.000
 1.053  0.013  1.184 -0.365 -0.066 -0.066  0.132 -0.238  0.132 0.000 0.000
 1.035  0.009  1.184 -0.358 -0.078 -0.078  0.130 -0.246  0.130 0.000 0.000
 1.017  0.005  1.185 -0.352 -0.091 -0.091  0.128 -0.253  0.128 0.000 0.000
 1.000 -0.000  1.185 -0.346 -0.103 -0.103  0.125 -0.259  0.125 0.000 0.000
 0.983 -0.005  1.186 -0.339 -0.117 -0.117  0.122 -0.263  0.122 0.000 0.000
 0.966 -0.012  1.186 -0.333 -0.130 -0.130  0.118 -0.266  0.118 0.000 0.000
 0.950 -0.018  1.187 -0.328 -0.143 -0.143  0.115 -0.268  0.115 0.000 0.000
 0.933 -0.026  1.187 -0.322 -0.157 -0.157  0.111 -0.268  0.111 0.000 0.000
 0.917 -0.034  1.188 -0.317 -0.170 -0.170  0.107 -0.267  0.107 0.000 0.000
 0.902 -0.043  1.189 -0.311 -0.183 -0.183  0.102 -0.264  0.102 0.000 0.000
 0.886 -0.052  1.190 -0.306 -0.196 -0.196  0.098 -0.260  0.098 0.000 0.000
 0.871 -0.063  1.190 -0.301 -0.209 -0.209  0.093 -0.255  0.093 0.000 0.000
 0.856 -0.073  1.191 -0.297 -0.222 -0.222  0.089 -0.249  0.089 0.000 0.000
 0.841 -0.085  1.192 -0.293 -0.234 -0.234  0.084 -0.241  0.084 0.000 0.000
 0.827 -0.097  1.193 -0.288 -0.246 -0.246  0.080 -0.232  0.080 0.000 0.000
 0.812 -0.109  1.193 -0.285 -0.257 -0.257  0.075 -0.222  0.075 0.000 0.000
 0.798 -0.122  1.194 -0.281 -0.268 -0.268  0.070 -0.211  0.070 0.000 0.000
 0.784 -0.136  1.195 -0.278 -0.278 -0.278  0.066 -0.199  0.066 0.000 0.000
 0.771 -0.150  1.196 -0.274 -0.288 -0.288  0.061 -0.187  0.061 0.000 0.000
 0.757 -0.165  1.196 -0.272 -0.297 -0.297  0.056 -0.173  0.056 0.000 0.000
 0.743 -0.180  1.197 -0.269 -0.305 -0.305  0.052 -0.159  0.052 0.000 0.000
 0.730 -0.195  1.197 -0.266 -0.313 -0.313  0.047 -0.145  0.047 0.000 0.000
 0.717 -0.211  1.198 -0.264 -0.320 -0.320  0.043 -0.130  0.043 0.000 0.000
 0.704 -0.227  1.198 -0.262 -0.326 -0.326  0.039 -0.115  0.039 0.000 0.000
 0.691 -0.244  1.198 -0.260 -0.331 -0.331  0.035 -0.100  0.035 0.000 0.000
 0.678 -0.261  1.199 -0.259 -0.336 -0.336  0.031 -0.084  0.031 0.000 0.000
 0.665 -0.277  1.199 -0.257 -0.340 -0.340  0.027 -0.069  0.027 0.000 0.000
 0.652 -0.294  1.199 -0.256 -0.343 -0.343  0.023 -0.054  0.023 0.000 0.000
 0.639 -0.312  1.198 -0.255 -0.345 -0.345  0.019 -0.039  0.019 0.000 0.000
 0.626 -0.329  1.198 -0.254 -0.347 -0.347  0.016 -0.024  0.016 0.000 0.000
 0.614 -0.346  1.198 -0.253 -0.347 -0.347  0.012 -0.010  0.012 0.000 0.000
 0.601 -0.364  1.197 -0.253 -0.348 -0.348  0.009  0.003  0.009 0.000 0.000
 0.588 -0.381  1.196 -0.252 -0.347 -0.347  0.005  0.016  0.005 0.000 0.000
 0.576 -0.398  1.195 -0.252 -0.346 -0.346  0.002  0.028  0.002 0.000 0.000
 0.563 -0.416  1.194 -0.252 -0.344 -0.344 -0.001  0.040 -0.001 0.000 0.000
 0.551 -0.433  1.192 -0.252 -0.342 -0.342 -0.004  0.050 -0.004 0.000 0.000
 0.538 -0.450  1.191 -0.253 -0.339 -0.339 -0.006  0.060 -0.006 0.000 0.000
 0.525 -0.467  1.189 -0.253 -0.336 -0.336 -0.009  0.068 -0.009 0.000 0.000
 0.513 -0.483  1.187 -0.253 -0.333 -0.333 -0.012  0.076 -0.012 0.000 0.000
 0.500 -0.500  1.185 -0.254 -0.329 -0.329 -0.014  0.082 -0.014 0.000 0.000
 0.487 -0.516  1.183 -0.255 -0.324 -0.324 -0.016  0.087 -0.016 0.000 0.000
 0.475 -0.532  1.180 -0.256 -0.320 -0.320 -0.019  0.091 -0.019 0.000 0.000
 0.462 -0.548  1.177 -0.257 -0.315 -0.315 -0.021  0.094 -0.021 0.000 0.000
 0.449 -0.564  1.174 -0.258 -0.310 -0.310 -0.023  0.096 -0.023 0.000 0.000
 0.436 -0.579  1.171 -0.259 -0.306 -0.306 -0.024  0.097 -0.024 0.000 0.000
 0.423 -0.595  1.167 -0.260 -0.301 -0.301 -0.026  0.097 -0.026 0.000 0.000
 0.410 -0.609  1.164 -0.262 -0.296 -0.296 -0.028  0.095 -0.028 0.000 0.000
 0.397 -0.624  1.160 -0.263 -0.291 -0.291 -0.029  0.093 -0.029 0.000 0.000
 0.384 -0.639  1.156 -0.264 -0.287 -0.287 -0.030  0.090 -0.030 0.000 0.000
 0.370 -0.653  1.151 -0.266 -0.282 -0.282 -0.031  0.086 -0.031 0.000 0.000
 0.357 -0.667  1.147 -0.268 -0.278 -0.278 -0.032  0.081 -0.032 0.000 0.000
 0.344 -0.681  1.142 -0.269 -0.274 -0.274 -0.033  0.075 -0.033 0.000 0.000
 0.330 -0.694  1.137 -0.271 -0.271 -0.271 -0.033  0.069 -0.033 0.000 0.000
 0.316 -0.708  1.132 -0.273 -0.267 -0.267 -0.034  0.062 -0.034 0.000 0.000
 0.303 -0.721  1.127 -0.274 -0.264 -0.264 -0.034  0.054 -0.034 0.000 0.000
 0.289 -0.734  1.121 -0.276 -0.262 -0.262 -0.034  0.046 -0.034 0.000 0.000
 0.275 -0.747  1.116 -0.278 -0.260 -0.260 -0.034  0.038 -0.034 0.000 0.000
 0.261 -0.760  1.110 -0.279 -0.258 -0.258 -0.033  0.029 -0.033 0.000 0.000
 0.247 -0.773  1.104 -0.281 -0.257 -0.257 -0.033  0.020 -0.033 0.000 0.000
 0.233 -0.786  1.098 -0.283 -0.256 -0.256 -0.032  0.012 -0.032 0.000 0.000
 0.219 -0.799  1.091 -0.284 -0.256 -0.256 -0.031  0.003 -0.031 0.000 0.000
 0.205 -0.811  1.085 -0.286 -0.256 -0.256 -0.029 -0.006 -0.029 0.000 0.000
 0.190 -0.824  1.078 -0.287 -0.256 -0.256 -0.028 -0.014 -0.028 0.000 0.000
 0.176 -0.837  1.072 -0.288 -0.257 -0.257 -0.026 -0.023 -0.026 0.000 0.000
 0.162 -0.850  1.065 -0.290 -0.259 -0.259 -0.024 -0.030 -0.024 0.000 0.000
 0.147 -0.863  1.058 -0.291 -0.260 -0.260 -0.022 -0.038 -0.022 0.000 0.000
 0.133 -0.876  1.051 -0.292 -0.262 -0.262 -0.020 -0.045 -0.020 0.000 0.000
 0.118 -0.889  1.044 -0.293 -0.265 -0.265 -0.018 -0.051 -0.018 0.000 0.000
 0.103 -0.902  1.037 -0.294 -0.267 -0.267 -0.015 -0.056 -0.015 0.000 0.000
 0.089 -0.916  1.030 -0.294 -0.270 -0.270 -0.012 -0.061 -0.012 0.000 0.000
 0.074 -0.929  1.022 -0.295 -0.274 -0.274 -0.009 -0.065 -0.009 0.000 0.000
 0.059 -0.943  1.015 -0.295 -0.277 -0.277 -0.006 -0.068 -0.006 0.000 0.000
 0.044 -0.957  1.007 -0.296 -0.280 -0.280 -0.003 -0.070 -0.003 0.000 0.000
 0.030 -0.971  1.000 -0.296 -0.284 -0.284  0.000 -0.072  0.000 0.000 0.000
 0.015 -0.986  0.993 -0.296 -0.287 -0.287  0.004 -0.072  0.004 0.000 0.000
-0.000 -1.000  0.985 -0.295 -0.291 -0.291  0.007 -0.071  0.007 0.000 0.000
-0.015 -1.015  0.977 -0.295 -0.295 -0.295  0.011 -0.069  0.011 0.000 0.000
-0.029 -1.029  0.970 -0.294 -0.298 -0.298  0.014 -0.067  0.014 0.000 0.000
-0.044 -1.044  0.962 -0.293 -0.301 -0.301  0.018 -0.063  0.018 0.000 0.000
-0.059 -1.060  0.955 -0.292 -0.304 -0.304  0.022 -0.058  0.022 0.000 0.000
-0.073 -1.075  0.947 -0.291 -0.307 -0.307  0.025 -0.053  0.025 0.000 0.000
-0.088 -1.090  0.939 -0.290 -0.309 -0.309  0.029 -0.046  0.029 0.000 0.000
-0.102 -1.106  0.932 -0.288 -0.312 -0.312  0.032 -0.039  0.032 0.000 0.000
-0.117 -1.121  0.924 -0.287 -0.313 -0.313  0.035 -0.030  0.035 0.000 0.000
-0.131 -1.137  0.916 -0.285 -0.315 -0.315  0.038 -0.021  0.038 0.000 0.000
-0.145 -1.153  0.909 -0.283 -0.315 -0.315  0.041 -0.011  0.041 0.000 0.000
-0.159 -1.169  0.901 -0.281 -0.316 -0.316  0.044 -0.001  0.044 0.000 0.000
-0.173 -1.184  0.893 -0.278 -0.315 -0.315  0.046  0.010  0.046 0.000 0.000
-0.187 -1.200  0.886 -0.276 -0.315 -0.315  0.048  0.022  0.048 0.000 0.000
-0.201 -1.216  0.878 -0.274 -0.313 -0.313  0.050  0.034  0.050 0.000 0.000
-0.215 -1.231  0.870 -0.271 -0.311 -0.311  0.051  0.046  0.051 0.000 0.000
-0.228 -1.247  0.863 -0.269 -0.309 -0.309  0.052  0.058  0.052 0.000 0.000
-0.241 -1.262  0.855 -0.266 -0.305 -0.305  0.053  0.071  0.053 0.000 0.000
-0.255 -1.278  0.847 -0.263 -0.302 -0.302  0.053  0.084  0.053 0.000 0.000
-0.268 -1.293  0.840 -0.261 -0.297 -0.297  0.053  0.097  0.053 0.000 0.000
-0.281 -1.307  0.832 -0.258 -0.292 -0.292  0.052  0.110  0.052 0.000 0.000
-0.294 -1.322  0.824 -0.255 -0.286 -0.286  0.051  0.122  0.051 0.000 0.000
-0.306 -1.336  0.816 -0.253 -0.280 -0.280  0.049  0.134  0.049 0.000 0.000
-0.319 -1.350  0.809 -0.251 -0.273 -0.273  0.047  0.146  0.047 0.000 0.000
-0.331 -1.363  0.801 -0.248 -0.265 -0.265  0.044  0.158  0.044 0.000 0.000
-0.344 -1.376  0.793 -0.246 -0.257 -0.257  0.040  0.169  0.040 0.000 0.000
-0.356 -1.389  0.785 -0.244 -0.248 -0.248  0.036  0.179  0.036 0.000 0.000
-0.368 -1.401  0.777 -0.242 -0.239 -0.239  0.032  0.189  0.032 0.000 0.000
-0.380 -1.413  0.769 -0.241 -0.229 -0.229  0.027  0.198  0.027 0.000 0.000
-0.392 -1.424  0.761 -0.240 -0.219 -0.219  0.021  0.206  0.021 0.000 0.000
-0.404 -1.435  0.753 -0.239 -0.209 -0.209  0.015  0.213  0.015 0.000 0.000
-0.416 -1.445  0.745 -0.238 -0.198 -0.198  0.009  0.220  0.009 0.000 0.000
-0.428 -1.454  0.736 -0.238 -0.187 -0.187  0.002  0.225  0.002 0.000 0.000
-0.440 -1.463  0.728 -0.238 -0.175 -0.175 -0.006  0.229 -0.006 0.000 0.000
-0.452 -1.472  0.720 -0.239 -0.164 -0.164 -0.014  0.232 -0.014 0.000 0.000
-0.464 -1.480  0.711 -0.240 -0.152 -0.152 -0.022  0.235 -0.022 0.000 0.000
-0.476 -1.487  0.702 -0.241 -0.140 -0.140 -0.031  0.236 -0.031 0.000 0.000
-0.488 -1.494  0.694 -0.243 -0.129 -0.129 -0.040  0.236 -0.040 0.000 0.000
-0.500 -1.500  0.685 -0.245 -0.117 -0.117 -0.049  0.234 -0.049 0.000 0.000
-0.512 -1.506  0.676 -0.248 -0.105 -0.105 -0.058  0.232 -0.058 0.000 0.000
-0.525 -1.511  0.667 -0.251 -0.094 -0.094 -0.068  0.229 -0.068 0.000 0.000
-0.537 -1.515  0.658 -0.254 -0.082 -0.082 -0.077  0.224 -0.077 0.000 0.000
-0.550 -1.519  0.649 -0.258 -0.071 -0.071 -0.087  0.219 -0.087 0.000 0.000
-0.563 -1.522  0.640 -0.263 -0.061 -0.061 -0.096  0.212 -0.096 0.000 0.000
-0.577 -1.525  0.630 -0.268 -0.050 -0.050 -0.105  0.205 -0.105 0.000 0.000
-0.590 -1.527  0.621 -0.274 -0.040 -0.040 -0.114  0.196 -0.114 0.000 0.000
-0.604 -1.529  0.611 -0.279 -0.031 -0.031 -0.122  0.187 -0.122 0.000 0.000
-0.618 -1.530  0.602 -0.286 -0.021 -0.021 -0.130  0.177 -0.130 0.000 0.000
-0.632 -1.531  0.592 -0.292 -0.013 -0.013 -0.138  0.167 -0.138 0.000 0.000
-0.647 -1.531  0.582 -0.300 -0.005 -0.005 -0.144  0.156 -0.144 0.000 0.000
-0.662 -1.531  0.572 -0.307  0.003  0.003 -0.150  0.144 -0.150 0.000 0.000
-0.678 -1.531  0.562 -0.314  0.010  0.010 -0.155  0.132 -0.155 0.000 0.000
-0.694 -1.531  0.552 -0.322  0.016  0.016 -0.159  0.120 -0.159 0.000 0.000
-0.710 -1.530  0.541 -0.330  0.022  0.022 -0.162  0.107 -0.162 0.000 0.000
-0.727 -1.528  0.531 -0.338  0.027  0.027 -0.164  0.095 -0.164 0.000 0.000
-0.744 -1.527  0.521 -0.347  0.031  0.031 -0.164  0.082 -0.164 0.000 0.000
-0.762 -1.525  0.510 -0.355  0.035  0.035 -0.164  0.070 -0.164 0.000 0.000
-0.780 -1.523  0.500 -0.363  0.038  0.038 -0.162  0.057 -0.162 0.000 0.000
-0.798 -1.521  0.489 -0.371  0.041  0.041 -0.158  0.045 -0.158 0.000 0.000
-0.817 -1.519  0.479 -0.379  0.043  0.043 -0.154  0.033 -0.154 0.000 0.000
-0.836 -1.517  0.468 -0.386  0.044  0.044 -0.147  0.022 -0.147 0.000 0.000
-0.855 -1.515  0.458 -0.394  0.045  0.045 -0.140  0.011 -0.140 0.000 0.000
-0.875 -1.513  0.447 -0.400  0.045  0.045 -0.131  0.000 -0.131 0.000 0.000
-0.895 -1.510  0.437 -0.407  0.045  0.045 -0.120 -0.009 -0.120 0.000 0.000
-0.916 -1.508  0.426 -0.412  0.044  0.044 -0.108 -0.018 -0.108 0.000 0.000
-0.936 -1.506  0.416 -0.417  0.043  0.043 -0.095 -0.027 -0.095 0.000 0.000
-0.957 -1.504  0.405 -0.422  0.042  0.042 -0.080 -0.034 -0.080 0.000 0.000
-0.979 -1.502  0.395 -0.425  0.040  0.040 -0.064 -0.041 -0.064 0.000 0.000
-1.000 -1.500  0.385 -0.428  0.037  0.037 -0.047 -0.047 -0.047 0.000 0.000
-1.021 -1.498  0.375 -0.430  0.035  0.035 -0.028 -0.052 -0.028 0.000 0.000
-1.043 -1.497  0.365 -0.431  0.032  0.032 -0.009 -0.056 -0.009 0.000 0.000
-1.065 -1.495  0.355 -0.431  0.029  0.029  0.011 -0.059  0.011 0.000 0.000
-1.086 -1.494  0.346 -0.430  0.026  0.026  0.033 -0.062  0.033 0.000 0.000
-1.108 -1.492  0.336 -0.428  0.023  0.023  0.054 -0.063  0.054 0.000 0.000
-1.129 -1.491  0.327 -0.424  0.020  0.020  0.077 -0.064  0.077 0.000 0.000
-1.150 -1.490  0.318 -0.420  0.017  0.017  0.099 -0.064  0.099 0.000 0.000
-1.171 -1.490  0.309 -0.414  0.014  0.014  0.121 -0.063  0.121 0.000 0.000
-1.191 -1.489  0.300 -0.408  0.010  0.010  0.144 -0.062  0.144 0.000 0.000
-1.212 -1.489  0.292 -0.400  0.007  0.007  0.166 -0.059  0.166 0.000 0.000
-1.231 -1.488  0.284 -0.391  0.005  0.005  0.188 -0.057  0.188 0.000 0.000
-1.251 -1.488  0.276 -0.381  0.002  0.002  0.209 -0.053  0.209 0.000 0.000
-1.269 -1.488  0.269 -0.370 -0.001 -0.001  0.229 -0.050  0.229 0.000 0.000
-1.288 -1.488  0.262 -0.358 -0.003 -0.003  0.248 -0.046  0.248 0.000 0.000
-1.305 -1.488  0.255 -0.346 -0.005 -0.005  0.266 -0.041  0.266 0.000 0.000
-1.322 -1.489  0.249 -0.332 -0.007 -0.007  0.282 -0.036  0.282 0.000 0.000
-1.338 -1.489  0.242 -0.318 -0.009 -0.009  0.297 -0.031  0.297 0.000 0.000
-1.354 -1.490  0.237 -0.302 -0.010 -0.010  0.310 -0.026  0.310 0.000 0.000
-1.369 -1.490  0.231 -0.287 -0.012 -0.012  0.321 -0.021  0.321 0.000 0.000
-1.383 -1.491  0.226 -0.270 -0.013 -0.013  0.330 -0.016  0.330 0.000 0.000
-1.396 -1.491  0.221 -0.254 -0.013 -0.013  0.337 -0.011  0.337 0.000 0.000
-1.408 -1.492  0.217 -0.237 -0.014 -0.014  0.341 -0.007  0.341 0.000 0.000
-1.419 -1.493  0.213 -0.220 -0.014 -0.014  0.344 -0.002  0.344 0.000 0.000
-1.430 -1.493  0.209 -0.202 -0.014 -0.014  0.344  0.002  0.344 0.000 0.000
-1.440 -1.494  0.206 -0.185 -0.014 -0.014  0.341  0.006  0.341 0.000 0.000
-1.448 -1.495  0.202 -0.168 -0.013 -0.013  0.336  0.010  0.336 0.000 0.000
-1.456 -1.495  0.200 -0.152 -0.013 -0.013  0.329  0.013  0.329 0.000 0.000
-1.464 -1.496  0.197 -0.135 -0.012 -0.012  0.319  0.016  0.319 0.000 0.000
-1.470 -1.497  0.195 -0.120 -0.011 -0.011  0.307  0.018  0.307 0.000 0.000
-1.476 -1.497  0.193 -0.105 -0.010 -0.010  0.293  0.019  0.293 0.000 0.000
-1.480 -1.498  0.191 -0.090 -0.009 -0.009  0.277  0.021  0.277 0.000 0.000
-1.485 -1.498  0.190 -0.077 -0.008 -0.008  0.259  0.021  0.259 0.000 0.000
-1.488 -1.499  0.189 -0.065 -0.007 -0.007  0.239  0.021  0.239 0.000 0.000
-1.491 -1.499  0.188 -0.053 -0.006 -0.006  0.218  0.021  0.218 0.000 0.000
-1.494 -1.499  0.187 -0.043 -0.005 -0.005  0.195  0.020  0.195 0.000 0.000
-1.495 -1.499  0.186 -0.034 -0.004 -0.004  0.172  0.019  0.172 0.000 0.000
-1.497 -1.500  0.186 -0.026 -0.003 -0.003  0.148  0.017  0.148 0.000 0.000
-1.498 -1.500  0.186 -0.019 -0.002 -0.002  0.125  0.015  0.125 0.000 0.000
-1.499 -1.500  0.185 -0.013 -0.002 -0.002  0.101  0.013  0.101 0.000 0.000
-1.499 -1.500  0.185 -0.009 -0.001 -0.001  0.079  0.010  0.079 0.000 0.000
-1.500 -1.500  0.185 -0.005 -0.001 -0.001  0.058  0.008  0.058 0.000 0.000
-1.500 -1.500  0.185 -0.003 -0.000 -0.000  0.039  0.006  0.039 0.000 0.000
-1.500 -1.500  0.185 -0.001 -0.000 -0.000  0.023  0.003  0.023 0.000 0.000
-1.500 -1.500  0.185 -0.000 -0.000 -0.000  0.011  0.002  0.011 0.000 0.000
-1.500 -1.500  0.185 -0.000 -0.000 -0.000  0.003  0.000  0.003 0.000 0.000
-1.500 -1.500  0.185 -0.000  0.000  0.000 -0.000  0.000 -0.000 0.000 0.000
