-1.000  1.000  0.185  0.000  0.000  0.000  0.000  0.000  0.000 0.000 0.000
-1.000  1.000  0.185  0.000  0.000  0.000  0.000  0.000  0.000 0.000 0.000
-1.000  1.000  0.185  0.000  0.000  0.000  0.000  0.000  0.000 0.000 0.000
-1.000  1.000  0.185  0.000  0.000  0.000  0.000  0.000  0.000 0.000 0.000
-1.000  1.000  0.184  0.000  0.000  0.000  0.000  0.000  0.000 0.000 0.000
-1.000  1.000  0.184  0.000  0.000  0.000  0.000  0.000  0.000 0.000 0.000
-1.000  1.000  0.182  0.000  0.000  0.000  0.000  0.000  0.000 0.000 0.000
-1.000  1.000  0.181  0.000  0.000  0.000  0.000  0.000  0.000 0.000 0.000
-1.000  1.000  0.178  0.000  0.000  0.000  0.000  0.000  0.000 0.000 0.000
-1.000  1.000  0.175  0.000  0.000  0.000  0.000  0.000  0.000 0.000 0.000
-1.000  1.000  0.171  0.000  0.000  0.000  0.000  0.000  0.000 0.000 0.000
-1.000  1.000  0.167  0.000  0.000  0.000  0.000  0.000  0.000 0.000 0.000
-1.000  1.000  0.161  0.000  0.000  0.000  0.000  0.000  0.000 0.000 0.000
-1.000  1.000  0.154  0.000  0.000  0.000  0.000  0.000  0.000 0.000 0.000
-1.000  1.000  0.146  0.000  0.000  0.000  0.000  0.000  0.000 0.000 0.000
-1.000  1.000  0.137  0.000  0.000  0.000  0.000  0.000  0.000 0.000 0.000
-1.000  1.000  0.127  0.000  0.000  0.000  0.000  0.000  0.000 0.000 0.000
-1.000  1.000  0.116  0.000  0.000  0.000  0.000  0.000  0.000 0.000 0.000
-1.000  1.000  0.104  0.000  0.000  0.000  0.000  0.000  0.000 0.000 0.000
-1.000  1.000  0.091  0.000  0.000  0.000  0.000  0.000  0.000 0.000 0.000
-1.000  1.000  0.076  0.000  0.000  0.000  0.000  0.000  0.000 0.000 0.000
-1.000  1.000  0.061  0.000  0.000  0.000  0.000  0.000  0.000 0.000 0.000
-1.000  1.000  0.046  0.000  0.000  0.000  0.000  0.000  0.000 0.000 0.000
-1.000  1.000  0.029  0.000  0.000  0.000  0.000  0.000  0.000 0.000 0.000
-1.000  1.000  0.012  0.000  0.000  0.000  0.000  0.000  0.000 0.000 0.000
-1.000  1.000 -0.005  0.000  0.000  0.000  0.000  0.000  0.000 0.000 0.000
-1.000  1.000 -0.023  0.000  0.000  0.000  0.000  0.000  0.000 0.000 0.000
-1.000  1.000 -0.040  0.000  0.000  0.000  0.000  0.000  0.000 0.000 0.000
-1.000  1.000 -0.057  0.000  0.000  0.000  0.000  0.000  0.000 0.000 0.000
-1.000  1.000 -0.074  0.000  0.000  0.000  0.000  0.000  0.000 0.000 0.000
-1.000  1.000 -0.091  0.000  0.000  0.000  0.000  0.000  0.000 0.000 0.000
-1.000  1.000 -0.106  0.000  0.000  0.000  0.000  0.000  0.000 0.000 0.000
-1.000  1.000 -0.121  0.000  0.000  0.000  0.000  0.000  0.000 0.000 0.000
-1.000  1.000 -0.134  0.000  0.000  0.000  0.000  0.000  0.000 0.000 0.000
-1.000  1.000 -0.146  0.000  0.000  0.000  0.000  0.000  0.000 0.000 0.000
-1.000  1.000 -0.156  0.000  0.000  0.000  0.000  0.000  0.000 0.000 0.000
-1.000  1.000 -0.165  0.000  0.000  0.000  0.000  0.000  0.000 0.000 0.000
-1.000  1.000 -0.171  0.000  0.000  0.000  0.000  0.000  0.000 0.000 0.000
-1.000  1.000 -0.175  0.000  0.000  0.000  0.000  0.000  0.000 0.000 0.000
-1.000  1.000 -0.177  0.000  0.000  0.000  0.000  0.000  0.000 0.000 0.000
-1.000  1.000 -0.177  0.000  0.000  0.000  0.000  0.000  0.000 0.000 0.000
-1.000  1.000 -0.173  0.000  0.000  0.000  0.000  0.000  0.000 0.000 0.000
-1.000  1.000 -0.167  0.000  0.000  0.000  0.000  0.000  0.000 0.000 0.000
-1.000  1.000 -0.158  0.000  0.000  0.000  0.000  0.000  0.000 0.000 0.000
-1.000  1.000 -0.146  0.000  0.000  0.000  0.000  0.000  0.000 0.000 0.000
-1.000  1.000 -0.131  0.000  0.000  0.000  0.000  0.000  0.000 0.000 0.000
-1.000  1.000 -0.112  0.000  0.000  0.000  0.000  0.000  0.000 0.000 0.000
-1.000  1.000 -0.091  0.000  0.000  0.000  0.000  0.000  0.000 0.000 0.000
-1.000  1.000 -0.067  0.000  0.000  0.000  0.000  0.000  0.000 0.000 0.000
-1.000  1.000 -0.039  0.000  0.000  0.000  0.000  0.000  0.000 0.000 0.000
-1.000  1.000 -0.009  0.000  0.000  0.000  0.000  0.000  0.000 0.000 0.000
-1.000  1.000  0.025  0.000  0.000  0.000  0.000  0.000  0.000 0.000 0.000
-1.000  1.000  0.061  0.000  0.000  0.000  0.000  0.000  0.000 0.000 0.000
-1.000  1.000  0.100  0.000  0.000  0.000  0.000  0.000  0.000 0.000 0.000
-1.000  1.000  0.141  0.000  0.000  0.000  0.000  0.000  0.000 0.000 0.000
-1.000  1.000  0.185  0.000  0.000  0.000  0.000  0.000  0.000 0.000 0.000
-1.000  1.000  0.230  0.000  0.000  0.000  0.000  0.000  0.000 0.000 0.000
-1.000  1.000  0.278  0.000  0.000  0.000  0.000  0.000  0.000 0.000 0.000
-1.000  1.000  0.327  0.000  0.000  0.000  0.000  0.000  0.000 0.000 0.000
-1.000  1.000  0.377  0.000  0.000  0.000  0.000  0.000  0.000 0.000 0.000
-1.000  1.000  0.428  0.000  0.000  0.000  0.000  0.000  0.000 0.000 0.000
-1.000  1.000  0.480  0.000  0.000  0.000  0.000  0.000  0.000 0.000 0.000
-1.000  1.000  0.531  0.000  0.000  0.000  0.000  0.000  0.000 0.000 0.000
-1.000  1.000  0.583  0.000  0.000  0.000  0.000  0.000  0.000 0.000 0.000
-1.000  1.000  0.635  0.000  0.000  0.000  0.000  0.000  0.000 0.000 0.000
-1.000  1.000  0.685  0.000  0.000  0.000  0.000  0.000  0.000 0.000 0.000
-1.000  1.000  0.734  0.000  0.000  0.000  0.000  0.000  0.000 0.000 0.000
-1.000  1.000  0.782  0.000  0.000  0.000  0.000  0.000  0.000 0.000 0.000
-1.000  1.000  0.828  0.000  0.000  0.000  0.000  0.000  0.000 0.000 0.000
-1.000  1.000  0.872  0.000  0.000  0.000  0.000  0.000  0.000 0.000 0.000
-1.000  1.000  0.913  0.000  0.000  0.000  0.000  0.000  0.000 0.000 0.000
-1.000  1.000  0.952  0.000  0.000  0.000  0.000  0.000  0.000 0.000 0.000
-1.000  1.000  0.988  0.000  0.000  0.000  0.000  0.000  0.000 0.000 0.000
-1.000  1.000  1.020  0.000  0.000  0.000  0.000  0.000  0.000 0.000 0.000
-1.000  1.000  1.050  0.000  0.000  0.000  0.000  0.000  0.000 0.000 0.000
-1.000  1.000  1.076  0.000  0.000  0.000  0.000  0.000  0.000 0.000 0.000
-1.000  1.000  1.099  0.000  0.000  0.000  0.000  0.000  0.000 0.000 0.000
-1.000  1.000  1.119  0.000  0.000  0.000  0.000  0.000  0.000 0.000 0.000
-1.000  1.000  1.136  0.000  0.000  0.000  0.000  0.000  0.000 0.000 0.000
-1.000  1.000  1.149  0.000  0.000  0.000  0.000  0.000  0.000 0.000 0.000
-1.000  1.000  1.160  0.000  0.000  0.000  0.000  0.000  0.000 0.000 0.000
-1.000  1.000  1.169  0.000  0.000  0.000  0.000  0.000  0.000 0.000 0.000
-1.000  1.000  1.175  0.000  0.000  0.000  0.000  0.000  0.000 0.000 0.000
-1.000  1.000  1.179  0.000  0.000  0.000  0.000  0.000  0.000 0.000 0.000
-1.000  1.000  1.182  0.000  0.000  0.000  0.000  0.000  0.000 0.000 0.000
-1.000  1.000  1.184  0.000  0.000  0.000  0.000  0.000  0.000 0.000 0.000
-1.000  1.000  1.185  0.000  0.000  0.000  0.000  0.000  0.000 0.000 0.000
-1.000  1.000  1.185  0.000  0.000  0.000  0.000  0.000  0.000 0.000 0.000
-1.000  1.000  1.185  0.000  0.000  0.000  0.000  0.000  0.000 0.000 0.000
-1.000  1.000  1.185  0.000  0.000  0.000  0.000  0.000  0.000 0.000 0.000
-1.000  1.000  1.185  0.000  0.000  0.000  0.000  0.000  0.000 0.000 0.000
-1.000  1.000  1.185  0.000  0.000  0.000  0.000  0.000  0.000 0.000 0.000
-1.000  1.000  1.185  0.000  0.000  0.000  0.000  0.000  0.000 0.000 0.000
-1.000  1.000  1.185  0.000  0.000  0.000  0.000  0.000  0.000 0.000 0.000
-1.000  1.000  1.185  0.000  0.000  0.000  0.000  0.000  0.000 0.000 0.000
-1.000  1.000  1.185  0.000  0.000  0.000  0.000  0.000  0.000 0.000 0.000
-1.000  1.000  1.185  0.000  0.000  0.000  0.000  0.000  0.000 0.000 0.000
-1.000  1.000  1.185  0.000  0.000  0.000  0.000  0.000  0.000 0.000 0.000
-1.000  1.000  1.185  0.000  0.000  0.000  0.000  0.000  0.000 0.000 0.000
-1.000  1.000  1.185  0.000  0.000  0.000  0.000  0.000  0.000 0.000 0.000
-1.000  1.000  1.185  0.000  0.000  0.000  0.000  0.000  0.000 0.000 0.000
-1.000  1.000  1.185  0.000  0.000  0.000  0.000  0.000  0.000 0.000 0.000
-1.000  1.000  1.185  0.000  0.000  0.000  0.000  0.000  0.000 0.000 0.000
-1.000  1.000  1.185  0.000  0.000  0.000  0.000  0.000  0.000 0.000 0.000
-1.000  1.000  1.185  0.000  0.000  0.000  0.000  0.000  0.000 0.000 0.000
-1.000  1.000  1.185  0.000  0.000  0.000  0.000  0.000  0.000 0.000 0.000
-1.000  1.000  1.185  0.000  0.000  0.000  0.000  0.000  0.000 0.000 0.000
-1.000  1.000  1.185  0.000  0.000  0.000  0.000  0.000  0.000 0.000 0.000
-1.000  1.000  1.185  0.000  0.000  0.000  0.000  0.000  0.000 0.000 0.000
-1.000  1.000  1.185  0.000  0.000  0.000  0.000  0.000  0.000 0.000 0.000
-1.000  1.000  1.185  0.000  0.000  0.000  0.000  0.000  0.000 0.000 0.000
-1.000  1.000  1.185  0.000  0.000  0.000  0.000  0.000  0.000 0.000 0.000
-1.000  1.000  1.185  0.000  0.000  0.000  0.000  0.000  0.000 0.000 0.000
-1.000  1.000  1.185  0.000  0.000  0.000  0.000  0.000  0.000 0.000 0.000
-1.000  1.000  1.185  0.000  0.000  0.000  0.000  0.000  0.000 0.000 0.000
-1.000  1.000  1.185  0.000  0.000  0.000  0.000  0.000  0.000 0.000 0.000
-1.000  1.000  1.185  0.000  0.000  0.000  0.000  0.000  0.000 0.000 0.000
-1.000  1.000  1.185  0.000  0.000  0.000  0.000  0.000  0.000 0.000 0.000
-1.000  1.000  1.185  0.000  0.000  0.000  0.000  0.000  0.000 0.000 0.000
-1.000  1.000  1.185  0.000  0.000  0.000  0.000  0.000  0.000 0.000 0.000
-1.000  1.000  1.185  0.000  0.000  0.000  0.000  0.000  0.000 0.000 0.000
-1.000  1.000  1.185  0.000  0.000  0.000  0.000  0.000  0.000 0.000 0.000
-1.000  1.000  1.185  0.000  0.000  0.000  0.000  0.000  0.000 0.000 0.000
-1.000  1.000  1.185  0.000  0.000  0.000  0.000  0.000  0.000 0.000 0.000
-1.000  1.000  1.185  0.000  0.000  0.000  0.000  0.000  0.000 0.000 0.000
-1.000  1.000  1.185  0.000  0.000  0.000  0.000  0.000  0.000 0.000 0.000
-1.000  1.000  1.185  0.000  0.000  0.000  0.000  0.000  0.000 0.000 0.000
-1.000  1.000  1.185  0.000  0.000  0.000  0.000  0.000  0.000 0.000 0.000
-1.000  1.000  1.185  0.000  0.000  0.000  0.000  0.000  0.000 0.000 0.000
-1.000  1.000  1.185  0.000  0.000  0.000  0.000  0.000  0.000 0.000 0.000
-1.000  1.000  1.185  0.000  0.000  0.000  0.000  0.000  0.000 0.000 0.000
-1.000  1.000  1.185  0.000  0.000  0.000  0.000  0.000  0.000 0.000 0.000
-1.000  1.000  1.185  0.000  0.000  0.000  0.000  0.000  0.000 0.000 0.000
-1.000  1.000  1.185  0.000  0.000  0.000  0.000  0.000  0.000 0.000 0.000
-1.000  1.000  1.185  0.000  0.000  0.000  0.000  0.000  0.000 0.000 0.000
-1.000  1.000  1.185  0.000  0.000  0.000  0.000  0.000  0.000 0.000 0.000
-1.000  1.000  1.185  0.000  0.000  0.000  0.000  0.000  0.000 0.000 0.000
-1.000  1.000  1.185  0.000  0.000  0.000  0.000  0.000  0.000 0.000 0.000
-1.000  1.000  1.185  0.000  0.000  0.000  0.000  0.000  0.000 0.000 0.000
-1.000  1.000  1.185  0.000  0.000  0.000  0.000  0.000  0.000 0.000 0.000
-1.000  1.000  1.185  0.000  0.000  0.000  0.000  0.000  0.000 0.000 0.000
-1.000  1.000  1.185  0.000  0.000  0.000  0.000  0.000  0.000 0.000 0.000
-1.000  1.000  1.185  0.000  0.000  0.000  0.000  0.000  0.000 0.000 0.000
-1.000  1.000  1.185  0.000  0.000  0.000  0.000  0.000  0.000 0.000 0.000
-1.000  1.000  1.185  0.000  0.000  0.000  0.000  0.000  0.000 0.000 0.000
-1.000  1.000  1.185  0.000  0.000  0.000  0.000  0.000  0.000 0.000 0.000
-1.000  1.000  1.185  0.000  0.000  0.000  0.000  0.000  0.000 0.000 0.000
-1.000  1.000  1.185  0.000  0.000  0.000  0.000  0.000  0.000 0.000 0.000
-1.000  1.000  1.185  0.000  0.000  0.000  0.000  0.000  0.000 0.000 0.000
-1.000  1.000  1.185  0.000  0.000  0.000  0.000  0.000  0.000 0.000 0.000
-1.000  1.000  1.185  0.000  0.000  0.000  0.000  0.000  0.000 0.000 0.000
-1.000  1.000  1.185  0.000  0.000  0.000  0.000  0.000  0.000 0.000 0.000
-1.000  1.000  1.185  0.000  0.000  0.000  0.000  0.000  0.000 0.000 0.000
-1.000  1.000  1.185  0.000  0.000  0.000  0.000  0.000  0.000 0.000 0.000
-1.000  1.000  1.185  0.000  0.000  0.000  0.000  0.000  0.000 0.000 0.000
-1.000  1.000  1.185  0.000  0.000  0.000  0.000  0.000  0.000 0.000 0.000
-1.000  1.000  1.185  0.000  0.000  0.000  0.000  0.000  0.000 0.000 0.000
-1.000  1.000  1.185  0.000  0.000  0.000  0.000  0.000  0.000 0.000 0.000
-1.000  1.000  1.185  0.000  0.000  0.000  0.000  0.000  0.000 0.000 0.000
-1.000  1.000  1.185  0.000  0.000  0.000  0.000  0.000  0.000 0.000 0.000
-1.000  1.000  1.185  0.000  0.000  0.000  0.000  0.000  0.000 0.000 0.000
-1.000  1.000  1.185  0.000  0.000  0.000  0.000  0.000  0.000 0.000 0.000
-1.000  1.000  1.185  0.000  0.000  0.000  0.000  0.000  0.000 0.000 0.000
-1.000  1.000  1.185  0.000  0.000  0.000  0.000  0.000  0.000 0.000 0.000
-1.000  1.000  1.185  0.000  0.000  0.000  0.000  0.000  0.000 0.000 0.000
-1.000  1.000  1.185  0.000  0.000  0.000  0.000  0.000  0.000 0.000 0.000
-1.000  1.000  1.185  0.000  0.000  0.000  0.000  0.000  0.000 0.000 0.000
-1.000  1.000  1.185  0.000  0.000  0.000  0.000  0.000  0.000 0.000 0.000
-1.000  1.000  1.185  0.000  0.000  0.000  0.000  0.000  0.000 0.000 0.000
-1.000  1.000  1.185  0.000  0.000  0.000  0.000  0.000  0.000 0.000 0.000
-1.000  1.000  1.185  0.000  0.000  0.000  0.000  0.000  0.000 0.000 0.000
-1.000  1.000  1.185  0.000  0.000  0.000  0.000  0.000  0.000 0.000 0.000
-1.000  1.000  1.185  0.000  0.000  0.000  0.000  0.000  0.000 0.000 0.000
-1.000  1.000  1.185  0.000  0.000  0.000  0.000  0.000  0.000 0.000 0.000
-1.000  1.000  1.185  0.000  0.000  0.000  0.000  0.000  0.000 0.000 0.000
-1.000  1.000  1.185  0.000  0.000  0.000  0.000  0.000  0.000 0.000 0.000
-1.000  1.000  1.185  0.000  0.000  0.000  0.000  0.000  0.000 0.000 0.000
-1.000  1.000  1.185  0.000  0.000  0.000  0.000  0.000  0.000 0.000 0.000
-1.000  1.000  1.185  0.000  0.000  0.000  0.000  0.000  0.000 0.000 0.000
-1.000  1.000  1.185  0.000  0.000  0.000  0.000  0.000  0.000 0.000 0.000
-1.000  1.000  1.185  0.000  0.000  0.000  0.000  0.000  0.000 0.000 0.000
-1.000  1.000  1.185  0.000  0.000  0.000  0.000  0.000  0.000 0.000 0.000
-1.000  1.000  1.185  0.000  0.000  0.000  0.000  0.000  0.000 0.000 0.000
-1.000  1.000  1.185  0.000  0.000  0.000  0.000  0.000  0.000 0.000 0.000
-1.000  1.000  1.185  0.000  0.000  0.000  0.000  0.000  0.000 0.000 0.000
-1.000  1.000  1.185  0.000  0.000  0.000  0.000  0.000  0.000 0.000 0.000
-1.000  1.000  1.185  0.000  0.000  0.000  0.000  0.000  0.000 0.000 0.000
-1.000  1.000  1.185  0.000  0.000  0.000  0.000  0.000  0.000 0.000 0.000
-1.000  1.000  1.185  0.000  0.000  0.000  0.000  0.000  0.000 0.000 0.000
-1.000  1.000  1.185  0.000  0.000  0.000  0.000  0.000  0.000 0.000 0.000
-1.000  1.000  1.185  0.000  0.000  0.000  0.000  0.000  0.000 0.000 0.000
-1.000  1.000  1.185  0.000  0.000  0.000  0.000  0.000  0.000 0.000 0.000
-1.000  1.000  1.185  0.000  0.000  0.000  0.000  0.000  0.000 0.000 0.000
-1.000  1.000  1.185  0.000  0.000  0.000  0.000  0.000  0.000 0.000 0.000
-1.000  1.000  1.185  0.000  0.000  0.000  0.000  0.000  0.000 0.000 0.000
-1.000  1.000  1.185  0.000  0.000  0.000  0.000  0.000  0.000 0.000 0.000
-1.000  1.000  1.185  0.000  0.000  0.000  0.000  0.000  0.000 0.000 0.000
-1.000  1.000  1.185  0.000  0.000  0.000  0.000  0.000  0.000 0.000 0.000
-1.000  1.000  1.185  0.000  0.000  0.000  0.000  0.000  0.000 0.000 0.000
-1.000  1.000  1.185  0.000  0.000  0.000  0.000  0.000  0.000 0.000 0.000
-1.000  1.000  1.185  0.000  0.000  0.000  0.000  0.000  0.000 0.000 0.000
-1.000  1.000  1.185  0.000  0.000  0.000  0.000  0.000  0.000 0.000 0.000
-1.000  1.000  1.185  0.000  0.000  0.000  0.000  0.000  0.000 0.000 0.000
-1.000  1.000  1.185  0.000  0.000  0.000  0.000  0.000  0.000 0.000 0.000
-1.000  1.000  1.185  0.000  0.000  0.000  0.000  0.000  0.000 0.000 0.000
-1.000  1.000  1.185  0.000  0.000  0.000  0.000  0.000  0.000 0.000 0.000
-1.000  1.000  1.185  0.000  0.000  0.000  0.000  0.000  0.000 0.000 0.000
-1.000  1.000  1.185  0.000  0.000  0.000  0.000  0.000  0.000 0.000 0.000
-1.000  1.000  1.185  0.000  0.000  0.000  0.000  0.000  0.000 0.000 0.000
-1.000  1.000  1.185  0.000  0.000  0.000  0.000  0.000  0.000 0.000 0.000
-1.000  1.000  1.185  0.000  0.000  0.000  0.000  0.000  0.000 0.000 0.000
-1.000  1.000  1.185  0.000  0.000  0.000  0.000  0.000  0.000 0.000 0.000
-1.000  1.000  1.185  0.000  0.000  0.000  0.000  0.000  0.000 0.000 0.000
-1.000  1.000  1.185  0.000  0.000  0.000  0.000  0.000  0.000 0.000 0.000
-1.000  1.000  1.185  0.000  0.000  0.000  0.000  0.000  0.000 0.000 0.000
-1.000  1.000  1.185  0.000  0.000  0.000  0.000  0.000  0.000 0.000 0.000
-1.000  1.000  1.185  0.000  0.000  0.000  0.000  0.000  0.000 0.000 0.000
-1.000  1.000  1.185  0.000  0.000  0.000  0.000  0.000  0.000 0.000 0.000
-1.000  1.000  1.185  0.000  0.000  0.000  0.000  0.000  0.000 0.000 0.000
-1.000  1.000  1.185  0.000  0.000  0.000  0.000  0.000  0.000 0.000 0.000
-1.000  1.000  1.185  0.000  0.000  0.000  0.000  0.000  0.000 0.000 0.000
-1.000  1.000  1.185  0.000  0.000  0.000  0.000  0.000  0.000 0.000 0.000
-1.000  1.000  1.185  0.000  0.000  0.000  0.000  0.000  0.000 0.000 0.000
-1.000  1.000  1.185  0.000  0.000  0.000  0.000  0.000  0.000 0.000 0.000
-1.000  1.000  1.185  0.000  0.000  0.000  0.000  0.000  0.000 0.000 0.000
-1.000  1.000  1.185  0.000  0.000  0.000  0.000  0.000  0.000 0.000 0.000
-1.000  1.000  1.185  0.000  0.000  0.000  0.000  0.000  0.000 0.000 0.000
-1.000  1.000  1.185  0.000  0.000  0.000  0.000  0.000  0.000 0.000 0.000
-1.000  1.000  1.185  0.000  0.000  0.000  0.000  0.000  0.000 0.000 0.000
-1.000  1.000  1.185  0.000  0.000  0.000  0.000  0.000  0.000 0.000 0.000
-1.000  1.000  1.185  0.000  0.000  0.000  0.000  0.000  0.000 0.000 0.000
-1.000  1.000  1.185  0.000  0.000  0.000  0.000  0.000  0.000 0.000 0.000
-1.000  1.000  1.185  0.000  0.000  0.000  0.000  0.000  0.000 0.000 0.000
-1.000  1.000  1.185  0.000  0.000  0.000  0.000  0.000  0.000 0.000 0.000
-1.000  1.000  1.185  0.000  0.000  0.000  0.000  0.000  0.000 0.000 0.000
-1.000  1.000  1.185  0.000  0.000  0.000  0.000  0.000  0.000 0.000 0.000
-1.000  1.000  1.185  0.000  0.000  0.000  0.000  0.000  0.000 0.000 0.000
-1.000  1.000  1.185  0.000  0.000  0.000  0.000  0.000  0.000 0.000 0.000
-1.000  1.000  1.185  0.000  0.000  0.000  0.000  0.000  0.000 0.000 0.000
-1.000  1.000  1.185  0.000  0.000  0.000  0.000  0.000  0.000 0.000 0.000
-1.000  1.000  1.185  0.000  0.000  0.000  0.000  0.000  0.000 0.000 0.000
-1.000  1.000  1.185  0.000  0.000  0.000  0.000  0.000  0.000 0.000 0.000
-1.000  1.000  1.185  0.000  0.000  0.000  0.000  0.000  0.000 0.000 0.000
-1.000  1.000  1.185  0.000  0.000  0.000  0.000  0.000  0.000 0.000 0.000
-1.000  1.000  1.185  0.000  0.000  0.000  0.000  0.000  0.000 0.000 0.000
-1.000  1.000  1.185  0.000  0.000  0.000  0.000  0.000  0.000 0.000 0.000
-1.000  1.000  1.185  0.000  0.000  0.000  0.000  0.000  0.000 0.000 0.000
-1.000  1.000  1.185  0.000  0.000  0.000  0.000  0.000  0.000 0.000 0.000
-1.000  1.000  1.185  0.000  0.000  0.000  0.000  0.000  0.000 0.000 0.000
-1.000  1.000  1.185  0.000  0.000  0.000  0.000  0.000  0.000 0.000 0.000
-1.000  1.000  1.185  0.000  0.000  0.000  0.000  0.000  0.000 0.000 0.000
-1.000  1.000  1.185  0.000  0.000  0.000  0.000  0.000  0.000 0.000 0.000
-1.000  1.000  1.185  0.000  0.000  0.000  0.000  0.000  0.000 0.000 0.000
-1.000  1.000  1.185  0.000  0.000  0.000  0.000  0.000  0.000 0.000 0.000
-1.000  1.000  1.185  0.000  0.000  0.000  0.000  0.000  0.000 0.000 0.000
-1.000  1.000  1.185  0.000  0.000  0.000  0.000  0.000  0.000 0.000 0.000
-1.000  1.000  1.185  0.000  0.000  0.000  0.000  0.000  0.000 0.000 0.000
-1.000  1.000  1.185  0.000  0.000  0.000  0.000  0.000  0.000 0.000 0.000
-1.000  1.000  1.185  0.000  0.000  0.000  0.000  0.000  0.000 0.000 0.000
-1.000  1.000  1.185  0.000  0.000  0.000  0.000  0.000  0.000 0.000 0.000
-1.000  1.000  1.185  0.000  0.000  0.000  0.000  0.000  0.000 0.000 0.000
-1.000  1.000  1.185  0.000  0.000  0.000  0.000  0.000  0.000 0.000 0.000
-1.000  1.000  1.185  0.000  0.000  0.000  0.000  0.000  0.000 0.000 0.000
-1.000  1.000  1.185  0.000  0.000  0.000  0.000  0.000  0.000 0.000 0.000
-1.000  1.000  1.185  0.000  0.000  0.000  0.000  0.000  0.000 0.000 0.000
-1.000  1.000  1.185  0.000  0.000  0.000  0.000  0.000  0.000 0.000 0.000
-1.000  1.000  1.185  0.000  0.000  0.000  0.000  0.000  0.000 0.000 0.000
-1.000  1.000  1.185  0.000  0.000  0.000  0.000  0.000  0.000 0.000 0.000
-1.000  1.000  1.185  0.000  0.000  0.000  0.000  0.000  0.000 0.000 0.000
-1.000  1.000  1.185  0.000  0.000  0.000  0.000  0.000  0.000 0.000 0.000
-1.000  1.000  1.185  0.000  0.000  0.000  0.000  0.000  0.000 0.000 0.000
-1.000  1.000  1.185  0.000  0.000  0.000  0.000  0.000  0.000 0.000 0.000
-1.000  1.000  1.185  0.000  0.000  0.000  0.000  0.000  0.000 0.000 0.000
-1.000  1.000  1.185  0.000  0.000  0.000  0.000  0.000  0.000 0.000 0.000
-1.000  1.000  1.185  0.000  0.000  0.000  0.000  0.000  0.000 0.000 0.000
-1.000  1.000  1.185  0.000  0.000  0.000  0.000  0.000  0.000 0.000 0.000
-1.000  1.000  1.185  0.000  0.000  0.000  0.000  0.000  0.000 0.000 0.000
-1.000  1.000  1.185  0.000  0.000  0.000  0.000  0.000  0.000 0.000 0.000
-1.000  1.000  1.185  0.000  0.000  0.000  0.000  0.000  0.000 0.000 0.000
-1.000  1.000  1.185  0.000  0.000  0.000  0.000  0.000  0.000 0.000 0.000
-1.000  1.000  1.185  0.000  0.000  0.000  0.000  0.000  0.000 0.000 0.000
-1.000  1.000  1.185  0.000  0.000  0.000  0.000  0.000  0.000 0.000 0.000
-1.000  1.000  1.185  0.000  0.000  0.000  0.000  0.000  0.000 0.000 0.000
-1.000  1.000  1.185  0.000  0.000  0.000  0.000  0.000  0.000 0.000 0.000
-1.000  1.000  1.185  0.000  0.000  0.000  0.000  0.000  0.000 0.000 0.000
-1.000  1.000  1.185  0.000  0.000  0.000  0.000  0.000  0.000 0.000 0.000
-1.000  1.000  1.185  0.000  0.000  0.000  0.000  0.000  0.000 0.000 0.000
-1.000  1.000  1.185  0.000  0.000  0.000  0.000  0.000  0.000 0.000 0.000
-1.000  1.000  1.185  0.000  0.000  0.000  0.000  0.000  0.000 0.000 0.000
-1.000  1.000  1.185  0.000  0.000  0.000  0.000  0.000  0.000 0.000 0.000
-1.000  1.000  1.185  0.000 -0.000 -0.000  0.003 -0.001  0.003 0.000 0.000
-1.000  1.000  1.185  0.000 -0.000 -0.000  0.011 -0.004  0.011 0.000 0.000
-1.000  1.000  1.185  0.001 -0.000 -0.000  0.023 -0.010  0.023 0.000 0.000
-1.000  1.000  1.185  0.003 -0.001 -0.001  0.038 -0.016  0.038 0.000 0.000
-1.000  1.000  1.185  0.005 -0.002 -0.002  0.056 -0.025  0.056 0.000 0.000
-0.999  1.000  1.185  0.008 -0.004 -0.004  0.075 -0.035  0.075 0.000 0.000
-0.999  0.999  1.185  0.013 -0.006 -0.006  0.096 -0.046  0.096 0.000 0.000
-0.998  0.999  1.185  0.018 -0.008 -0.008  0.118 -0.059  0.118 0.000 0.000
-0.997  0.999  1.185  0.024 -0.012 -0.012  0.140 -0.072  0.140 0.000 0.000
-0.996  0.998  1.185  0.032 -0.016 -0.016  0.161 -0.086  0.161 0.000 0.000
-0.994  0.997  1.185  0.040 -0.020 -0.020  0.182 -0.101  0.182 0.000 0.000
-0.992  0.996  1.185  0.050 -0.026 -0.026  0.202 -0.117  0.202 0.000 0.000
-0.989  0.994  1.185  0.061 -0.032 -0.032  0.220 -0.132  0.220 0.000 0.000
-0.985  0.993  1.185  0.072 -0.039 -0.039  0.237 -0.148  0.237 0.000 0.000
-0.982  0.991  1.185  0.084 -0.047 -0.047  0.252 -0.164  0.252 0.000 0.000
-0.977  0.988  1.185  0.097 -0.055 -0.055  0.265 -0.180  0.265 0.000 0.000
-0.972  0.985  1.185  0.111 -0.065 -0.065  0.276 -0.196  0.276 0.000 0.000
-0.966  0.982  1.185  0.125 -0.075 -0.075  0.285 -0.211  0.285 0.000 0.000
-0.959  0.978  1.185  0.139 -0.086 -0.086  0.291 -0.226  0.291 0.000 0.000
-0.952  0.973  1.185  0.154 -0.098 -0.098  0.295 -0.241  0.295 0.000 0.000
-0.944  0.968  1.185  0.169 -0.110 -0.110  0.297 -0.254  0.297 0.000 0.000
-0.935  0.962  1.185  0.184 -0.123 -0.123  0.296 -0.267  0.296 0.000 0.000
-0.926  0.955  1.185  0.198 -0.137 -0.137  0.293 -0.279  0.293 0.000 0.000
-0.915  0.948  1.185  0.213 -0.151 -0.151  0.288 -0.290  0.288 0.000 0.000
-0.904  0.940  1.185  0.227 -0.166 -0.166  0.280 -0.300  0.280 0.000 0.000
-0.893  0.932  1.185  0.241 -0.181 -0.181  0.271 -0.308  0.271 0.000 0.000
-0.880  0.922  1.185  0.254 -0.196 -0.196  0.260 -0.315  0.260 0.000 0.000
-0.867  0.912  1.185  0.267 -0.212 -0.212  0.247 -0.321  0.247 0.000 0.000
-0.854  0.901  1.185  0.279 -0.228 -0.228  0.232 -0.326  0.232 0.000 0.000
-0.839  0.889  1.185  0.290 -0.245 -0.245  0.217 -0.329  0.217 0.000 0.000
-0.825  0.877  1.185  0.300 -0.261 -0.261  0.200 -0.330  0.200 0.000 0.000
-0.809  0.863  1.185  0.310 -0.278 -0.278  0.182 -0.330  0.182 0.000 0.000
-0.794  0.849  1.185  0.319 -0.294 -0.294  0.164 -0.328  0.164 0.000 0.000
-0.777  0.834  1.185  0.326 -0.311 -0.311  0.145 -0.325  0.145 0.000 0.000
-0.761  0.818  1.185  0.333 -0.327 -0.327  0.125 -0.320  0.125 0.000 0.000
-0.744  0.801  1.185  0.339 -0.343 -0.343  0.106 -0.313  0.106 0.000 0.000
-0.727  0.784  1.185  0.344 -0.358 -0.358  0.087 -0.304  0.087 0.000 0.000
-0.710  0.765  1.185  0.348 -0.373 -0.373  0.068 -0.294  0.068 0.000 0.000
-0.692  0.746  1.185  0.351 -0.387 -0.387  0.050 -0.282  0.050 0.000 0.000
-0.675  0.727  1.185  0.353 -0.401 -0.401  0.033 -0.268  0.033 0.000 0.000
-0.657  0.706  1.185  0.354 -0.414 -0.414  0.017 -0.253  0.017 0.000 0.000
-0.639  0.685  1.185  0.354 -0.426 -0.426  0.002 -0.236  0.002 0.000 0.000
-0.622  0.663  1.185  0.354 -0.438 -0.438 -0.012 -0.218 -0.012 0.000 0.000
-0.604  0.641  1.185  0.353 -0.448 -0.448 -0.024 -0.198 -0.024 0.000 0.000
-0.586  0.619  1.185  0.352 -0.458 -0.458 -0.035 -0.177 -0.035 0.000 0.000
-0.569  0.596  1.185  0.350 -0.466 -0.466 -0.044 -0.154 -0.044 0.000 0.000
-0.551  0.572  1.185  0.347 -0.473 -0.473 -0.051 -0.130 -0.051 0.000 0.000
-0.534  0.548  1.185  0.345 -0.479 -0.479 -0.056 -0.106 -0.056 0.000 0.000
-0.517  0.524  1.185  0.342 -0.484 -0.484 -0.058 -0.080 -0.058 0.000 0.000
-0.500  0.500  1.185  0.339 -0.487 -0.487 -0.059 -0.053 -0.059 0.000 0.000
-0.483  0.476  1.185  0.336 -0.489 -0.489 -0.058 -0.025 -0.058 0.000 0.000
-0.466  0.451  1.185  0.333 -0.489 -0.489 -0.055  0.003 -0.055 0.000 0.000
-0.450  0.427  1.185  0.330 -0.488 -0.488 -0.051  0.032 -0.051 0.000 0.000
-0.433  0.402  1.185  0.328 -0.486 -0.486 -0.044  0.060 -0.044 0.000 0.000
-0.417  0.378  1.185  0.326 -0.482 -0.482 -0.035  0.089 -0.035 0.000 0.000
-0.401  0.354  1.185  0.324 -0.477 -0.477 -0.026  0.118 -0.026 0.000 0.000
-0.385  0.330  1.185  0.323 -0.471 -0.471 -0.014  0.146 -0.014 0.000 0.000
-0.368  0.307  1.185  0.323 -0.463 -0.463 -0.002  0.174 -0.002 0.000 0.000
-0.352  0.284  1.185  0.323 -0.453 -0.453  0.012  0.202  0.012 0.000 0.000
-0.336  0.262  1.185  0.324 -0.442 -0.442  0.026  0.228  0.026 0.000 0.000
-0.320  0.240  1.185  0.326 -0.430 -0.430  0.041  0.253  0.041 0.000 0.000
-0.303  0.219  1.185  0.328 -0.417 -0.417  0.056  0.277  0.056 0.000 0.000
-0.287  0.198  1.185  0.332 -0.403 -0.403  0.072  0.299  0.072 0.000 0.000
-0.270  0.178  1.185  0.336 -0.387 -0.387  0.087  0.320  0.087 0.000 0.000
-0.253  0.160  1.185  0.340 -0.371 -0.371  0.102  0.339  0.102 0.000 0.000
-0.236  0.141  1.185  0.346 -0.353 -0.353  0.117  0.356  0.117 0.000 0.000
-0.219  0.124  1.185  0.352 -0.335 -0.335  0.131  0.371  0.131 0.000 0.000
-0.201  0.108  1.185  0.359 -0.316 -0.316  0.144  0.384  0.144 0.000 0.000
-0.183  0.093  1.185  0.366 -0.297 -0.297  0.156  0.395  0.156 0.000 0.000
-0.164  0.078  1.185  0.374 -0.277 -0.277  0.166  0.403  0.166 0.000 0.000
-0.145  0.065  1.185  0.383 -0.257 -0.257  0.175  0.408  0.175 0.000 0.000
-0.126  0.053  1.185  0.392 -0.236 -0.236  0.182  0.411  0.182 0.000 0.000
-0.106  0.041  1.185  0.401 -0.216 -0.216  0.188  0.411  0.188 0.000 0.000
-0.086  0.031  1.185  0.411 -0.195 -0.195  0.192  0.409  0.192 0.000 0.000
-0.065  0.022  1.185  0.420 -0.175 -0.175  0.193  0.403  0.193 0.000 0.000
-0.044  0.014  1.185  0.430 -0.155 -0.155  0.193  0.396  0.193 0.000 0.000
-0.022  0.006  1.185  0.440 -0.135 -0.135  0.190  0.386  0.190 0.000 0.000
 0.000 -0.000  1.185  0.449 -0.116 -0.116  0.186  0.373  0.186 0.000 0.000
 0.023 -0.005  1.185  0.458 -0.098 -0.098  0.179  0.358  0.179 0.000 0.000
 0.046 -0.010  1.185  0.467 -0.080 -0.080  0.171  0.341  0.171 0.000 0.000
 0.069 -0.013  1.185  0.475 -0.064 -0.064  0.161  0.322  0.161 0.000 0.000
 0.093 -0.016  1.185  0.483 -0.048 -0.048  0.149  0.301  0.149 0.000 0.000
 0.118 -0.018  1.185  0.490 -0.034 -0.034  0.135  0.279  0.135 0.000 0.000
 0.142 -0.020  1.185  0.496 -0.021 -0.021  0.121  0.255  0.121 0.000 0.000
 0.167 -0.020  1.185  0.502 -0.008 -0.008  0.105  0.230  0.105 0.000 0.000
 0.192 -0.020  1.185  0.507  0.003  0.003  0.088  0.205  0.088 0.000 0.000
 0.218 -0.020  1.185  0.511  0.012  0.012  0.071  0.179  0.071 0.000 0.000
 0.244 -0.019  1.185  0.514  0.020  0.020  0.053  0.153  0.053 0.000 0.000
 0.269 -0.018  1.185  0.516  0.027  0.027  0.035  0.128  0.035 0.000 0.000
 0.295 -0.017  1.185  0.517  0.033  0.033  0.017  0.102  0.017 0.000 0.000
 0.321 -0.015  1.185  0.518  0.038  0.038 -0.001  0.077 -0.001 0.000 0.000
 0.347 -0.013  1.185  0.517  0.041  0.041 -0.017  0.054 -0.017 0.000 0.000
 0.373 -0.011  1.185  0.516  0.043  0.043 -0.034  0.031 -0.034 0.000 0.000
 0.399 -0.009  1.185  0.514  0.044  0.044 -0.049  0.010 -0.049 0.000 0.000
 0.424 -0.006  1.185  0.511  0.044  0.044 -0.062 -0.009 -0.062 0.000 0.000
 0.450 -0.004  1.185  0.508  0.043  0.043 -0.075 -0.027 -0.075 0.000 0.000
 0.475 -0.002  1.185  0.504  0.041  0.041 -0.085 -0.043 -0.085 0.000 0.000
 0.500 -0.000  1.185  0.499  0.039  0.039 -0.094 -0.056 -0.094 0.000 0.000
 0.525  0.002  1.185  0.494  0.036  0.036 -0.101 -0.068 -0.101 0.000 0.000
 0.549  0.004  1.185  0.489  0.032  0.032 -0.106 -0.077 -0.106 0.000 0.000
 0.574  0.005  1.185  0.484  0.028  0.028 -0.110 -0.084 -0.110 0.000 0.000
 0.598  0.006  1.185  0.478  0.024  0.024 -0.111 -0.089 -0.111 0.000 0.000
 0.622  0.007  1.185  0.473  0.019  0.019 -0.110 -0.091 -0.110 0.000 0.000
 0.645  0.008  1.185  0.467  0.015  0.015 -0.108 -0.092 -0.108 0.000 0.000
 0.668  0.009  1.185  0.462  0.010  0.010 -0.103 -0.091 -0.103 0.000 0.000
 0.691  0.009  1.185  0.457  0.006  0.006 -0.097 -0.088 -0.097 0.000 0.000
 0.714  0.010  1.185  0.452  0.001  0.001 -0.089 -0.084 -0.089 0.000 0.000
 0.737  0.010  1.185  0.448 -0.003 -0.003 -0.080 -0.078 -0.080 0.000 0.000
 0.759  0.009  1.185  0.444 -0.006 -0.006 -0.070 -0.071 -0.070 0.000 0.000
 0.781  0.009  1.185  0.441 -0.010 -0.010 -0.058 -0.063 -0.058 0.000 0.000
 0.803  0.008  1.185  0.439 -0.013 -0.013 -0.045 -0.054 -0.045 0.000 0.000
 0.825  0.008  1.185  0.437 -0.015 -0.015 -0.032 -0.045 -0.032 0.000 0.000
 0.847  0.007  1.185  0.435 -0.017 -0.017 -0.018 -0.036 -0.018 0.000 0.000
 0.868  0.006  1.185  0.435 -0.019 -0.019 -0.003 -0.026 -0.003 0.000 0.000
 0.890  0.005  1.185  0.435 -0.020 -0.020  0.011 -0.016  0.011 0.000 0.000
 0.912  0.004  1.185  0.436 -0.020 -0.020  0.026 -0.007  0.026 0.000 0.000
 0.934  0.003  1.185  0.438 -0.020 -0.020  0.040  0.002  0.040 0.000 0.000
 0.956  0.002  1.185  0.440 -0.020 -0.020  0.054  0.011  0.054 0.000 0.000
 0.978  0.001  1.185  0.443 -0.019 -0.019  0.067  0.019  0.067 0.000 0.000
 1.000  0.000  1.185  0.447 -0.018 -0.018  0.080  0.026  0.080 0.000 0.000
 1.022 -0.001  1.185  0.451 -0.017 -0.017  0.091  0.031  0.091 0.000 0.000
 1.045 -0.002  1.185  0.456 -0.015 -0.015  0.102  0.036  0.102 0.000 0.000
 1.068 -0.002  1.185  0.461 -0.013 -0.013  0.110  0.040  0.110 0.000 0.000
 1.091 -0.003  1.185  0.467 -0.011 -0.011  0.118  0.043  0.118 0.000 0.000
 1.115 -0.003  1.185  0.473 -0.009 -0.009  0.123  0.045  0.123 0.000 0.000
 1.139 -0.004  1.185  0.479 -0.007 -0.007  0.127  0.046  0.127 0.000 0.000
 1.163 -0.004  1.185  0.486 -0.004 -0.004  0.129  0.045  0.129 0.000 0.000
 1.187 -0.004  1.185  0.492 -0.002 -0.002  0.129  0.044  0.129 0.000 0.000
 1.212 -0.004  1.185  0.498  0.000  0.000  0.127  0.042  0.127 0.000 0.000
 1.237 -0.004  1.185  0.505  0.002  0.002  0.123  0.040  0.123 0.000 0.000
 1.262 -0.004  1.185  0.511  0.004  0.004  0.116  0.036  0.116 0.000 0.000
 1.288 -0.004  1.185  0.516  0.006  0.006  0.107  0.032  0.107 0.000 0.000
 1.314 -0.004  1.185  0.521  0.007  0.007  0.096  0.028  0.096 0.000 0.000
 1.340 -0.003  1.185  0.526  0.009  0.009  0.083  0.023  0.083 0.000 0.000
 1.366 -0.003  1.185  0.530  0.010  0.010  0.068  0.019  0.068 0.000 0.000
 1.393 -0.002  1.185  0.533  0.010  0.010  0.050  0.014  0.050 0.000 0.000
 1.420 -0.002  1.185  0.535  0.011  0.011  0.031  0.009  0.031 0.000 0.000
 1.446 -0.001  1.185  0.536  0.011  0.011  0.009  0.004  0.009 0.000 0.000
 1.473 -0.001  1.185  0.535  0.011  0.011 -0.014 -0.001 -0.014 0.000 0.000
 1.500 -0.000  1.185  0.534  0.011  0.011 -0.039 -0.005 -0.039 0.000 0.000
 1.527  0.001  1.185  0.532  0.011  0.011 -0.065 -0.009 -0.065 0.000 0.000
 1.553  0.001  1.185  0.528  0.010  0.010 -0.092 -0.013 -0.092 0.000 0.000
 1.579  0.002  1.185  0.522  0.010  0.010 -0.120 -0.016 -0.120 0.000 0.000
 1.605  0.002  1.185  0.516  0.009  0.009 -0.149 -0.018 -0.149 0.000 0.000
 1.631  0.002  1.185  0.507  0.008  0.008 -0.179 -0.020 -0.179 0.000 0.000
 1.656  0.003  1.185  0.498  0.007  0.007 -0.208 -0.022 -0.208 0.000 0.000
 1.681  0.003  1.185  0.487  0.006  0.006 -0.237 -0.023 -0.237 0.000 0.000
 1.705  0.003  1.185  0.474  0.004  0.004 -0.266 -0.023 -0.266 0.000 0.000
 1.728  0.004  1.185  0.460  0.003  0.003 -0.293 -0.023 -0.293 0.000 0.000
 1.751  0.004  1.185  0.445  0.002  0.002 -0.320 -0.023 -0.320 0.000 0.000
 1.773  0.004  1.185  0.428  0.001  0.001 -0.344 -0.022 -0.344 0.000 0.000
 1.793  0.004  1.185  0.410 -0.000 -0.000 -0.367 -0.021 -0.367 0.000 0.000
 1.814  0.004  1.185  0.391 -0.001 -0.001 -0.388 -0.019 -0.388 0.000 0.000
 1.833  0.004  1.185  0.372 -0.002 -0.002 -0.406 -0.017 -0.406 0.000 0.000
 1.851  0.004  1.185  0.351 -0.003 -0.003 -0.422 -0.015 -0.422 0.000 0.000
 1.868  0.003  1.185  0.329 -0.004 -0.004 -0.435 -0.013 -0.435 0.000 0.000
 1.884  0.003  1.185  0.307 -0.004 -0.004 -0.444 -0.011 -0.444 0.000 0.000
 1.898  0.003  1.185  0.285 -0.005 -0.005 -0.450 -0.008 -0.450 0.000 0.000
 1.912  0.003  1.185  0.262 -0.005 -0.005 -0.453 -0.006 -0.453 0.000 0.000
 1.925  0.003  1.185  0.240 -0.005 -0.005 -0.452 -0.003 -0.452 0.000 0.000
 1.936  0.002  1.185  0.217 -0.005 -0.005 -0.447 -0.001 -0.447 0.000 0.000
 1.946  0.002  1.185  0.195 -0.005 -0.005 -0.439  0.002 -0.439 0.000 0.000
 1.956  0.002  1.185  0.174 -0.005 -0.005 -0.427  0.004 -0.427 0.000 0.000
 1.964  0.001  1.185  0.153 -0.005 -0.005 -0.411  0.005 -0.411 0.000 0.000
 1.971  0.001  1.185  0.132 -0.005 -0.005 -0.392  0.007 -0.392 0.000 0.000
 1.977  0.001  1.185  0.113 -0.004 -0.004 -0.370  0.008 -0.370 0.000 0.000
 1.982  0.001  1.185  0.096 -0.004 -0.004 -0.344  0.009 -0.344 0.000 0.000
 1.987  0.001  1.185  0.079 -0.003 -0.003 -0.316  0.009 -0.316 0.000 0.000
 1.990  0.000  1.185  0.064 -0.003 -0.003 -0.286  0.010 -0.286 0.000 0.000
 1.993  0.000  1.185  0.050 -0.002 -0.002 -0.254  0.009 -0.254 0.000 0.000
 1.995  0.000  1.185  0.039 -0.002 -0.002 -0.220  0.009 -0.220 0.000 0.000
 1.997  0.000  1.185  0.028 -0.001 -0.001 -0.186  0.008 -0.186 0.000 0.000
 1.998  0.000  1.185  0.020 -0.001 -0.001 -0.152  0.007 -0.152 0.000 0.000
 1.999  0.000  1.185  0.013 -0.001 -0.001 -0.119  0.006 -0.119 0.000 0.000
 1.999  0.000  1.185  0.008 -0.000 -0.000 -0.088  0.005 -0.088 0.000 0.000
 2.000  0.000  1.185  0.004 -0.000 -0.000 -0.060  0.003 -0.060 0.000 0.000
 2.000  0.000  1.185  0.002 -0.000 -0.000 -0.036  0.002 -0.036 0.000 0.000
 2.000  0.000  1.185  0.001 -0.000 -0.000 -0.017  0.001 -0.017 0.000 0.000
 2.000  0.000  1.185  0.000 -0.000 -0.000 -0.004  0.000 -0.004 0.000 0.000
 2.000  0.000  1.185 -0.000  0.000  0.000  0.000  0.000  0.000 0.000 0.000
 2.000  0.000  1.185  0.000  0.000  0.000  0.000  0.000  0.000 0.000 0.000
 2.000  0.000  1.185  0.000  0.000  0.000  0.000  0.000  0.000 0.000 0.000
 2.000  0.000  1.185  0.000  0.000  0.000  0.000  0.000  0.000 0.000 0.000
 2.000  0.000  1.185  0.000  0.000  0.000  0.000  0.000  0.000 0.000 0.000
 2.000  0.000  1.185  0.000  0.000  0.000  0.000  0.000  0.000 0.000 0.000
 2.000  0.000  1.185  0.000  0.000  0.000  0.000  0.000  0.000 0.000 0.000
 2.000  0.000  1.185  0.000  0.000  0.000  0.000  0.000  0.000 0.000 0.000
 2.000  0.000  1.185  0.000  0.000  0.000  0.000  0.000  0.000 0.000 0.000
 2.000  0.000  1.185  0.000  0.000  0.000  0.000  0.000  0.000 0.000 0.000
 2.000  0.000  1.185  0.000  0.000  0.000  0.000  0.000  0.000 0.000 0.000
 2.000  0.000  1.185  0.000  0.000  0.000  0.000  0.000  0.000 0.000 0.000
 2.000  0.000  1.185  0.000  0.000  0.000  0.000  0.000  0.000 0.000 0.000
 2.000  0.000  1.185  0.000  0.000  0.000  0.000  0.000  0.000 0.000 0.000
 2.000  0.000  1.185  0.000  0.000  0.000  0.000  0.000  0.000 0.000 0.000
 2.000  0.000  1.185  0.000  0.000  0.000  0.000  0.000  0.000 0.000 0.000
 2.000  0.000  1.185  0.000  0.000  0.000  0.000  0.000  0.000 0.000 0.000
 2.000  0.000  1.185  0.000  0.000  0.000  0.000  0.000  0.000 0.000 0.000
 2.000  0.000  1.185  0.000  0.000  0.000  0.000  0.000  0.000 0.000 0.000
 2.000  0.000  1.185  0.000  0.000  0.000  0.000  0.000  0.000 0.000 0.000
 2.000  0.000  1.185  0.000  0.000  0.000  0.000  0.000  0.000 0.000 0.000
 2.000  0.000  1.185  0.000  0.000  0.000  0.000  0.000  0.000 0.000 0.000
 2.000  0.000  1.185  0.000  0.000  0.000  0.000  0.000  0.000 0.000 0.000
 2.000  0.000  1.185  0.000  0.000  0.000  0.000  0.000  0.000 0.000 0.000
 2.000  0.000  1.185  0.000  0.000  0.000  0.000  0.000  0.000 0.000 0.000
 2.000  0.000  1.185  0.000  0.000  0.000  0.000  0.000  0.000 0.000 0.000
 2.000  0.000  1.185  0.000  0.000  0.000  0.000  0.000  0.000 0.000 0.000
 2.000  0.000  1.185  0.000  0.000  0.000  0.000  0.000  0.000 0.000 0.000
 2.000  0.000  1.185  0.000  0.000  0.000  0.000  0.000  0.000 0.000 0.000
 2.000  0.000  1.185  0.000  0.000  0.000  0.000  0.000  0.000 0.000 0.000
 2.000  0.000  1.185  0.000  0.000  0.000  0.000  0.000  0.000 0.000 0.000
 2.000  0.000  1.185  0.000  0.000  0.000  0.000  0.000  0.000 0.000 0.000
 2.000  0.000  1.185  0.000  0.000  0.000  0.000  0.000  0.000 0.000 0.000
 2.000  0.000  1.185  0.000  0.000  0.000  0.000  0.000  0.000 0.000 0.000
 2.000  0.000  1.185  0.000  0.000  0.000  0.000  0.000  0.000 0.000 0.000
 2.000  0.000  1.185  0.000  0.000  0.000  0.000  0.000  0.000 0.000 0.000
 2.000  0.000  1.185  0.000  0.000  0.000  0.000  0.000  0.000 0.000 0.000
 2.000  0.000  1.185  0.000  0.000  0.000  0.000  0.000  0.000 0.000 0.000
 2.000  0.000  1.185  0.000  0.000  0.000  0.000  0.000  0.000 0.000 0.000
 2.000  0.000  1.185  0.000  0.000  0.000  0.000  0.000  0.000 0.000 0.000
 2.000  0.000  1.185  0.000  0.000  0.000  0.000  0.000  0.000 0.000 0.000
 2.000  0.000  1.185  0.000  0.000  0.000  0.000  0.000  0.000 0.000 0.000
 2.000  0.000  1.185  0.000  0.000  0.000  0.000  0.000  0.000 0.000 0.000
 2.000  0.000  1.185  0.000  0.000  0.000  0.000  0.000  0.000 0.000 0.000
 2.000  0.000  1.185  0.000  0.000  0.000  0.000  0.000  0.000 0.000 0.000
 2.000  0.000  1.185  0.000  0.000  0.000  0.000  0.000  0.000 0.000 0.000
 2.000  0.000  1.185  0.000  0.000  0.000  0.000  0.000  0.000 0.000 0.000
 2.000  0.000  1.185  0.000  0.000  0.000  0.000  0.000  0.000 0.000 0.000
 2.000  0.000  1.185  0.000  0.000  0.000  0.000  0.000  0.000 0.000 0.000
 2.000  0.000  1.185  0.000  0.000  0.000  0.000  0.000  0.000 0.000 0.000
 2.000  0.000  1.185  0.000  0.000  0.000  0.000  0.000  0.000 0.000 0.000
 2.000  0.000  1.185  0.000  0.000  0.000  0.000  0.000  0.000 0.000 0.000
 2.000  0.000  1.185  0.000  0.000  0.000  0.000  0.000  0.000 0.000 0.000
 2.000  0.000  1.185  0.000  0.000  0.000  0.000  0.000  0.000 0.000 0.000
 2.000  0.000  1.185  0.000  0.000  0.000  0.000  0.000  0.000 0.000 0.000
 2.000  0.000  1.185  0.000  0.000  0.000  0.000  0.000  0.000 0.000 0.000
 2.000  0.000  1.185  0.000  0.000  0.000  0.000  0.000  0.000 0.000 0.000
 2.000  0.000  1.185  0.000  0.000  0.000  0.000  0.000  0.000 0.000 0.000
 2.000  0.000  1.185  0.000  0.000  0.000  0.000  0.000  0.000 0.000 0.000
 2.000  0.000  1.185  0.000  0.000  0.000  0.000  0.000  0.000 0.000 0.000
 2.000  0.000  1.185  0.000  0.000  0.000  0.000  0.000  0.000 0.000 0.000
 2.000 -0.000  1.185 -0.000 -0.000 -0.000 -0.005 -0.001 -0.005 0.000 0.000
 2.000 -0.000  1.185 -0.001 -0.000 -0.000 -0.018 -0.004 -0.018 0.000 0.000
 2.000 -0.000  1.185 -0.002 -0.000 -0.000 -0.039 -0.009 -0.039 0.000 0.000
 2.000 -0.000  1.185 -0.005 -0.001 -0.001 -0.065 -0.014 -0.065 0.000 0.000
 1.999 -0.000  1.185 -0.009 -0.002 -0.002 -0.094 -0.020 -0.094 0.000 0.000
 1.999 -0.000  1.185 -0.014 -0.003 -0.003 -0.127 -0.025 -0.127 0.000 0.000
 1.998 -0.000  1.185 -0.021 -0.004 -0.004 -0.162 -0.030 -0.162 0.000 0.000
 1.997 -0.001  1.185 -0.030 -0.006 -0.006 -0.197 -0.035 -0.197 0.000 0.000
 1.995 -0.001  1.185 -0.041 -0.008 -0.008 -0.232 -0.038 -0.232 0.000 0.000
 1.993 -0.001  1.185 -0.054 -0.010 -0.010 -0.267 -0.041 -0.267 0.000 0.000
 1.990 -0.002  1.185 -0.068 -0.012 -0.012 -0.299 -0.042 -0.299 0.000 0.000
 1.986 -0.003  1.185 -0.083 -0.014 -0.014 -0.330 -0.042 -0.330 0.000 0.000
 1.981 -0.003  1.185 -0.101 -0.016 -0.016 -0.358 -0.040 -0.358 0.000 0.000
 1.976 -0.004  1.186 -0.119 -0.018 -0.018 -0.382 -0.037 -0.382 0.000 0.000
 1.969 -0.005  1.186 -0.139 -0.020 -0.020 -0.403 -0.033 -0.403 0.000 0.000
 1.962 -0.006  1.186 -0.159 -0.021 -0.021 -0.421 -0.027 -0.421 0.000 0.000
 1.953 -0.007  1.186 -0.181 -0.022 -0.022 -0.435 -0.020 -0.435 0.000 0.000
 1.944 -0.008  1.186 -0.203 -0.023 -0.023 -0.444 -0.012 -0.444 0.000 0.000
 1.933 -0.010  1.186 -0.225 -0.024 -0.024 -0.450 -0.003 -0.450 0.000 0.000
 1.921 -0.011  1.186 -0.248 -0.023 -0.023 -0.452  0.007 -0.452 0.000 0.000
 1.908 -0.012  1.187 -0.270 -0.023 -0.023 -0.449  0.018 -0.449 0.000 0.000
 1.894 -0.013  1.187 -0.293 -0.022 -0.022 -0.443  0.029 -0.443 0.000 0.000
 1.879 -0.014  1.187 -0.314 -0.020 -0.020 -0.433  0.040 -0.433 0.000 0.000
 1.863 -0.015  1.187 -0.336 -0.018 -0.018 -0.420  0.051 -0.420 0.000 0.000
 1.845 -0.016  1.187 -0.356 -0.015 -0.015 -0.404  0.062 -0.404 0.000 0.000
 1.827 -0.017  1.187 -0.376 -0.011 -0.011 -0.385  0.073 -0.385 0.000 0.000
 1.808 -0.017  1.187 -0.395 -0.008 -0.008 -0.363  0.083 -0.363 0.000 0.000
 1.788 -0.017  1.187 -0.412 -0.003 -0.003 -0.338  0.092 -0.338 0.000 0.000
 1.767 -0.017  1.187 -0.429  0.002  0.002 -0.312  0.100 -0.312 0.000 0.000
 1.745 -0.017  1.187 -0.444  0.007  0.007 -0.284  0.106 -0.284 0.000 0.000
 1.722 -0.017  1.187 -0.457  0.012  0.012 -0.255  0.111 -0.255 0.000 0.000
 1.699 -0.016  1.187 -0.469  0.018  0.018 -0.225  0.115 -0.225 0.000 0.000
 1.675 -0.015  1.187 -0.480  0.024  0.024 -0.194  0.116 -0.194 0.000 0.000
 1.651 -0.014  1.187 -0.488  0.029  0.029 -0.164  0.115 -0.164 0.000 0.000
 1.627 -0.012  1.187 -0.496  0.035  0.035 -0.133  0.113 -0.133 0.000 0.000
 1.602 -0.010  1.186 -0.502  0.041  0.041 -0.103  0.107 -0.103 0.000 0.000
 1.576 -0.008  1.186 -0.506  0.046  0.046 -0.074  0.100 -0.074 0.000 0.000
 1.551 -0.005  1.186 -0.509  0.051  0.051 -0.045  0.090 -0.045 0.000 0.000
 1.526 -0.003  1.185 -0.511  0.055  0.055 -0.019  0.078 -0.019 0.000 0.000
 1.500  0.000  1.185 -0.511  0.058  0.058  0.006  0.064  0.006 0.000 0.000
 1.474  0.003  1.185 -0.510  0.061  0.061  0.030  0.047  0.030 0.000 0.000
 1.449  0.006  1.184 -0.508  0.063  0.063  0.051  0.028  0.051 0.000 0.000
 1.424  0.009  1.184 -0.505  0.064  0.064  0.070  0.007  0.070 0.000 0.000
 1.399  0.012  1.183 -0.501  0.064  0.064  0.088 -0.016  0.088 0.000 0.000
 1.374  0.016  1.183 -0.496  0.062  0.062  0.103 -0.040  0.103 0.000 0.000
 1.349  0.019  1.183 -0.491  0.060  0.060  0.115 -0.066  0.115 0.000 0.000
 1.324  0.022  1.182 -0.485  0.056  0.056  0.126 -0.093  0.126 0.000 0.000
 1.300  0.024  1.182 -0.478  0.050  0.050  0.134 -0.120  0.134 0.000 0.000
 1.277  0.027  1.182 -0.471  0.044  0.044  0.141 -0.148  0.141 0.000 0.000
 1.253  0.029  1.182 -0.464  0.036  0.036  0.145 -0.176  0.145 0.000 0.000
 1.230  0.030  1.182 -0.457  0.026  0.026  0.148 -0.204  0.148 0.000 0.000
 1.208  0.031  1.181 -0.450  0.015  0.015  0.148 -0.232  0.148 0.000 0.000
 1.185  0.032  1.181 -0.442  0.003  0.003  0.148 -0.258  0.148 0.000 0.000
 1.163  0.031  1.182 -0.435 -0.011 -0.011  0.145 -0.283  0.145 0.000 0.000
 1.142  0.030  1.182 -0.428 -0.025 -0.025  0.142 -0.307  0.142 0.000 0.000
 1.121  0.029  1.182 -0.421 -0.041 -0.041  0.137 -0.329  0.137 0.000 0.000
 1.100  0.026  1.182 -0.414 -0.058 -0.058  0.132 -0.349  0.132 0.000 0.000
 1.079  0.023  1.183 -0.408 -0.076 -0.076  0.125 -0.367  0.125 0.000 0.000
 1.059  0.019  1.183 -0.401 -0.095 -0.095  0.118 -0.382  0.118 0.000 0.000
 1.039  0.013  1.184 -0.396 -0.115 -0.115  0.111 -0.395  0.111 0.000 0.000
 1.019  0.007  1.184 -0.390 -0.134 -0.134  0.103 -0.404  0.103 0.000 0.000
 1.000 -0.000  1.185 -0.385 -0.155 -0.155  0.095 -0.411  0.095 0.000 0.000
 0.981 -0.008  1.186 -0.381 -0.176 -0.176  0.087 -0.414  0.087 0.000 0.000
 0.962 -0.018  1.187 -0.377 -0.196 -0.196  0.079 -0.414  0.079 0.000 0.000
 0.943 -0.028  1.188 -0.373 -0.217 -0.217  0.071 -0.411  0.071 0.000 0.000
 0.925 -0.039  1.189 -0.370 -0.237 -0.237  0.063 -0.405  0.063 0.000 0.000
 0.906 -0.052  1.190 -0.367 -0.257 -0.257  0.056 -0.396  0.056 0.000 0.000
 0.888 -0.065  1.191 -0.364 -0.277 -0.277  0.049 -0.384  0.049 0.000 0.000
 0.870 -0.079  1.192 -0.362 -0.296 -0.296  0.043 -0.369  0.043 0.000 0.000
 0.852 -0.095  1.193 -0.360 -0.314 -0.314  0.037 -0.352  0.037 0.000 0.000
 0.834 -0.111  1.194 -0.358 -0.331 -0.331  0.032 -0.332  0.032 0.000 0.000
 0.816 -0.128  1.195 -0.357 -0.347 -0.347  0.027 -0.310  0.027 0.000 0.000
 0.798 -0.145  1.196 -0.355 -0.362 -0.362  0.022 -0.286  0.022 0.000 0.000
 0.780 -0.164  1.196 -0.354 -0.375 -0.375  0.019 -0.261  0.019 0.000 0.000
 0.763 -0.183  1.197 -0.353 -0.388 -0.388  0.015 -0.234  0.015 0.000 0.000
 0.745 -0.202  1.198 -0.353 -0.399 -0.399  0.013 -0.206  0.013 0.000 0.000
 0.727 -0.223  1.198 -0.352 -0.408 -0.408  0.010 -0.177  0.010 0.000 0.000
 0.710 -0.243  1.199 -0.352 -0.416 -0.416  0.009 -0.148  0.009 0.000 0.000
 0.692 -0.264  1.199 -0.351 -0.423 -0.423  0.007 -0.119  0.007 0.000 0.000
 0.675 -0.286  1.199 -0.351 -0.428 -0.428  0.006 -0.090  0.006 0.000 0.000
 0.657 -0.307  1.199 -0.351 -0.432 -0.432  0.006 -0.061  0.006 0.000 0.000
 0.640 -0.329  1.198 -0.350 -0.435 -0.435  0.006 -0.033  0.006 0.000 0.000
 0.622 -0.351  1.198 -0.350 -0.436 -0.436  0.006 -0.007  0.006 0.000 0.000
 0.605 -0.372  1.197 -0.350 -0.435 -0.435  0.006  0.019  0.006 0.000 0.000
 0.587 -0.394  1.195 -0.349 -0.434 -0.434  0.007  0.043  0.007 0.000 0.000
 0.570 -0.416  1.194 -0.349 -0.431 -0.431  0.008  0.065  0.008 0.000 0.000
 0.552 -0.437  1.192 -0.349 -0.427 -0.427  0.009  0.086  0.009 0.000 0.000
 0.535 -0.458  1.190 -0.348 -0.422 -0.422  0.010  0.104  0.010 0.000 0.000
 0.517 -0.479  1.188 -0.348 -0.417 -0.417  0.011  0.120  0.011 0.000 0.000
 0.500 -0.500  1.185 -0.347 -0.410 -0.410  0.012  0.134  0.012 0.000 0.000
 0.483 -0.520  1.182 -0.347 -0.403 -0.403  0.013  0.145  0.013 0.000 0.000
 0.465 -0.540  1.179 -0.346 -0.396 -0.396  0.014  0.153  0.014 0.000 0.000
 0.448 -0.560  1.175 -0.345 -0.388 -0.388  0.015  0.159  0.015 0.000 0.000
 0.431 -0.579  1.171 -0.344 -0.380 -0.380  0.016  0.162  0.016 0.000 0.000
 0.414 -0.598  1.167 -0.344 -0.372 -0.372  0.017  0.163  0.017 0.000 0.000
 0.396 -0.616  1.162 -0.343 -0.364 -0.364  0.018  0.162  0.018 0.000 0.000
 0.379 -0.634  1.157 -0.342 -0.356 -0.356  0.019  0.158  0.019 0.000 0.000
 0.362 -0.652  1.152 -0.341 -0.348 -0.348  0.019  0.152  0.019 0.000 0.000
 0.345 -0.669  1.146 -0.340 -0.341 -0.341  0.020  0.144  0.020 0.000 0.000
 0.328 -0.686  1.140 -0.339 -0.334 -0.334  0.020  0.135  0.020 0.000 0.000
 0.311 -0.703  1.134 -0.338 -0.327 -0.327  0.021  0.123  0.021 0.000 0.000
 0.295 -0.719  1.128 -0.337 -0.321 -0.321  0.021  0.110  0.021 0.000 0.000
 0.278 -0.735  1.121 -0.336 -0.316 -0.316  0.021  0.096  0.021 0.000 0.000
 0.261 -0.750  1.115 -0.335 -0.312 -0.312  0.021  0.081  0.021 0.000 0.000
 0.244 -0.766  1.107 -0.334 -0.308 -0.308  0.021  0.066  0.021 0.000 0.000
 0.228 -0.781  1.100 -0.332 -0.305 -0.305  0.021  0.049  0.021 0.000 0.000
 0.211 -0.796  1.093 -0.331 -0.303 -0.303  0.021  0.033  0.021 0.000 0.000
 0.194 -0.811  1.085 -0.330 -0.302 -0.302  0.021  0.016  0.021 0.000 0.000
 0.178 -0.827  1.077 -0.329 -0.302 -0.302  0.021 -0.000  0.021 0.000 0.000
 0.162 -0.842  1.069 -0.328 -0.302 -0.302  0.021 -0.016  0.021 0.000 0.000
 0.145 -0.857  1.061 -0.327 -0.303 -0.303  0.021 -0.031  0.021 0.000 0.000
 0.129 -0.872  1.053 -0.326 -0.305 -0.305  0.021 -0.046  0.021 0.000 0.000
 0.113 -0.887  1.045 -0.325 -0.308 -0.308  0.020 -0.059  0.020 0.000 0.000
 0.096 -0.903  1.036 -0.324 -0.311 -0.311  0.020 -0.071  0.020 0.000 0.000
 0.080 -0.918  1.028 -0.323 -0.315 -0.315  0.020 -0.081  0.020 0.000 0.000
 0.064 -0.934  1.019 -0.322 -0.319 -0.319  0.020 -0.090  0.020 0.000 0.000
 0.048 -0.950  1.011 -0.321 -0.324 -0.324  0.020 -0.097  0.020 0.000 0.000
 0.032 -0.967  1.002 -0.320 -0.329 -0.329  0.020 -0.102  0.020 0.000 0.000
 0.016 -0.983  0.994 -0.319 -0.334 -0.334  0.020 -0.104  0.020 0.000 0.000
-0.000 -1.000  0.985 -0.318 -0.339 -0.339  0.020 -0.105  0.020 0.000 0.000
-0.016 -1.017  0.976 -0.317 -0.344 -0.344  0.020 -0.104  0.020 0.000 0.000
-0.032 -1.034  0.968 -0.316 -0.349 -0.349  0.020 -0.100  0.020 0.000 0.000
-0.047 -1.052  0.959 -0.315 -0.354 -0.354  0.020 -0.094  0.020 0.000 0.000
-0.063 -1.070  0.950 -0.314 -0.359 -0.359  0.020 -0.086  0.020 0.000 0.000
-0.079 -1.088  0.942 -0.313 -0.363 -0.363  0.020 -0.076  0.020 0.000 0.000
-0.095 -1.106  0.933 -0.312 -0.366 -0.366  0.019 -0.064  0.019 0.000 0.000
-0.110 -1.125  0.924 -0.311 -0.369 -0.369  0.019 -0.051  0.019 0.000 0.000
-0.126 -1.143  0.916 -0.310 -0.371 -0.371  0.018 -0.035  0.018 0.000 0.000
-0.141 -1.162  0.907 -0.309 -0.373 -0.373  0.017 -0.018  0.017 0.000 0.000
-0.157 -1.180  0.898 -0.308 -0.373 -0.373  0.016  0.000  0.016 0.000 0.000
-0.172 -1.199  0.890 -0.308 -0.373 -0.373  0.015  0.020  0.015 0.000 0.000
-0.187 -1.218  0.881 -0.307 -0.371 -0.371  0.013  0.040  0.013 0.000 0.000
-0.203 -1.236  0.872 -0.306 -0.369 -0.369  0.011  0.062  0.011 0.000 0.000
-0.218 -1.254  0.863 -0.306 -0.365 -0.365  0.009  0.084  0.009 0.000 0.000
-0.233 -1.273  0.854 -0.305 -0.360 -0.360  0.006  0.106  0.006 0.000 0.000
-0.249 -1.290  0.845 -0.305 -0.354 -0.354  0.003  0.128  0.003 0.000 0.000
-0.264 -1.308  0.836 -0.305 -0.347 -0.347 -0.000  0.151 -0.000 0.000 0.000
-0.279 -1.325  0.827 -0.305 -0.339 -0.339 -0.004  0.173 -0.004 0.000 0.000
-0.294 -1.342  0.818 -0.306 -0.330 -0.330 -0.008  0.194 -0.008 0.000 0.000
-0.310 -1.358  0.809 -0.306 -0.320 -0.320 -0.013  0.215 -0.013 0.000 0.000
-0.325 -1.374  0.799 -0.307 -0.309 -0.309 -0.018  0.235 -0.018 0.000 0.000
-0.340 -1.389  0.790 -0.308 -0.297 -0.297 -0.024  0.253 -0.024 0.000 0.000
-0.356 -1.404  0.780 -0.309 -0.283 -0.283 -0.030  0.270 -0.030 0.000 0.000
-0.371 -1.417  0.770 -0.311 -0.270 -0.270 -0.036  0.286 -0.036 0.000 0.000
-0.387 -1.430  0.760 -0.313 -0.255 -0.255 -0.043  0.300 -0.043 0.000 0.000
-0.403 -1.443  0.750 -0.315 -0.240 -0.240 -0.050  0.312 -0.050 0.000 0.000
-0.418 -1.454  0.739 -0.318 -0.224 -0.224 -0.057  0.322 -0.057 0.000 0.000
-0.434 -1.465  0.729 -0.321 -0.207 -0.207 -0.065  0.330 -0.065 0.000 0.000
-0.450 -1.475  0.718 -0.324 -0.191 -0.191 -0.073  0.335 -0.073 0.000 0.000
-0.467 -1.484  0.707 -0.328 -0.174 -0.174 -0.081  0.339 -0.081 0.000 0.000
-0.483 -1.493  0.696 -0.333 -0.157 -0.157 -0.089  0.340 -0.089 0.000 0.000
-0.500 -1.500  0.685 -0.337 -0.140 -0.140 -0.098  0.338 -0.098 0.000 0.000
-0.517 -1.507  0.674 -0.342 -0.123 -0.123 -0.106  0.334 -0.106 0.000 0.000
-0.534 -1.512  0.662 -0.348 -0.107 -0.107 -0.114  0.328 -0.114 0.000 0.000
-0.552 -1.517  0.650 -0.354 -0.090 -0.090 -0.121  0.320 -0.121 0.000 0.000
-0.570 -1.521  0.638 -0.360 -0.075 -0.075 -0.128  0.310 -0.128 0.000 0.000
-0.588 -1.525  0.626 -0.366 -0.060 -0.060 -0.135  0.297 -0.135 0.000 0.000
-0.606 -1.527  0.614 -0.373 -0.045 -0.045 -0.141  0.283 -0.141 0.000 0.000
-0.625 -1.529  0.601 -0.381 -0.031 -0.031 -0.146  0.267 -0.146 0.000 0.000
-0.644 -1.530  0.589 -0.388 -0.018 -0.018 -0.151  0.250 -0.151 0.000 0.000
-0.664 -1.531  0.576 -0.396 -0.006 -0.006 -0.154  0.231 -0.154 0.000 0.000
-0.684 -1.531  0.563 -0.403  0.005  0.005 -0.156  0.212 -0.156 0.000 0.000
-0.704 -1.531  0.551 -0.411  0.015  0.015 -0.157  0.191 -0.157 0.000 0.000
-0.725 -1.530  0.538 -0.419  0.024  0.024 -0.156  0.170 -0.156 0.000 0.000
-0.746 -1.528  0.525 -0.427  0.032  0.032 -0.154  0.148 -0.154 0.000 0.000
-0.768 -1.526  0.512 -0.434  0.039  0.039 -0.151  0.126 -0.151 0.000 0.000
-0.790 -1.524  0.499 -0.442  0.044  0.044 -0.145  0.104 -0.145 0.000 0.000
-0.812 -1.522  0.486 -0.449  0.049  0.049 -0.138  0.083 -0.138 0.000 0.000
-0.834 -1.519  0.473 -0.456  0.053  0.053 -0.129  0.061 -0.129 0.000 0.000
-0.857 -1.517  0.460 -0.462  0.055  0.055 -0.119  0.041 -0.119 0.000 0.000
-0.881 -1.514  0.447 -0.467  0.057  0.057 -0.106  0.021 -0.106 0.000 0.000
-0.904 -1.511  0.434 -0.472  0.057  0.057 -0.092  0.003 -0.092 0.000 0.000
-0.928 -1.508  0.422 -0.477  0.057  0.057 -0.076 -0.014 -0.076 0.000 0.000
-0.952 -1.505  0.409 -0.480  0.056  0.056 -0.058 -0.030 -0.058 0.000 0.000
-0.976 -1.503  0.397 -0.482  0.054  0.054 -0.038 -0.044 -0.038 0.000 0.000
-1.000 -1.500  0.385 -0.484  0.052  0.052 -0.017 -0.057 -0.017 0.000 0.000
-1.024 -1.497  0.373 -0.484  0.049  0.049  0.006 -0.068  0.006 0.000 0.000
-1.048 -1.495  0.362 -0.483  0.045  0.045  0.030 -0.077  0.030 0.000 0.000
-1.072 -1.493  0.350 -0.481  0.041  0.041  0.055 -0.085  0.055 0.000 0.000
-1.096 -1.491  0.339 -0.478  0.036  0.036  0.081 -0.090  0.081 0.000 0.000
-1.120 -1.489  0.328 -0.473  0.032  0.032  0.108 -0.094  0.108 0.000 0.000
-1.144 -1.488  0.318 -0.467  0.027  0.027  0.135 -0.097  0.135 0.000 0.000
-1.167 -1.487  0.308 -0.459  0.022  0.022  0.162 -0.097  0.162 0.000 0.000
-1.190 -1.486  0.298 -0.451  0.017  0.017  0.189 -0.097  0.189 0.000 0.000
-1.212 -1.485  0.289 -0.441  0.013  0.013  0.216 -0.094  0.216 0.000 0.000
-1.234 -1.484  0.280 -0.429  0.008  0.008  0.243 -0.091  0.243 0.000 0.000
-1.255 -1.484  0.272 -0.416  0.004  0.004  0.268 -0.086  0.268 0.000 0.000
-1.275 -1.484  0.263 -0.402 -0.001 -0.001  0.292 -0.080  0.292 0.000 0.000
-1.295 -1.484  0.256 -0.387 -0.004 -0.004  0.314 -0.073  0.314 0.000 0.000
-1.314 -1.485  0.249 -0.371 -0.008 -0.008  0.335 -0.066  0.335 0.000 0.000
-1.332 -1.485  0.242 -0.354 -0.011 -0.011  0.354 -0.058  0.354 0.000 0.000
-1.349 -1.486  0.235 -0.336 -0.014 -0.014  0.370 -0.049  0.370 0.000 0.000
-1.366 -1.486  0.230 -0.317 -0.016 -0.016  0.384 -0.040  0.384 0.000 0.000
-1.381 -1.487  0.224 -0.297 -0.018 -0.018  0.395 -0.031  0.395 0.000 0.000
-1.395 -1.488  0.219 -0.277 -0.019 -0.019  0.403 -0.023  0.403 0.000 0.000
-1.409 -1.489  0.214 -0.257 -0.020 -0.020  0.409 -0.014  0.409 0.000 0.000
-1.421 -1.490  0.210 -0.236 -0.020 -0.020  0.411 -0.006  0.411 0.000 0.000
-1.432 -1.491  0.206 -0.216 -0.021 -0.021  0.409  0.002  0.409 0.000 0.000
-1.443 -1.492  0.203 -0.196 -0.020 -0.020  0.405  0.009  0.405 0.000 0.000
-1.452 -1.493  0.200 -0.176 -0.020 -0.020  0.397  0.016  0.397 0.000 0.000
-1.460 -1.494  0.197 -0.156 -0.019 -0.019  0.385  0.021  0.385 0.000 0.000
-1.468 -1.495  0.195 -0.137 -0.018 -0.018  0.371  0.026  0.371 0.000 0.000
-1.474 -1.496  0.193 -0.119 -0.016 -0.016  0.353  0.030  0.353 0.000 0.000
-1.479 -1.497  0.191 -0.102 -0.015 -0.015  0.333  0.033  0.333 0.000 0.000
-1.484 -1.497  0.190 -0.086 -0.013 -0.013  0.310  0.034  0.310 0.000 0.000
-1.488 -1.498  0.189 -0.071 -0.011 -0.011  0.284  0.035  0.284 0.000 0.000
-1.491 -1.498  0.188 -0.057 -0.009 -0.009  0.257  0.034  0.257 0.000 0.000
-1.494 -1.499  0.187 -0.045 -0.008 -0.008  0.228  0.033  0.228 0.000 0.000
-1.496 -1.499  0.186 -0.035 -0.006 -0.006  0.198  0.031  0.198 0.000 0.000
-1.497 -1.499  0.186 -0.025 -0.005 -0.005  0.167  0.027  0.167 0.000 0.000
-1.498 -1.500  0.185 -0.018 -0.003 -0.003  0.136  0.024  0.136 0.000 0.000
-1.499 -1.500  0.185 -0.012 -0.002 -0.002  0.107  0.020  0.107 0.000 0.000
-1.500 -1.500  0.185 -0.007 -0.001 -0.001  0.079  0.015  0.079 0.000 0.000
-1.500 -1.500  0.185 -0.004 -0.001 -0.001  0.054  0.011  0.054 0.000 0.000
-1.500 -1.500  0.185 -0.002 -0.000 -0.000  0.032  0.007  0.032 0.000 0.000
-1.500 -1.500  0.185 -0.001 -0.000 -0.000  0.015  0.003  0.015 0.000 0.000
-1.500 -1.500  0.185 -0.000 -0.000 -0.000  0.004  0.001  0.004 0.000 0.000
-1.500 -1.500  0.185 -0.000 -0.000 -0.000  0.000  0.000  0.000 0.000 0.000
