-1.000  1.000  0.185  0.000  0.000  0.000  0.000  0.000  0.000 0.000 0.000
-1.000  1.000  0.185  0.000  0.000  0.000  0.000  0.000  0.000 0.000 0.000
-1.000  1.000  0.185  0.000  0.000  0.000  0.000  0.000  0.000 0.000 0.000
-1.000  1.000  0.185  0.000  0.000  0.000  0.000  0.000  0.000 0.000 0.000
-1.000  1.000  0.184  0.000  0.000  0.000  0.000  0.000  0.000 0.000 0.000
-1.000  1.000  0.184  0.000  0.000  0.000  0.000  0.000  0.000 0.000 0.000
-1.000  1.000  0.182  0.000  0.000  0.000  0.000  0.000  0.000 0.000 0.000
-1.000  1.000  0.181  0.000  0.000  0.000  0.000  0.000  0.000 0.000 0.000
-1.000  1.000  0.178  0.000  0.000  0.000  0.000  0.000  0.000 0.000 0.000
-1.000  1.000  0.175  0.000  0.000  0.000  0.000  0.000  0.000 0.000 0.000
-1.000  1.000  0.171  0.000  0.000  0.000  0.000  0.000  0.000 0.000 0.000
-1.000  1.000  0.167  0.000  0.000  0.000  0.000  0.000  0.000 0.000 0.000
-1.000  1.000  0.161  0.000  0.000  0.000  0.000  0.000  0.000 0.000 0.000
-1.000  1.000  0.154  0.000  0.000  0.000  0.000  0.000  0.000 0.000 0.000
-1.000  1.000  0.146  0.000  0.000  0.000  0.000  0.000  0.000 0.000 0.000
-1.000  1.000  0.137  0.000  0.000  0.000  0.000  0.000  0.000 0.000 0.000
-1.000  1.000  0.127  0.000  0.000  0.000  0.000  0.000  0.000 0.000 0.000
-1.000  1.000  0.116  0.000  0.000  0.000  0.000  0.000  0.000 0.000 0.000
-1.000  1.000  0.104  0.000  0.000  0.000  0.000  0.000  0.000 0.000 0.000
-1.000  1.000  0.091  0.000  0.000  0.000  0.000  0.000  0.000 0.000 0.000
-1.000  1.000  0.076  0.000  0.000  0.000  0.000  0.000  0.000 0.000 0.000
-1.000  1.000  0.061  0.000  0.000  0.000  0.000  0.000  0.000 0.000 0.000
-1.000  1.000  0.046  0.000  0.000  0.000  0.000  0.000  0.000 0.000 0.000
-1.000  1.000  0.029  0.000  0.000  0.000  0.000  0.000  0.000 0.000 0.000
-1.000  1.000  0.012  0.000  0.000  0.000  0.000  0.000  0.000 0.000 0.000
-1.000  1.000 -0.005  0.000  0.000  0.000  0.000  0.000  0.000 0.000 0.000
-1.000  1.000 -0.023  0.000  0.000  0.000  0.000  0.000  0.000 0.000 0.000
-1.000  1.000 -0.040  0.000  0.000  0.000  0.000  0.000  0.000 0.000 0.000
-1.000  1.000 -0.057  0.000  0.000  0.000  0.000  0.000  0.000 0.000 0.000
-1.000  1.000 -0.074  0.000  0.000  0.000  0.000  0.000  0.000 0.000 0.000
-1.000  1.000 -0.091  0.000  0.000  0.000  0.000  0.000  0.000 0.000 0.000
-1.000  1.000 -0.106  0.000  0.000  0.000  0.000  0.000  0.000 0.000 0.000
-1.000  1.000 -0.121  0.000  0.000  0.000  0.000  0.000  0.000 0.000 0.000
-1.000  1.000 -0.134  0.000  0.000  0.000  0.000  0.000  0.000 0.000 0.000
-1.000  1.000 -0.146  0.000  0.000  0.000  0.000  0.000  0.000 0.000 0.000
-1.000  1.000 -0.156  0.000  0.000  0.000  0.000  0.000  0.000 0.000 0.000
-1.000  1.000 -0.165  0.000  0.000  0.000  0.000  0.000  0.000 0.000 0.000
-1.000  1.000 -0.171  0.000  0.000  0.000  0.000  0.000  0.000 0.000 0.000
-1.000  1.000 -0.175  0.000  0.000  0.000  0.000  0.000  0.000 0.000 0.000
-1.000  1.000 -0.177  0.000  0.000  0.000  0.000  0.000  0.000 0.000 0.000
-1.000  1.000 -0.177  0.000  0.000  0.000  0.000  0.000  0.000 0.000 0.000
-1.000  1.000 -0.173  0.000  0.000  0.000  0.000  0.000  0.000 0.000 0.000
-1.000  1.000 -0.167  0.000  0.000  0.000  0.000  0.000  0.000 0.000 0.000
-1.000  1.000 -0.158  0.000  0.000  0.000  0.000  0.000  0.000 0.000 0.000
-1.000  1.000 -0.146  0.000  0.000  0.000  0.000  0.000  0.000 0.000 0.000
-1.000  1.000 -0.131  0.000  0.000  0.000  0.000  0.000  0.000 0.000 0.000
-1.000  1.000 -0.112  0.000  0.000  0.000  0.000  0.000  0.000 0.000 0.000
-1.000  1.000 -0.091  0.000  0.000  0.000  0.000  0.000  0.000 0.000 0.000
-1.000  1.000 -0.067  0.000  0.000  0.000  0.000  0.000  0.000 0.000 0.000
-1.000  1.000 -0.039  0.000  0.000  0.000  0.000  0.000  0.000 0.000 0.000
-1.000  1.000 -0.009  0.000  0.000  0.000  0.000  0.000  0.000 0.000 0.000
-1.000  1.000  0.025  0.000  0.000  0.000  0.000  0.000  0.000 0.000 0.000
-1.000  1.000  0.061  0.000  0.000  0.000  0.000  0.000  0.000 0.000 0.000
-1.000  1.000  0.100  0.000  0.000  0.000  0.000  0.000  0.000 0.000 0.000
-1.000  1.000  0.141  0.000  0.000  0.000  0.000  0.000  0.000 0.000 0.000
-1.000  1.000  0.185  0.000  0.000  0.000  0.000  0.000  0.000 0.000 0.000
-1.000  1.000  0.230  0.000  0.000  0.000  0.000  0.000  0.000 0.000 0.000
-1.000  1.000  0.278  0.000  0.000  0.000  0.000  0.000  0.000 0.000 0.000
-1.000  1.000  0.327  0.000  0.000  0.000  0.000  0.000  0.000 0.000 0.000
-1.000  1.000  0.377  0.000  0.000  0.000  0.000  0.000  0.000 0.000 0.000
-1.000  1.000  0.428  0.000  0.000  0.000  0.000  0.000  0.000 0.000 0.000
-1.000  1.000  0.480  0.000  0.000  0.000  0.000  0.000  0.000 0.000 0.000
-1.000  1.000  0.531  0.000  0.000  0.000  0.000  0.000  0.000 0.000 0.000
-1.000  1.000  0.583  0.000  0.000  0.000  0.000  0.000  0.000 0.000 0.000
-1.000  1.000  0.635  0.000  0.000  0.000  0.000  0.000  0.000 0.000 0.000
-1.000  1.000  0.685  0.000  0.000  0.000  0.000  0.000  0.000 0.000 0.000
-1.000  1.000  0.734  0.000  0.000  0.000  0.000  0.000  0.000 0.000 0.000
-1.000  1.000  0.782  0.000  0.000  0.000  0.000  0.000  0.000 0.000 0.000
-1.000  1.000  0.828  0.000  0.000  0.000  0.000  0.000  0.000 0.000 0.000
-1.000  1.000  0.872  0.000  0.000  0.000  0.000  0.000  0.000 0.000 0.000
-1.000  1.000  0.913  0.000  0.000  0.000  0.000  0.000  0.000 0.000 0.000
-1.000  1.000  0.952  0.000  0.000  0.000  0.000  0.000  0.000 0.000 0.000
-1.000  1.000  0.988  0.000  0.000  0.000  0.000  0.000  0.000 0.000 0.000
-1.000  1.000  1.020  0.000  0.000  0.000  0.000  0.000  0.000 0.000 0.000
-1.000  1.000  1.050  0.000  0.000  0.000  0.000  0.000  0.000 0.000 0.000
-1.000  1.000  1.076  0.000  0.000  0.000  0.000  0.000  0.000 0.000 0.000
-1.000  1.000  1.099  0.000  0.000  0.000  0.000  0.000  0.000 0.000 0.000
-1.000  1.000  1.119  0.000  0.000  0.000  0.000  0.000  0.000 0.000 0.000
-1.000  1.000  1.136  0.000  0.000  0.000  0.000  0.000  0.000 0.000 0.000
-1.000  1.000  1.149  0.000  0.000  0.000  0.000  0.000  0.000 0.000 0.000
-1.000  1.000  1.160  0.000  0.000  0.000  0.000  0.000  0.000 0.000 0.000
-1.000  1.000  1.169  0.000  0.000  0.000  0.000  0.000  0.000 0.000 0.000
-1.000  1.000  1.175  0.000  0.000  0.000  0.000  0.000  0.000 0.000 0.000
-1.000  1.000  1.179  0.000  0.000  0.000  0.000  0.000  0.000 0.000 0.000
-1.000  1.000  1.182  0.000  0.000  0.000  0.000  0.000  0.000 0.000 0.000
-1.000  1.000  1.184  0.000  0.000  0.000  0.000  0.000  0.000 0.000 0.000
-1.000  1.000  1.185  0.000  0.000  0.000  0.000  0.000  0.000 0.000 0.000
-1.000  1.000  1.185  0.000  0.000  0.000  0.000  0.000  0.000 0.000 0.000
-1.000  1.000  1.185  0.000  0.000  0.000  0.000  0.000  0.000 0.000 0.000
-1.000  1.000  1.185  0.000  0.000  0.000  0.000  0.000  0.000 0.000 0.000
-1.000  1.000  1.185  0.000  0.000  0.000  0.000  0.000  0.000 0.000 0.000
-1.000  1.000  1.185  0.000  0.000  0.000  0.000  0.000  0.000 0.000 0.000
-1.000  1.000  1.185  0.000  0.000  0.000  0.000  0.000  0.000 0.000 0.000
-1.000  1.000  1.185  0.000  0.000  0.000  0.000  0.000  0.000 0.000 0.000
-1.000  1.000  1.185  0.000  0.000  0.000  0.000  0.000  0.000 0.000 0.000
-1.000  1.000  1.185  0.000  0.000  0.000  0.000  0.000  0.000 0.000 0.000
-1.000  1.000  1.185  0.000  0.000  0.000  0.000  0.000  0.000 0.000 0.000
-1.000  1.000  1.185  0.000  0.000  0.000  0.000  0.000  0.000 0.000 0.000
-1.000  1.000  1.185  0.000  0.000  0.000  0.000  0.000  0.000 0.000 0.000
-1.000  1.000  1.185  0.000  0.000  0.000  0.000  0.000  0.000 0.000 0.000
-1.000  1.000  1.185  0.000  0.000  0.000  0.000  0.000  0.000 0.000 0.000
-1.000  1.000  1.185  0.000  0.000  0.000  0.000  0.000  0.000 0.000 0.000
-1.000  1.000  1.185  0.000  0.000  0.000  0.000  0.000  0.000 0.000 0.000
-1.000  1.000  1.185  0.000  0.000  0.000  0.000  0.000  0.000 0.000 0.000
-1.000  1.000  1.185  0.000  0.000  0.000  0.000  0.000  0.000 0.000 0.000
-1.000  1.000  1.185  0.000  0.000  0.000  0.000  0.000  0.000 0.000 0.000
-1.000  1.000  1.185  0.000  0.000  0.000  0.000  0.000  0.000 0.000 0.000
-1.000  1.000  1.185  0.000  0.000  0.000  0.000  0.000  0.000 0.000 0.000
-1.000  1.000  1.185  0.000  0.000  0.000  0.000  0.000  0.000 0.000 0.000
-1.000  1.000  1.185  0.000  0.000  0.000  0.000  0.000  0.000 0.000 0.000
-1.000  1.000  1.185  0.000  0.000  0.000  0.000  0.000  0.000 0.000 0.000
-1.000  1.000  1.185  0.000  0.000  0.000  0.000  0.000  0.000 0.000 0.000
-1.000  1.000  1.185  0.000  0.000  0.000  0.000  0.000  0.000 0.000 0.000
-1.000  1.000  1.185  0.000  0.000  0.000  0.000  0.000  0.000 0.000 0.000
-1.000  1.000  1.185  0.000  0.000  0.000  0.000  0.000  0.000 0.000 0.000
-1.000  1.000  1.185  0.000  0.000  0.000  0.000  0.000  0.000 0.000 0.000
-1.000  1.000  1.185  0.000  0.000  0.000  0.000  0.000  0.000 0.000 0.000
-1.000  1.000  1.185  0.000  0.000  0.000  0.000  0.000  0.000 0.000 0.000
-1.000  1.000  1.185  0.000  0.000  0.000  0.000  0.000  0.000 0.000 0.000
-1.000  1.000  1.185  0.000  0.000  0.000  0.000  0.000  0.000 0.000 0.000
-1.000  1.000  1.185  0.000  0.000  0.000  0.000  0.000  0.000 0.000 0.000
-1.000  1.000  1.185  0.000  0.000  0.000  0.000  0.000  0.000 0.000 0.000
-1.000  1.000  1.185  0.000  0.000  0.000  0.000  0.000  0.000 0.000 0.000
-1.000  1.000  1.185  0.000  0.000  0.000  0.000  0.000  0.000 0.000 0.000
-1.000  1.000  1.185  0.000  0.000  0.000  0.000  0.000  0.000 0.000 0.000
-1.000  1.000  1.185  0.000  0.000  0.000  0.000  0.000  0.000 0.000 0.000
-1.000  1.000  1.185  0.000  0.000  0.000  0.000  0.000  0.000 0.000 0.000
-1.000  1.000  1.185  0.000  0.000  0.000  0.000  0.000  0.000 0.000 0.000
-1.000  1.000  1.185  0.000  0.000  0.000  0.000  0.000  0.000 0.000 0.000
-1.000  1.000  1.185  0.000  0.000  0.000  0.000  0.000  0.000 0.000 0.000
-1.000  1.000  1.185  0.000  0.000  0.000  0.000  0.000  0.000 0.000 0.000
-1.000  1.000  1.185  0.000  0.000  0.000  0.000  0.000  0.000 0.000 0.000
-1.000  1.000  1.185  0.000  0.000  0.000  0.000  0.000  0.000 0.000 0.000
-1.000  1.000  1.185  0.000  0.000  0.000  0.000  0.000  0.000 0.000 0.000
-1.000  1.000  1.185  0.000  0.000  0.000  0.000  0.000  0.000 0.000 0.000
-1.000  1.000  1.185  0.000  0.000  0.000  0.000  0.000  0.000 0.000 0.000
-1.000  1.000  1.185  0.000  0.000  0.000  0.000  0.000  0.000 0.000 0.000
-1.000  1.000  1.185  0.000  0.000  0.000  0.000  0.000  0.000 0.000 0.000
-1.000  1.000  1.185  0.000  0.000  0.000  0.000  0.000  0.000 0.000 0.000
-1.000  1.000  1.185  0.000  0.000  0.000  0.000  0.000  0.000 0.000 0.000
-1.000  1.000  1.185  0.000  0.000  0.000  0.000  0.000  0.000 0.000 0.000
-1.000  1.000  1.185  0.000  0.000  0.000  0.000  0.000  0.000 0.000 0.000
-1.000  1.000  1.185  0.000  0.000  0.000  0.000  0.000  0.000 0.000 0.000
-1.000  1.000  1.185  0.000  0.000  0.000  0.000  0.000  0.000 0.000 0.000
-1.000  1.000  1.185  0.000  0.000  0.000  0.000  0.000  0.000 0.000 0.000
-1.000  1.000  1.185  0.000  0.000  0.000  0.000  0.000  0.000 0.000 0.000
-1.000  1.000  1.185  0.000  0.000  0.000  0.000  0.000  0.000 0.000 0.000
-1.000  1.000  1.185  0.000  0.000  0.000  0.000  0.000  0.000 0.000 0.000
-1.000  1.000  1.185  0.000  0.000  0.000  0.000  0.000  0.000 0.000 0.000
-1.000  1.000  1.185  0.000  0.000  0.000  0.000  0.000  0.000 0.000 0.000
-1.000  1.000  1.185  0.000  0.000  0.000  0.000  0.000  0.000 0.000 0.000
-1.000  1.000  1.185  0.000  0.000  0.000  0.000  0.000  0.000 0.000 0.000
-1.000  1.000  1.185  0.000  0.000  0.000  0.000  0.000  0.000 0.000 0.000
-1.000  1.000  1.185  0.000  0.000  0.000  0.000  0.000  0.000 0.000 0.000
-1.000  1.000  1.185  0.000  0.000  0.000  0.000  0.000  0.000 0.000 0.000
-1.000  1.000  1.185  0.000  0.000  0.000  0.000  0.000  0.000 0.000 0.000
-1.000  1.000  1.185  0.000  0.000  0.000  0.000  0.000  0.000 0.000 0.000
-1.000  1.000  1.185  0.000  0.000  0.000  0.000  0.000  0.000 0.000 0.000
-1.000  1.000  1.185  0.000  0.000  0.000  0.000  0.000  0.000 0.000 0.000
-1.000  1.000  1.185  0.000  0.000  0.000  0.000  0.000  0.000 0.000 0.000
-1.000  1.000  1.185  0.000  0.000  0.000  0.000  0.000  0.000 0.000 0.000
-1.000  1.000  1.185  0.000  0.000  0.000  0.000  0.000  0.000 0.000 0.000
-1.000  1.000  1.185  0.000  0.000  0.000  0.000  0.000  0.000 0.000 0.000
-1.000  1.000  1.185  0.000  0.000  0.000  0.000  0.000  0.000 0.000 0.000
-1.000  1.000  1.185  0.000  0.000  0.000  0.000  0.000  0.000 0.000 0.000
-1.000  1.000  1.185  0.000  0.000  0.000  0.000  0.000  0.000 0.000 0.000
-1.000  1.000  1.185  0.000  0.000  0.000  0.000  0.000  0.000 0.000 0.000
-1.000  1.000  1.185  0.000  0.000  0.000  0.000  0.000  0.000 0.000 0.000
-1.000  1.000  1.185  0.000  0.000  0.000  0.000  0.000  0.000 0.000 0.000
-1.000  1.000  1.185  0.000  0.000  0.000  0.000  0.000  0.000 0.000 0.000
-1.000  1.000  1.185  0.000  0.000  0.000  0.000  0.000  0.000 0.000 0.000
-1.000  1.000  1.185  0.000  0.000  0.000  0.000  0.000  0.000 0.000 0.000
-1.000  1.000  1.185  0.000  0.000  0.000  0.000  0.000  0.000 0.000 0.000
-1.000  1.000  1.185  0.000  0.000  0.000  0.000  0.000  0.000 0.000 0.000
-1.000  1.000  1.185  0.000  0.000  0.000  0.000  0.000  0.000 0.000 0.000
-1.000  1.000  1.185  0.000  0.000  0.000  0.000  0.000  0.000 0.000 0.000
-1.000  1.000  1.185  0.000  0.000  0.000  0.000  0.000  0.000 0.000 0.000
-1.000  1.000  1.185  0.000  0.000  0.000  0.000  0.000  0.000 0.000 0.000
-1.000  1.000  1.185  0.000  0.000  0.000  0.000  0.000  0.000 0.000 0.000
-1.000  1.000  1.185  0.000  0.000  0.000  0.000  0.000  0.000 0.000 0.000
-1.000  1.000  1.185  0.000  0.000  0.000  0.000  0.000  0.000 0.000 0.000
-1.000  1.000  1.185  0.000  0.000  0.000  0.000  0.000  0.000 0.000 0.000
-1.000  1.000  1.185  0.000  0.000  0.000  0.000  0.000  0.000 0.000 0.000
-1.000  1.000  1.185  0.000  0.000  0.000  0.000  0.000  0.000 0.000 0.000
-1.000  1.000  1.185  0.000  0.000  0.000  0.000  0.000  0.000 0.000 0.000
-1.000  1.000  1.185  0.000  0.000  0.000  0.000  0.000  0.000 0.000 0.000
-1.000  1.000  1.185  0.000  0.000  0.000  0.000  0.000  0.000 0.000 0.000
-1.000  1.000  1.185  0.000  0.000  0.000  0.000  0.000  0.000 0.000 0.000
-1.000  1.000  1.185  0.000  0.000  0.000  0.000  0.000  0.000 0.000 0.000
-1.000  1.000  1.185  0.000  0.000  0.000  0.000  0.000  0.000 0.000 0.000
-1.000  1.000  1.185  0.000  0.000  0.000  0.000  0.000  0.000 0.000 0.000
-1.000  1.000  1.185  0.000  0.000  0.000  0.000  0.000  0.000 0.000 0.000
-1.000  1.000  1.185  0.000  0.000  0.000  0.000  0.000  0.000 0.000 0.000
-1.000  1.000  1.185  0.000  0.000  0.000  0.000  0.000  0.000 0.000 0.000
-1.000  1.000  1.185  0.000  0.000  0.000  0.000  0.000  0.000 0.000 0.000
-1.000  1.000  1.185  0.000  0.000  0.000  0.000  0.000  0.000 0.000 0.000
-1.000  1.000  1.185  0.000  0.000  0.000  0.000  0.000  0.000 0.000 0.000
-1.000  1.000  1.185  0.000  0.000  0.000  0.000  0.000  0.000 0.000 0.000
-1.000  1.000  1.185  0.000  0.000  0.000  0.000  0.000  0.000 0.000 0.000
-1.000  1.000  1.185  0.000  0.000  0.000  0.000  0.000  0.000 0.000 0.000
-1.000  1.000  1.185  0.000  0.000  0.000  0.000  0.000  0.000 0.000 0.000
-1.000  1.000  1.185  0.000  0.000  0.000  0.000  0.000  0.000 0.000 0.000
-1.000  1.000  1.185  0.000  0.000  0.000  0.000  0.000  0.000 0.000 0.000
-1.000  1.000  1.185  0.000  0.000  0.000  0.000  0.000  0.000 0.000 0.000
-1.000  1.000  1.185  0.000  0.000  0.000  0.000  0.000  0.000 0.000 0.000
-1.000  1.000  1.185  0.000  0.000  0.000  0.000  0.000  0.000 0.000 0.000
-1.000  1.000  1.185  0.000  0.000  0.000  0.000  0.000  0.000 0.000 0.000
-1.000  1.000  1.185  0.000  0.000  0.000  0.000  0.000  0.000 0.000 0.000
-1.000  1.000  1.185  0.000  0.000  0.000  0.000  0.000  0.000 0.000 0.000
-1.000  1.000  1.185  0.000  0.000  0.000  0.000  0.000  0.000 0.000 0.000
-1.000  1.000  1.185  0.000  0.000  0.000  0.000  0.000  0.000 0.000 0.000
-1.000  1.000  1.185  0.000  0.000  0.000  0.000  0.000  0.000 0.000 0.000
-1.000  1.000  1.185  0.000  0.000  0.000  0.000  0.000  0.000 0.000 0.000
-1.000  1.000  1.185  0.000  0.000  0.000  0.000  0.000  0.000 0.000 0.000
-1.000  1.000  1.185  0.000  0.000  0.000  0.000  0.000  0.000 0.000 0.000
-1.000  1.000  1.185  0.000  0.000  0.000  0.000  0.000  0.000 0.000 0.000
-1.000  1.000  1.185  0.000  0.000  0.000  0.000  0.000  0.000 0.000 0.000
-1.000  1.000  1.185  0.000  0.000  0.000  0.000  0.000  0.000 0.000 0.000
-1.000  1.000  1.185  0.000  0.000  0.000  0.000  0.000  0.000 0.000 0.000
-1.000  1.000  1.185  0.000  0.000  0.000  0.000  0.000  0.000 0.000 0.000
-1.000  1.000  1.185  0.000  0.000  0.000  0.000  0.000  0.000 0.000 0.000
-1.000  1.000  1.185  0.000  0.000  0.000  0.000  0.000  0.000 0.000 0.000
-1.000  1.000  1.185  0.000  0.000  0.000  0.000  0.000  0.000 0.000 0.000
-1.000  1.000  1.185  0.000  0.000  0.000  0.000  0.000  0.000 0.000 0.000
-1.000  1.000  1.185  0.000  0.000  0.000  0.000  0.000  0.000 0.000 0.000
-1.000  1.000  1.185  0.000  0.000  0.000  0.000  0.000  0.000 0.000 0.000
-1.000  1.000  1.185  0.000  0.000  0.000  0.000  0.000  0.000 0.000 0.000
-1.000  1.000  1.185  0.000  0.000  0.000  0.000  0.000  0.000 0.000 0.000
-1.000  1.000  1.185  0.000  0.000  0.000  0.000  0.000  0.000 0.000 0.000
-1.000  1.000  1.185  0.000  0.000  0.000  0.000  0.000  0.000 0.000 0.000
-1.000  1.000  1.185  0.000  0.000  0.000  0.000  0.000  0.000 0.000 0.000
-1.000  1.000  1.185  0.000  0.000  0.000  0.000  0.000  0.000 0.000 0.000
-1.000  1.000  1.185  0.000  0.000  0.000  0.000  0.000  0.000 0.000 0.000
-1.000  1.000  1.185  0.000  0.000  0.000  0.000  0.000  0.000 0.000 0.000
-1.000  1.000  1.185  0.000  0.000  0.000  0.000  0.000  0.000 0.000 0.000
-1.000  1.000  1.185  0.000  0.000  0.000  0.000  0.000  0.000 0.000 0.000
-1.000  1.000  1.185  0.000  0.000  0.000  0.000  0.000  0.000 0.000 0.000
-1.000  1.000  1.185  0.000  0.000  0.000  0.000  0.000  0.000 0.000 0.000
-1.000  1.000  1.185  0.000  0.000  0.000  0.000  0.000  0.000 0.000 0.000
-1.000  1.000  1.185  0.000  0.000  0.000  0.000  0.000  0.000 0.000 0.000
-1.000  1.000  1.185  0.000  0.000  0.000  0.000  0.000  0.000 0.000 0.000
-1.000  1.000  1.185  0.000  0.000  0.000  0.000  0.000  0.000 0.000 0.000
-1.000  1.000  1.185  0.000  0.000  0.000  0.000  0.000  0.000 0.000 0.000
-1.000  1.000  1.185  0.000  0.000  0.000  0.000  0.000  0.000 0.000 0.000
-1.000  1.000  1.185  0.000  0.000  0.000  0.000  0.000  0.000 0.000 0.000
-1.000  1.000  1.185  0.000  0.000  0.000  0.000  0.000  0.000 0.000 0.000
-1.000  1.000  1.185  0.000  0.000  0.000  0.000  0.000  0.000 0.000 0.000
-1.000  1.000  1.185  0.000  0.000  0.000  0.000  0.000  0.000 0.000 0.000
-1.000  1.000  1.185  0.000  0.000  0.000  0.000  0.000  0.000 0.000 0.000
-1.000  1.000  1.185  0.000  0.000  0.000  0.000  0.000  0.000 0.000 0.000
-1.000  1.000  1.185  0.000  0.000  0.000  0.000  0.000  0.000 0.000 0.000
-1.000  1.000  1.185  0.000  0.000  0.000  0.000  0.000  0.000 0.000 0.000
-1.000  1.000  1.185  0.000  0.000  0.000  0.000  0.000  0.000 0.000 0.000
-1.000  1.000  1.185  0.000  0.000  0.000  0.000  0.000  0.000 0.000 0.000
-1.000  1.000  1.185  0.000  0.000  0.000  0.000  0.000  0.000 0.000 0.000
-1.000  1.000  1.185  0.000  0.000  0.000  0.000  0.000  0.000 0.000 0.000
-1.000  1.000  1.185  0.000  0.000  0.000  0.000  0.000  0.000 0.000 0.000
-1.000  1.000  1.185  0.000  0.000  0.000  0.000  0.000  0.000 0.000 0.000
-1.000  1.000  1.185  0.000  0.000  0.000  0.000  0.000  0.000 0.000 0.000
-1.000  1.000  1.185  0.000  0.000  0.000  0.000  0.000  0.000 0.000 0.000
-1.000  1.000  1.185  0.000  0.000  0.000  0.000  0.000  0.000 0.000 0.000
-1.000  1.000  1.185  0.000  0.000  0.000  0.000  0.000  0.000 0.000 0.000
-1.000  1.000  1.185  0.000  0.000  0.000  0.000  0.000  0.000 0.000 0.000
-1.000  1.000  1.185  0.000  0.000  0.000  0.000  0.000  0.000 0.000 0.000
-1.000  1.000  1.185  0.000  0.000  0.000  0.000  0.000  0.000 0.000 0.000
-1.000  1.000  1.185  0.000  0.000  0.000  0.000  0.000  0.000 0.000 0.000
-1.000  1.000  1.185  0.000  0.000  0.000  0.000  0.000  0.000 0.000 0.000
-1.000  1.000  1.185  0.000  0.000  0.000  0.000  0.000  0.000 0.000 0.000
-1.000  1.000  1.185  0.000  0.000  0.000  0.000  0.000  0.000 0.000 0.000
-1.000  1.000  1.185  0.000  0.000  0.000  0.000  0.000  0.000 0.000 0.000
-1.000  1.000  1.185  0.000  0.000  0.000  0.000  0.000  0.000 0.000 0.000
-1.000  1.000  1.185  0.000  0.000  0.000  0.000  0.000  0.000 0.000 0.000
-1.000  1.000  1.185  0.000  0.000  0.000  0.000  0.000  0.000 0.000 0.000
-1.000  1.000  1.185  0.000  0.000  0.000  0.000  0.000  0.000 0.000 0.000
-1.000  1.000  1.185  0.000  0.000  0.000  0.000  0.000  0.000 0.000 0.000
-1.000  1.000  1.185  0.000  0.000  0.000  0.000  0.000  0.000 0.000 0.000
-1.000  1.000  1.185  0.000  0.000  0.000  0.000  0.000  0.000 0.000 0.000
-1.000  1.000  1.185  0.000  0.000  0.000  0.000  0.000  0.000 0.000 0.000
-1.000  1.000  1.185  0.000  0.000  0.000  0.000  0.000  0.000 0.000 0.000
-1.000  1.000  1.185  0.000  0.000  0.000  0.000  0.000  0.000 0.000 0.000
-1.000  1.000  1.185  0.000  0.000  0.000  0.000  0.000  0.000 0.000 0.000
-1.000  1.000  1.185  0.000  0.000  0.000  0.000  0.000  0.000 0.000 0.000
-1.000  1.000  1.185  0.000  0.000  0.000  0.000  0.000  0.000 0.000 0.000
-1.000  1.000  1.185  0.000  0.000  0.000  0.000  0.000  0.000 0.000 0.000
-1.000  1.000  1.185  0.000  0.000  0.000  0.000  0.000  0.000 0.000 0.000
-1.000  1.000  1.185  0.000  0.000  0.000  0.000  0.000  0.000 0.000 0.000
-1.000  1.000  1.185  0.000  0.000  0.000  0.000  0.000  0.000 0.000 0.000
-1.000  1.000  1.185  0.000  0.000  0.000  0.000  0.000  0.000 0.000 0.000
-1.000  1.000  1.185  0.000  0.000  0.000  0.000  0.000  0.000 0.000 0.000
-1.000  1.000  1.185  0.000  0.000  0.000  0.000  0.000  0.000 0.000 0.000
-1.000  1.000  1.185  0.000 -0.000 -0.000  0.008 -0.007  0.008 0.000 0.000
-1.000  1.000  1.185  0.001 -0.001 -0.001  0.029 -0.026  0.029 0.000 0.000
-1.000  1.000  1.185  0.003 -0.003 -0.003  0.061 -0.055  0.061 0.000 0.000
-1.000  1.000  1.185  0.007 -0.007 -0.007  0.101 -0.092  0.101 0.000 0.000
-0.999  0.999  1.185  0.013 -0.012 -0.012  0.147 -0.134  0.147 0.000 0.000
-0.998  0.998  1.185  0.022 -0.020 -0.020  0.196 -0.180  0.196 0.000 0.000
-0.997  0.997  1.185  0.033 -0.030 -0.030  0.246 -0.227  0.246 0.000 0.000
-0.995  0.995  1.185  0.047 -0.043 -0.043  0.297 -0.275  0.297 0.000 0.000
-0.992  0.993  1.185  0.063 -0.058 -0.058  0.346 -0.322  0.346 0.000 0.000
-0.989  0.990  1.185  0.081 -0.075 -0.075  0.392 -0.367  0.392 0.000 0.000
-0.984  0.985  1.185  0.102 -0.094 -0.094  0.435 -0.409  0.435 0.000 0.000
-0.978  0.980  1.185  0.125 -0.116 -0.116  0.472 -0.447  0.472 0.000 0.000
-0.972  0.974  1.185  0.149 -0.139 -0.139  0.504 -0.481  0.504 0.000 0.000
-0.963  0.966  1.185  0.175 -0.164 -0.164  0.530 -0.509  0.530 0.000 0.000
-0.954  0.957  1.185  0.202 -0.190 -0.190  0.549 -0.532  0.549 0.000 0.000
-0.943  0.947  1.185  0.230 -0.217 -0.217  0.562 -0.549  0.562 0.000 0.000
-0.931  0.936  1.185  0.258 -0.245 -0.245  0.568 -0.560  0.568 0.000 0.000
-0.917  0.923  1.185  0.286 -0.273 -0.273  0.567 -0.565  0.567 0.000 0.000
-0.902  0.908  1.185  0.315 -0.301 -0.301  0.559 -0.564  0.559 0.000 0.000
-0.886  0.893  1.185  0.342 -0.329 -0.329  0.544 -0.557  0.544 0.000 0.000
-0.868  0.875  1.185  0.369 -0.357 -0.357  0.523 -0.544  0.523 0.000 0.000
-0.849  0.857  1.185  0.394 -0.383 -0.383  0.497 -0.525  0.497 0.000 0.000
-0.829  0.837  1.185  0.418 -0.409 -0.409  0.465 -0.502  0.465 0.000 0.000
-0.807  0.816  1.185  0.441 -0.433 -0.433  0.428 -0.473  0.428 0.000 0.000
-0.785  0.794  1.185  0.461 -0.456 -0.456  0.387 -0.440  0.387 0.000 0.000
-0.761  0.770  1.185  0.479 -0.477 -0.477  0.342 -0.403  0.342 0.000 0.000
-0.737  0.746  1.185  0.495 -0.497 -0.497  0.294 -0.363  0.294 0.000 0.000
-0.712  0.721  1.185  0.509 -0.514 -0.514  0.243 -0.320  0.243 0.000 0.000
-0.686  0.695  1.185  0.520 -0.528 -0.528  0.191 -0.274  0.191 0.000 0.000
-0.660  0.668  1.185  0.528 -0.541 -0.541  0.138 -0.226  0.138 0.000 0.000
-0.633  0.641  1.185  0.533 -0.551 -0.551  0.085 -0.178  0.085 0.000 0.000
-0.607  0.613  1.185  0.536 -0.559 -0.559  0.032 -0.128  0.032 0.000 0.000
-0.580  0.585  1.185  0.537 -0.564 -0.564 -0.019 -0.079 -0.019 0.000 0.000
-0.553  0.557  1.185  0.534 -0.567 -0.567 -0.069 -0.029 -0.069 0.000 0.000
-0.526  0.528  1.185  0.530 -0.567 -0.567 -0.117  0.019 -0.117 0.000 0.000
-0.500  0.500  1.185  0.523 -0.565 -0.565 -0.162  0.066 -0.162 0.000 0.000
-0.474  0.472  1.185  0.514 -0.560 -0.560 -0.203  0.111 -0.203 0.000 0.000
-0.449  0.444  1.185  0.502 -0.554 -0.554 -0.241  0.154 -0.241 0.000 0.000
-0.424  0.417  1.185  0.490 -0.545 -0.545 -0.275  0.195 -0.275 0.000 0.000
-0.400  0.390  1.185  0.475 -0.534 -0.534 -0.305  0.233 -0.305 0.000 0.000
-0.376  0.363  1.185  0.459 -0.522 -0.522 -0.330  0.268 -0.330 0.000 0.000
-0.354  0.337  1.185  0.442 -0.507 -0.507 -0.350  0.300 -0.350 0.000 0.000
-0.332  0.312  1.185  0.424 -0.492 -0.492 -0.366  0.328 -0.366 0.000 0.000
-0.311  0.288  1.185  0.406 -0.475 -0.475 -0.378  0.354 -0.378 0.000 0.000
-0.292  0.265  1.185  0.387 -0.456 -0.456 -0.384  0.376 -0.384 0.000 0.000
-0.273  0.243  1.185  0.367 -0.437 -0.437 -0.387  0.394 -0.387 0.000 0.000
-0.255  0.221  1.185  0.348 -0.417 -0.417 -0.384  0.409 -0.384 0.000 0.000
-0.238  0.201  1.185  0.329 -0.396 -0.396 -0.378  0.421 -0.378 0.000 0.000
-0.222  0.182  1.185  0.310 -0.375 -0.375 -0.367  0.430 -0.367 0.000 0.000
-0.207  0.163  1.185  0.292 -0.353 -0.353 -0.353  0.435 -0.353 0.000 0.000
-0.193  0.146  1.185  0.275 -0.332 -0.332 -0.335  0.437 -0.335 0.000 0.000
-0.179  0.130  1.185  0.259 -0.310 -0.310 -0.314  0.436 -0.314 0.000 0.000
-0.167  0.115  1.185  0.244 -0.288 -0.288 -0.290  0.433 -0.290 0.000 0.000
-0.155  0.102  1.185  0.230 -0.266 -0.266 -0.263  0.426 -0.263 0.000 0.000
-0.144  0.089  1.185  0.217 -0.245 -0.245 -0.234  0.418 -0.234 0.000 0.000
-0.133  0.077  1.185  0.207 -0.225 -0.225 -0.203  0.407 -0.203 0.000 0.000
-0.123  0.066  1.185  0.197 -0.205 -0.205 -0.170  0.394 -0.170 0.000 0.000
-0.114  0.056  1.185  0.190 -0.185 -0.185 -0.137  0.379 -0.137 0.000 0.000
-0.104  0.048  1.185  0.184 -0.167 -0.167 -0.102  0.363 -0.102 0.000 0.000
-0.095  0.040  1.185  0.179 -0.149 -0.149 -0.067  0.345 -0.067 0.000 0.000
-0.086  0.033  1.185  0.177 -0.132 -0.132 -0.032  0.326 -0.032 0.000 0.000
-0.077  0.027  1.185  0.176 -0.117 -0.117  0.002  0.306  0.002 0.000 0.000
-0.069  0.021  1.185  0.177 -0.102 -0.102  0.036  0.286  0.036 0.000 0.000
-0.060  0.016  1.185  0.180 -0.088 -0.088  0.069  0.265  0.069 0.000 0.000
-0.051  0.012  1.185  0.184 -0.075 -0.075  0.100  0.244  0.100 0.000 0.000
-0.041  0.009  1.185  0.190 -0.064 -0.064  0.130  0.223  0.130 0.000 0.000
-0.032  0.006  1.185  0.197 -0.053 -0.053  0.158  0.202  0.158 0.000 0.000
-0.022  0.003  1.185  0.205 -0.043 -0.043  0.184  0.182  0.184 0.000 0.000
-0.011  0.002  1.185  0.215 -0.035 -0.035  0.207  0.162  0.207 0.000 0.000
 0.000 -0.000  1.185  0.226 -0.027 -0.027  0.228  0.143  0.228 0.000 0.000
 0.012 -0.001  1.185  0.238 -0.020 -0.020  0.246  0.125  0.246 0.000 0.000
 0.024 -0.002  1.185  0.251 -0.015 -0.015  0.261  0.108  0.261 0.000 0.000
 0.037 -0.003  1.185  0.264 -0.010 -0.010  0.273  0.091  0.273 0.000 0.000
 0.050 -0.003  1.185  0.278 -0.005 -0.005  0.282  0.076  0.282 0.000 0.000
 0.064 -0.003  1.185  0.292 -0.002 -0.002  0.288  0.062  0.288 0.000 0.000
 0.079 -0.003  1.185  0.307  0.001  0.001  0.291  0.049  0.291 0.000 0.000
 0.095 -0.003  1.185  0.321  0.003  0.003  0.292  0.038  0.292 0.000 0.000
 0.112 -0.003  1.185  0.336  0.005  0.005  0.289  0.027  0.289 0.000 0.000
 0.129 -0.003  1.185  0.350  0.006  0.006  0.284  0.018  0.284 0.000 0.000
 0.147 -0.002  1.185  0.364  0.006  0.006  0.277  0.010  0.277 0.000 0.000
 0.165 -0.002  1.185  0.378  0.007  0.007  0.267  0.003  0.267 0.000 0.000
 0.184 -0.002  1.185  0.391  0.007  0.007  0.255 -0.002  0.255 0.000 0.000
 0.204 -0.001  1.185  0.403  0.007  0.007  0.241 -0.007  0.241 0.000 0.000
 0.225 -0.001  1.185  0.415  0.006  0.006  0.225 -0.011  0.225 0.000 0.000
 0.246 -0.001  1.185  0.426  0.006  0.006  0.208 -0.013  0.208 0.000 0.000
 0.267 -0.000  1.185  0.436  0.005  0.005  0.189 -0.015  0.189 0.000 0.000
 0.289 -0.000  1.185  0.445  0.004  0.004  0.169 -0.016  0.169 0.000 0.000
 0.312 -0.000  1.185  0.453  0.003  0.003  0.149 -0.017  0.149 0.000 0.000
 0.334  0.000  1.185  0.460  0.002  0.002  0.127 -0.017  0.127 0.000 0.000
 0.358  0.000  1.185  0.465  0.002  0.002  0.106 -0.016  0.106 0.000 0.000
 0.381  0.000  1.185  0.470  0.001  0.001  0.084 -0.015  0.084 0.000 0.000
 0.405  0.000  1.185  0.474  0.000  0.000  0.062 -0.014  0.062 0.000 0.000
 0.428  0.000  1.185  0.476 -0.001 -0.001  0.041 -0.012  0.041 0.000 0.000
 0.452  0.000  1.185  0.478 -0.001 -0.001  0.020 -0.010  0.020 0.000 0.000
 0.476  0.000  1.185  0.478 -0.002 -0.002 -0.001 -0.008 -0.001 0.000 0.000
 0.500 -0.000  1.185  0.478 -0.002 -0.002 -0.020 -0.006 -0.020 0.000 0.000
 0.524 -0.000  1.185  0.476 -0.002 -0.002 -0.038 -0.004 -0.038 0.000 0.000
 0.548 -0.000  1.185  0.474 -0.002 -0.002 -0.056 -0.002 -0.056 0.000 0.000
 0.571 -0.000  1.185  0.471 -0.002 -0.002 -0.071 -0.000 -0.071 0.000 0.000
 0.595 -0.000  1.185  0.467 -0.002 -0.002 -0.086  0.001 -0.086 0.000 0.000
 0.618 -0.001  1.185  0.462 -0.002 -0.002 -0.099  0.003 -0.099 0.000 0.000
 0.641 -0.001  1.185  0.457 -0.002 -0.002 -0.110  0.004 -0.110 0.000 0.000
 0.664 -0.001  1.185  0.451 -0.002 -0.002 -0.120  0.005 -0.120 0.000 0.000
 0.686 -0.001  1.185  0.445 -0.002 -0.002 -0.128  0.006 -0.128 0.000 0.000
 0.708 -0.001  1.185  0.438 -0.001 -0.001 -0.134  0.007 -0.134 0.000 0.000
 0.730 -0.001  1.185  0.432 -0.001 -0.001 -0.139  0.007 -0.139 0.000 0.000
 0.751 -0.001  1.185  0.425 -0.000 -0.000 -0.142  0.008 -0.142 0.000 0.000
 0.772 -0.001  1.185  0.417 -0.000 -0.000 -0.143  0.008 -0.143 0.000 0.000
 0.793 -0.001  1.185  0.410  0.000  0.000 -0.143  0.008 -0.143 0.000 0.000
 0.813 -0.001  1.185  0.403  0.001  0.001 -0.141  0.007 -0.141 0.000 0.000
 0.833 -0.001  1.185  0.396  0.001  0.001 -0.137  0.007 -0.137 0.000 0.000
 0.853 -0.001  1.185  0.390  0.001  0.001 -0.132  0.006 -0.132 0.000 0.000
 0.872 -0.001  1.185  0.383  0.002  0.002 -0.125  0.006 -0.125 0.000 0.000
 0.891 -0.001  1.185  0.377  0.002  0.002 -0.117  0.005 -0.117 0.000 0.000
 0.910 -0.001  1.185  0.371  0.002  0.002 -0.108  0.004 -0.108 0.000 0.000
 0.928 -0.000  1.185  0.366  0.002  0.002 -0.098  0.003 -0.098 0.000 0.000
 0.947 -0.000  1.185  0.362  0.002  0.002 -0.087  0.002 -0.087 0.000 0.000
 0.965 -0.000  1.185  0.358  0.003  0.003 -0.075  0.001 -0.075 0.000 0.000
 0.982 -0.000  1.185  0.354  0.003  0.003 -0.062  0.000 -0.062 0.000 0.000
 1.000  0.000  1.185  0.351  0.003  0.003 -0.049 -0.001 -0.049 0.000 0.000
 1.018  0.000  1.185  0.349  0.002  0.002 -0.035 -0.002 -0.035 0.000 0.000
 1.035  0.000  1.185  0.348  0.002  0.002 -0.021 -0.003 -0.021 0.000 0.000
 1.052  0.000  1.185  0.347  0.002  0.002 -0.006 -0.003 -0.006 0.000 0.000
 1.070  0.000  1.185  0.347  0.002  0.002  0.008 -0.004  0.008 0.000 0.000
 1.087  0.001  1.185  0.348  0.002  0.002  0.022 -0.004  0.022 0.000 0.000
 1.104  0.001  1.185  0.349  0.002  0.002  0.036 -0.005  0.036 0.000 0.000
 1.122  0.001  1.185  0.352  0.001  0.001  0.050 -0.005  0.050 0.000 0.000
 1.140  0.001  1.185  0.354  0.001  0.001  0.062 -0.005  0.062 0.000 0.000
 1.157  0.001  1.185  0.358  0.001  0.001  0.074 -0.006  0.074 0.000 0.000
 1.175  0.001  1.185  0.362  0.001  0.001  0.085 -0.006  0.085 0.000 0.000
 1.194  0.001  1.185  0.366  0.000  0.000  0.095 -0.005  0.095 0.000 0.000
 1.212  0.001  1.185  0.371 -0.000 -0.000  0.104 -0.005  0.104 0.000 0.000
 1.231  0.001  1.185  0.377 -0.000 -0.000  0.111 -0.005  0.111 0.000 0.000
 1.250  0.001  1.185  0.382 -0.001 -0.001  0.117 -0.005  0.117 0.000 0.000
 1.269  0.001  1.185  0.388 -0.001 -0.001  0.121 -0.004  0.121 0.000 0.000
 1.289  0.001  1.185  0.394 -0.001 -0.001  0.124 -0.004  0.124 0.000 0.000
 1.308  0.001  1.185  0.401 -0.001 -0.001  0.124 -0.004  0.124 0.000 0.000
 1.329  0.001  1.185  0.407 -0.001 -0.001  0.123 -0.003  0.123 0.000 0.000
 1.349  0.001  1.185  0.413 -0.001 -0.001  0.120 -0.003  0.120 0.000 0.000
 1.370  0.001  1.185  0.419 -0.002 -0.002  0.115 -0.002  0.115 0.000 0.000
 1.391  0.000  1.185  0.424 -0.002 -0.002  0.108 -0.001  0.108 0.000 0.000
 1.412  0.000  1.185  0.430 -0.002 -0.002  0.099 -0.001  0.099 0.000 0.000
 1.434  0.000  1.185  0.434 -0.002 -0.002  0.088 -0.000  0.088 0.000 0.000
 1.456  0.000  1.185  0.438 -0.002 -0.002  0.075  0.000  0.075 0.000 0.000
 1.478  0.000  1.185  0.442 -0.002 -0.002  0.060  0.001  0.060 0.000 0.000
 1.500  0.000  1.185  0.444 -0.002 -0.002  0.044  0.001  0.044 0.000 0.000
 1.522 -0.000  1.185  0.446 -0.002 -0.002  0.026  0.002  0.026 0.000 0.000
 1.545 -0.000  1.185  0.447 -0.002 -0.002  0.006  0.002  0.006 0.000 0.000
 1.567 -0.000  1.185  0.447 -0.001 -0.001 -0.015  0.002 -0.015 0.000 0.000
 1.589 -0.000  1.185  0.445 -0.001 -0.001 -0.037  0.003 -0.037 0.000 0.000
 1.611 -0.000  1.185  0.443 -0.001 -0.001 -0.061  0.003 -0.061 0.000 0.000
 1.634 -0.000  1.185  0.439 -0.001 -0.001 -0.085  0.003 -0.085 0.000 0.000
 1.655 -0.000  1.185  0.435 -0.001 -0.001 -0.109  0.003 -0.109 0.000 0.000
 1.677 -0.001  1.185  0.428 -0.001 -0.001 -0.134  0.003 -0.134 0.000 0.000
 1.698 -0.001  1.185  0.421 -0.001 -0.001 -0.159  0.003 -0.159 0.000 0.000
 1.719 -0.001  1.185  0.413 -0.000 -0.000 -0.184  0.003 -0.184 0.000 0.000
 1.739 -0.001  1.185  0.403 -0.000 -0.000 -0.208  0.003 -0.208 0.000 0.000
 1.759 -0.001  1.185  0.392 -0.000 -0.000 -0.231  0.003 -0.231 0.000 0.000
 1.779 -0.001  1.185  0.380  0.000  0.000 -0.254  0.003 -0.254 0.000 0.000
 1.797 -0.001  1.185  0.366  0.000  0.000 -0.275  0.003 -0.275 0.000 0.000
 1.815 -0.001  1.185  0.352  0.000  0.000 -0.295  0.002 -0.295 0.000 0.000
 1.832 -0.001  1.185  0.337  0.000  0.000 -0.313  0.002 -0.313 0.000 0.000
 1.849 -0.001  1.185  0.321  0.000  0.000 -0.329  0.002 -0.329 0.000 0.000
 1.865 -0.001  1.185  0.304  0.001  0.001 -0.343  0.001 -0.343 0.000 0.000
 1.879 -0.000  1.185  0.287  0.001  0.001 -0.355  0.001 -0.355 0.000 0.000
 1.893 -0.000  1.185  0.269  0.001  0.001 -0.364  0.001 -0.364 0.000 0.000
 1.906 -0.000  1.185  0.250  0.001  0.001 -0.370  0.001 -0.370 0.000 0.000
 1.918 -0.000  1.185  0.232  0.001  0.001 -0.374  0.000 -0.374 0.000 0.000
 1.929 -0.000  1.185  0.213  0.001  0.001 -0.375  0.000 -0.375 0.000 0.000
 1.940 -0.000  1.185  0.194  0.001  0.001 -0.373 -0.000 -0.373 0.000 0.000
 1.949 -0.000  1.185  0.176  0.001  0.001 -0.368 -0.000 -0.368 0.000 0.000
 1.957 -0.000  1.185  0.157  0.001  0.001 -0.360 -0.001 -0.360 0.000 0.000
 1.965 -0.000  1.185  0.140  0.001  0.001 -0.349 -0.001 -0.349 0.000 0.000
 1.971 -0.000  1.185  0.123  0.001  0.001 -0.335 -0.001 -0.335 0.000 0.000
 1.977 -0.000  1.185  0.106  0.001  0.001 -0.318 -0.001 -0.318 0.000 0.000
 1.982 -0.000  1.185  0.091  0.001  0.001 -0.299 -0.001 -0.299 0.000 0.000
 1.986 -0.000  1.185  0.076  0.000  0.000 -0.278 -0.001 -0.278 0.000 0.000
 1.989 -0.000  1.185  0.063  0.000  0.000 -0.255 -0.001 -0.255 0.000 0.000
 1.992 -0.000  1.185  0.051  0.000  0.000 -0.230 -0.001 -0.230 0.000 0.000
 1.994 -0.000  1.185  0.040  0.000  0.000 -0.203 -0.001 -0.203 0.000 0.000
 1.996 -0.000  1.185  0.031  0.000  0.000 -0.176 -0.001 -0.176 0.000 0.000
 1.998 -0.000  1.185  0.023  0.000  0.000 -0.149 -0.001 -0.149 0.000 0.000
 1.999 -0.000  1.185  0.016  0.000  0.000 -0.121 -0.001 -0.121 0.000 0.000
 1.999 -0.000  1.185  0.010  0.000  0.000 -0.095 -0.001 -0.095 0.000 0.000
 2.000 -0.000  1.185  0.006  0.000  0.000 -0.070 -0.001 -0.070 0.000 0.000
 2.000 -0.000  1.185  0.003  0.000  0.000 -0.048 -0.000 -0.048 0.000 0.000
 2.000 -0.000  1.185  0.001  0.000  0.000 -0.028 -0.000 -0.028 0.000 0.000
 2.000 -0.000  1.185  0.000  0.000  0.000 -0.013 -0.000 -0.013 0.000 0.000
 2.000 -0.000  1.185  0.000  0.000  0.000 -0.004 -0.000 -0.004 0.000 0.000
 2.000 -0.000  1.185 -0.000 -0.000 -0.000  0.000 -0.000  0.000 0.000 0.000
 2.000  0.000  1.185  0.000  0.000  0.000  0.000  0.000  0.000 0.000 0.000
 2.000  0.000  1.185  0.000  0.000  0.000  0.000  0.000  0.000 0.000 0.000
 2.000  0.000  1.185  0.000  0.000  0.000  0.000  0.000  0.000 0.000 0.000
 2.000  0.000  1.185  0.000  0.000  0.000  0.000  0.000  0.000 0.000 0.000
 2.000  0.000  1.185  0.000  0.000  0.000  0.000  0.000  0.000 0.000 0.000
 2.000  0.000  1.185  0.000  0.000  0.000  0.000  0.000  0.000 0.000 0.000
 2.000  0.000  1.185  0.000  0.000  0.000  0.000  0.000  0.000 0.000 0.000
 2.000  0.000  1.185  0.000  0.000  0.000  0.000  0.000  0.000 0.000 0.000
 2.000  0.000  1.185  0.000  0.000  0.000  0.000  0.000  0.000 0.000 0.000
 2.000  0.000  1.185  0.000  0.000  0.000  0.000  0.000  0.000 0.000 0.000
 2.000  0.000  1.185  0.000  0.000  0.000  0.000  0.000  0.000 0.000 0.000
 2.000  0.000  1.185  0.000  0.000  0.000  0.000  0.000  0.000 0.000 0.000
 2.000  0.000  1.185  0.000  0.000  0.000  0.000  0.000  0.000 0.000 0.000
 2.000  0.000  1.185  0.000  0.000  0.000  0.000  0.000  0.000 0.000 0.000
 2.000  0.000  1.185  0.000  0.000  0.000  0.000  0.000  0.000 0.000 0.000
 2.000  0.000  1.185  0.000  0.000  0.000  0.000  0.000  0.000 0.000 0.000
 2.000  0.000  1.185  0.000  0.000  0.000  0.000  0.000  0.000 0.000 0.000
 2.000  0.000  1.185  0.000  0.000  0.000  0.000  0.000  0.000 0.000 0.000
 2.000  0.000  1.185  0.000  0.000  0.000  0.000  0.000  0.000 0.000 0.000
 2.000  0.000  1.185  0.000  0.000  0.000  0.000  0.000  0.000 0.000 0.000
 2.000  0.000  1.185  0.000  0.000  0.000  0.000  0.000  0.000 0.000 0.000
 2.000  0.000  1.185  0.000  0.000  0.000  0.000  0.000  0.000 0.000 0.000
 2.000  0.000  1.185  0.000  0.000  0.000  0.000  0.000  0.000 0.000 0.000
 2.000  0.000  1.185  0.000  0.000  0.000  0.000  0.000  0.000 0.000 0.000
 2.000  0.000  1.185  0.000  0.000  0.000  0.000  0.000  0.000 0.000 0.000
 2.000  0.000  1.185  0.000  0.000  0.000  0.000  0.000  0.000 0.000 0.000
 2.000  0.000  1.185  0.000  0.000  0.000  0.000  0.000  0.000 0.000 0.000
 2.000  0.000  1.185  0.000  0.000  0.000  0.000  0.000  0.000 0.000 0.000
 2.000  0.000  1.185  0.000  0.000  0.000  0.000  0.000  0.000 0.000 0.000
 2.000  0.000  1.185  0.000  0.000  0.000  0.000  0.000  0.000 0.000 0.000
 2.000  0.000  1.185  0.000  0.000  0.000  0.000  0.000  0.000 0.000 0.000
 2.000  0.000  1.185  0.000  0.000  0.000  0.000  0.000  0.000 0.000 0.000
 2.000  0.000  1.185  0.000  0.000  0.000  0.000  0.000  0.000 0.000 0.000
 2.000  0.000  1.185  0.000  0.000  0.000  0.000  0.000  0.000 0.000 0.000
 2.000  0.000  1.185  0.000  0.000  0.000  0.000  0.000  0.000 0.000 0.000
 2.000  0.000  1.185  0.000  0.000  0.000  0.000  0.000  0.000 0.000 0.000
 2.000  0.000  1.185  0.000  0.000  0.000  0.000  0.000  0.000 0.000 0.000
 2.000  0.000  1.185  0.000  0.000  0.000  0.000  0.000  0.000 0.000 0.000
 2.000  0.000  1.185  0.000  0.000  0.000  0.000  0.000  0.000 0.000 0.000
 2.000  0.000  1.185  0.000  0.000  0.000  0.000  0.000  0.000 0.000 0.000
 2.000  0.000  1.185  0.000  0.000  0.000  0.000  0.000  0.000 0.000 0.000
 2.000  0.000  1.185  0.000  0.000  0.000  0.000  0.000  0.000 0.000 0.000
 2.000  0.000  1.185  0.000  0.000  0.000  0.000  0.000  0.000 0.000 0.000
 2.000  0.000  1.185  0.000  0.000  0.000  0.000  0.000  0.000 0.000 0.000
 2.000  0.000  1.185  0.000  0.000  0.000  0.000  0.000  0.000 0.000 0.000
 2.000  0.000  1.185  0.000  0.000  0.000  0.000  0.000  0.000 0.000 0.000
 2.000  0.000  1.185  0.000  0.000  0.000  0.000  0.000  0.000 0.000 0.000
 2.000  0.000  1.185  0.000  0.000  0.000  0.000  0.000  0.000 0.000 0.000
 2.000  0.000  1.185  0.000  0.000  0.000  0.000  0.000  0.000 0.000 0.000
 2.000  0.000  1.185  0.000  0.000  0.000  0.000  0.000  0.000 0.000 0.000
 2.000  0.000  1.185  0.000  0.000  0.000  0.000  0.000  0.000 0.000 0.000
 2.000  0.000  1.185  0.000  0.000  0.000  0.000  0.000  0.000 0.000 0.000
 2.000  0.000  1.185  0.000  0.000  0.000  0.000  0.000  0.000 0.000 0.000
 2.000  0.000  1.185  0.000  0.000  0.000  0.000  0.000  0.000 0.000 0.000
 2.000  0.000  1.185  0.000  0.000  0.000  0.000  0.000  0.000 0.000 0.000
 2.000  0.000  1.185  0.000  0.000  0.000  0.000  0.000  0.000 0.000 0.000
 2.000  0.000  1.185  0.000  0.000  0.000  0.000  0.000  0.000 0.000 0.000
 2.000  0.000  1.185  0.000  0.000  0.000  0.000  0.000  0.000 0.000 0.000
 2.000  0.000  1.185  0.000  0.000  0.000  0.000  0.000  0.000 0.000 0.000
 2.000  0.000  1.185  0.000  0.000  0.000  0.000  0.000  0.000 0.000 0.000
 2.000 -0.000  1.185 -0.000 -0.000 -0.000 -0.025 -0.001 -0.025 0.000 0.000
 2.000 -0.000  1.185 -0.003 -0.000 -0.000 -0.092 -0.003 -0.092 0.000 0.000
 2.000 -0.000  1.185 -0.010 -0.000 -0.000 -0.188 -0.005 -0.188 0.000 0.000
 1.999 -0.000  1.185 -0.022 -0.001 -0.001 -0.304 -0.007 -0.304 0.000 0.000
 1.997 -0.000  1.185 -0.041 -0.001 -0.001 -0.429 -0.010 -0.429 0.000 0.000
 1.995 -0.000  1.185 -0.065 -0.002 -0.002 -0.556 -0.012 -0.556 0.000 0.000
 1.991 -0.000  1.185 -0.096 -0.002 -0.002 -0.679 -0.013 -0.679 0.000 0.000
 1.985 -0.000  1.185 -0.133 -0.003 -0.003 -0.791 -0.013 -0.791 0.000 0.000
 1.977 -0.001  1.185 -0.175 -0.003 -0.003 -0.889 -0.013 -0.889 0.000 0.000
 1.967 -0.001  1.185 -0.222 -0.004 -0.004 -0.970 -0.011 -0.970 0.000 0.000
 1.955 -0.001  1.185 -0.272 -0.005 -0.005 -1.030 -0.009 -1.030 0.000 0.000
 1.940 -0.001  1.185 -0.324 -0.005 -0.005 -1.068 -0.005 -1.068 0.000 0.000
 1.923 -0.001  1.185 -0.378 -0.005 -0.005 -1.084 -0.001 -1.084 0.000 0.000
 1.902 -0.002  1.185 -0.432 -0.005 -0.005 -1.078  0.004 -1.078 0.000 0.000
 1.879 -0.002  1.185 -0.486 -0.005 -0.005 -1.049  0.009 -1.049 0.000 0.000
 1.854 -0.002  1.185 -0.537 -0.004 -0.004 -1.000  0.015 -1.000 0.000 0.000
 1.826 -0.002  1.185 -0.585 -0.003 -0.003 -0.932  0.021 -0.932 0.000 0.000
 1.795 -0.002  1.185 -0.630 -0.002 -0.002 -0.847  0.027 -0.847 0.000 0.000
 1.763 -0.002  1.185 -0.670 -0.000 -0.000 -0.746  0.033 -0.746 0.000 0.000
 1.728 -0.002  1.185 -0.704  0.001  0.001 -0.634  0.038 -0.634 0.000 0.000
 1.692 -0.002  1.185 -0.733  0.003  0.003 -0.512  0.043 -0.512 0.000 0.000
 1.655 -0.002  1.185 -0.755  0.006  0.006 -0.384  0.047 -0.384 0.000 0.000
 1.617 -0.002  1.185 -0.771  0.008  0.008 -0.252  0.050 -0.252 0.000 0.000
 1.578 -0.001  1.185 -0.781  0.011  0.011 -0.119  0.052 -0.119 0.000 0.000
 1.539 -0.001  1.185 -0.783  0.013  0.013  0.012  0.052  0.012 0.000 0.000
 1.500  0.000  1.185 -0.779  0.016  0.016  0.138  0.052  0.138 0.000 0.000
 1.461  0.001  1.185 -0.769  0.018  0.018  0.258  0.049  0.258 0.000 0.000
 1.423  0.002  1.185 -0.754  0.021  0.021  0.370  0.045  0.370 0.000 0.000
 1.386  0.003  1.185 -0.733  0.023  0.023  0.471  0.039  0.471 0.000 0.000
 1.350  0.004  1.185 -0.707  0.025  0.025  0.561  0.032  0.561 0.000 0.000
 1.315  0.005  1.185 -0.677  0.026  0.026  0.639  0.023  0.639 0.000 0.000
 1.282  0.007  1.185 -0.643  0.027  0.027  0.704  0.013  0.704 0.000 0.000
 1.251  0.008  1.185 -0.607  0.027  0.027  0.756  0.002  0.756 0.000 0.000
 1.222  0.009  1.185 -0.568  0.027  0.027  0.795 -0.011  0.795 0.000 0.000
 1.194  0.011  1.185 -0.527  0.026  0.026  0.821 -0.026  0.821 0.000 0.000
 1.169  0.012  1.185 -0.486  0.025  0.025  0.833 -0.041  0.833 0.000 0.000
 1.146  0.013  1.185 -0.444  0.022  0.022  0.833 -0.057  0.833 0.000 0.000
 1.125  0.014  1.185 -0.403  0.019  0.019  0.822 -0.073  0.822 0.000 0.000
 1.105  0.015  1.185 -0.362  0.015  0.015  0.799 -0.091  0.799 0.000 0.000
 1.088  0.016  1.185 -0.323  0.010  0.010  0.767 -0.108  0.767 0.000 0.000
 1.073  0.016  1.185 -0.286  0.004  0.004  0.725 -0.126  0.725 0.000 0.000
 1.060  0.016  1.185 -0.251 -0.003 -0.003  0.675 -0.143  0.675 0.000 0.000
 1.048  0.016  1.185 -0.218 -0.010 -0.010  0.618 -0.160  0.618 0.000 0.000
 1.038  0.015  1.185 -0.189 -0.019 -0.019  0.556 -0.177  0.556 0.000 0.000
 1.029  0.014  1.185 -0.163 -0.028 -0.028  0.489 -0.193  0.489 0.000 0.000
 1.022  0.012  1.185 -0.140 -0.038 -0.038  0.419 -0.209  0.419 0.000 0.000
 1.015  0.010  1.185 -0.121 -0.049 -0.049  0.347 -0.223  0.347 0.000 0.000
 1.009  0.007  1.185 -0.105 -0.060 -0.060  0.274 -0.236  0.274 0.000 0.000
 1.004  0.004  1.185 -0.093 -0.073 -0.073  0.202 -0.248  0.202 0.000 0.000
 1.000 -0.000  1.185 -0.085 -0.085 -0.085  0.130 -0.259  0.130 0.000 0.000
 0.996 -0.005  1.185 -0.080 -0.098 -0.098  0.061 -0.267  0.061 0.000 0.000
 0.992 -0.010  1.185 -0.079 -0.112 -0.112 -0.005 -0.275 -0.005 0.000 0.000
 0.988 -0.016  1.185 -0.081 -0.126 -0.126 -0.068 -0.280 -0.068 0.000 0.000
 0.984 -0.022  1.185 -0.086 -0.140 -0.140 -0.126 -0.284 -0.126 0.000 0.000
 0.979 -0.030  1.184 -0.093 -0.154 -0.154 -0.179 -0.286 -0.179 0.000 0.000
 0.974 -0.038  1.184 -0.103 -0.169 -0.169 -0.227 -0.287 -0.227 0.000 0.000
 0.969 -0.047  1.184 -0.116 -0.183 -0.183 -0.269 -0.285 -0.269 0.000 0.000
 0.963 -0.056  1.184 -0.130 -0.197 -0.197 -0.305 -0.282 -0.305 0.000 0.000
 0.956 -0.066  1.184 -0.146 -0.211 -0.211 -0.336 -0.278 -0.336 0.000 0.000
 0.948 -0.077  1.184 -0.164 -0.225 -0.225 -0.360 -0.271 -0.360 0.000 0.000
 0.939 -0.089  1.184 -0.182 -0.238 -0.238 -0.379 -0.263 -0.379 0.000 0.000
 0.930 -0.101  1.184 -0.201 -0.251 -0.251 -0.391 -0.254 -0.391 0.000 0.000
 0.919 -0.114  1.184 -0.221 -0.264 -0.264 -0.398 -0.243 -0.398 0.000 0.000
 0.908 -0.127  1.184 -0.241 -0.275 -0.275 -0.398 -0.231 -0.398 0.000 0.000
 0.895 -0.141  1.184 -0.261 -0.287 -0.287 -0.394 -0.218 -0.394 0.000 0.000
 0.882 -0.156  1.184 -0.280 -0.297 -0.297 -0.384 -0.204 -0.384 0.000 0.000
 0.867 -0.171  1.184 -0.299 -0.307 -0.307 -0.370 -0.189 -0.370 0.000 0.000
 0.852 -0.187  1.184 -0.317 -0.316 -0.316 -0.351 -0.173 -0.351 0.000 0.000
 0.835 -0.203  1.184 -0.334 -0.324 -0.324 -0.328 -0.156 -0.328 0.000 0.000
 0.818 -0.219  1.184 -0.350 -0.332 -0.332 -0.302 -0.139 -0.302 0.000 0.000
 0.800 -0.236  1.184 -0.364 -0.338 -0.338 -0.272 -0.122 -0.272 0.000 0.000
 0.782 -0.253  1.184 -0.377 -0.344 -0.344 -0.240 -0.104 -0.240 0.000 0.000
 0.763 -0.270  1.185 -0.388 -0.349 -0.349 -0.206 -0.086 -0.206 0.000 0.000
 0.743 -0.288  1.185 -0.398 -0.353 -0.353 -0.170 -0.068 -0.170 0.000 0.000
 0.723 -0.306  1.185 -0.405 -0.356 -0.356 -0.133 -0.051 -0.133 0.000 0.000
 0.703 -0.323  1.185 -0.411 -0.358 -0.358 -0.095 -0.033 -0.095 0.000 0.000
 0.682 -0.341  1.185 -0.415 -0.359 -0.359 -0.057 -0.017 -0.057 0.000 0.000
 0.661 -0.359  1.185 -0.417 -0.359 -0.359 -0.020 -0.000 -0.020 0.000 0.000
 0.640 -0.377  1.186 -0.417 -0.359 -0.359  0.017  0.015  0.017 0.000 0.000
 0.619 -0.395  1.186 -0.415 -0.358 -0.358  0.052  0.030  0.052 0.000 0.000
 0.599 -0.413  1.186 -0.412 -0.356 -0.356  0.085  0.044  0.085 0.000 0.000
 0.578 -0.431  1.186 -0.407 -0.353 -0.353  0.116  0.057  0.116 0.000 0.000
 0.558 -0.448  1.186 -0.400 -0.350 -0.350  0.145  0.068  0.145 0.000 0.000
 0.538 -0.466  1.186 -0.392 -0.347 -0.347  0.171  0.079  0.171 0.000 0.000
 0.519 -0.483  1.185 -0.383 -0.342 -0.342  0.194  0.088  0.194 0.000 0.000
 0.500 -0.500  1.185 -0.373 -0.338 -0.338  0.213  0.096  0.213 0.000 0.000
 0.482 -0.517  1.185 -0.362 -0.333 -0.333  0.229  0.103  0.229 0.000 0.000
 0.464 -0.533  1.184 -0.350 -0.328 -0.328  0.241  0.108  0.241 0.000 0.000
 0.447 -0.550  1.183 -0.338 -0.322 -0.322  0.249  0.112  0.249 0.000 0.000
 0.430 -0.565  1.182 -0.325 -0.316 -0.316  0.253  0.114  0.253 0.000 0.000
 0.414 -0.581  1.181 -0.313 -0.311 -0.311  0.254  0.116  0.254 0.000 0.000
 0.399 -0.597  1.180 -0.300 -0.305 -0.305  0.251  0.115  0.251 0.000 0.000
 0.384 -0.612  1.178 -0.288 -0.299 -0.299  0.244  0.114  0.244 0.000 0.000
 0.370 -0.626  1.176 -0.276 -0.293 -0.293  0.233  0.111  0.233 0.000 0.000
 0.357 -0.641  1.174 -0.264 -0.288 -0.288  0.220  0.107  0.220 0.000 0.000
 0.344 -0.655  1.172 -0.254 -0.283 -0.283  0.203  0.103  0.203 0.000 0.000
 0.331 -0.669  1.169 -0.244 -0.278 -0.278  0.184  0.097  0.184 0.000 0.000
 0.319 -0.683  1.166 -0.235 -0.273 -0.273  0.162  0.090  0.162 0.000 0.000
 0.308 -0.697  1.163 -0.228 -0.269 -0.269  0.137  0.082  0.137 0.000 0.000
 0.296 -0.710  1.160 -0.222 -0.265 -0.265  0.111  0.073  0.111 0.000 0.000
 0.285 -0.723  1.156 -0.217 -0.261 -0.261  0.084  0.064  0.084 0.000 0.000
 0.275 -0.736  1.151 -0.213 -0.258 -0.258  0.055  0.055  0.055 0.000 0.000
 0.264 -0.749  1.147 -0.211 -0.256 -0.256  0.025  0.044  0.025 0.000 0.000
 0.253 -0.762  1.142 -0.211 -0.254 -0.254 -0.006  0.034 -0.006 0.000 0.000
 0.243 -0.774  1.136 -0.212 -0.253 -0.253 -0.036  0.023 -0.036 0.000 0.000
 0.232 -0.787  1.130 -0.215 -0.252 -0.252 -0.066  0.013 -0.066 0.000 0.000
 0.221 -0.799  1.124 -0.219 -0.251 -0.251 -0.096  0.002 -0.096 0.000 0.000
 0.210 -0.812  1.117 -0.224 -0.251 -0.251 -0.125 -0.009 -0.125 0.000 0.000
 0.199 -0.825  1.110 -0.231 -0.252 -0.252 -0.152 -0.019 -0.152 0.000 0.000
 0.187 -0.837  1.103 -0.239 -0.253 -0.253 -0.177 -0.029 -0.177 0.000 0.000
 0.175 -0.850  1.095 -0.249 -0.255 -0.255 -0.201 -0.038 -0.201 0.000 0.000
 0.162 -0.863  1.087 -0.259 -0.257 -0.257 -0.222 -0.047 -0.222 0.000 0.000
 0.149 -0.876  1.078 -0.271 -0.260 -0.260 -0.240 -0.056 -0.240 0.000 0.000
 0.135 -0.889  1.069 -0.283 -0.263 -0.263 -0.256 -0.063 -0.256 0.000 0.000
 0.121 -0.902  1.059 -0.296 -0.266 -0.266 -0.268 -0.070 -0.268 0.000 0.000
 0.106 -0.915  1.050 -0.310 -0.270 -0.270 -0.277 -0.075 -0.277 0.000 0.000
 0.090 -0.929  1.040 -0.324 -0.274 -0.274 -0.282 -0.080 -0.282 0.000 0.000
 0.073 -0.943  1.029 -0.338 -0.278 -0.278 -0.283 -0.084 -0.283 0.000 0.000
 0.056 -0.957  1.019 -0.352 -0.282 -0.282 -0.281 -0.086 -0.281 0.000 0.000
 0.038 -0.971  1.008 -0.366 -0.286 -0.286 -0.274 -0.087 -0.274 0.000 0.000
 0.019 -0.985  0.996 -0.380 -0.291 -0.291 -0.264 -0.088 -0.264 0.000 0.000
-0.000 -1.000  0.985 -0.392 -0.295 -0.295 -0.250 -0.086 -0.250 0.000 0.000
-0.020 -1.015  0.973 -0.404 -0.299 -0.299 -0.231 -0.084 -0.231 0.000 0.000
-0.040 -1.030  0.962 -0.416 -0.303 -0.303 -0.209 -0.081 -0.209 0.000 0.000
-0.061 -1.045  0.950 -0.425 -0.307 -0.307 -0.184 -0.076 -0.184 0.000 0.000
-0.083 -1.061  0.938 -0.434 -0.311 -0.311 -0.155 -0.070 -0.155 0.000 0.000
-0.105 -1.076  0.926 -0.441 -0.314 -0.314 -0.123 -0.063 -0.123 0.000 0.000
-0.127 -1.092  0.914 -0.446 -0.317 -0.317 -0.088 -0.054 -0.088 0.000 0.000
-0.149 -1.108  0.902 -0.450 -0.320 -0.320 -0.051 -0.045 -0.051 0.000 0.000
-0.172 -1.124  0.890 -0.451 -0.322 -0.322 -0.012 -0.035 -0.012 0.000 0.000
-0.194 -1.140  0.879 -0.451 -0.323 -0.323  0.029 -0.024  0.029 0.000 0.000
-0.217 -1.156  0.867 -0.448 -0.324 -0.324  0.071 -0.012  0.071 0.000 0.000
-0.239 -1.173  0.856 -0.444 -0.324 -0.324  0.114  0.001  0.114 0.000 0.000
-0.261 -1.189  0.845 -0.437 -0.324 -0.324  0.157  0.014  0.157 0.000 0.000
-0.283 -1.205  0.834 -0.428 -0.323 -0.323  0.200  0.028  0.200 0.000 0.000
-0.304 -1.221  0.823 -0.417 -0.321 -0.321  0.242  0.042  0.242 0.000 0.000
-0.325 -1.237  0.813 -0.404 -0.319 -0.319  0.283  0.057  0.283 0.000 0.000
-0.344 -1.253  0.803 -0.389 -0.315 -0.315  0.323  0.072  0.323 0.000 0.000
-0.363 -1.269  0.793 -0.372 -0.312 -0.312  0.360  0.086  0.360 0.000 0.000
-0.382 -1.284  0.784 -0.353 -0.307 -0.307  0.395  0.101  0.395 0.000 0.000
-0.399 -1.299  0.775 -0.332 -0.301 -0.301  0.427  0.116  0.427 0.000 0.000
-0.415 -1.314  0.767 -0.310 -0.295 -0.295  0.455  0.131  0.455 0.000 0.000
-0.430 -1.329  0.759 -0.287 -0.288 -0.288  0.480  0.145  0.480 0.000 0.000
-0.443 -1.343  0.752 -0.262 -0.281 -0.281  0.500  0.158  0.500 0.000 0.000
-0.456 -1.357  0.745 -0.237 -0.273 -0.273  0.515  0.171  0.515 0.000 0.000
-0.467 -1.370  0.738 -0.211 -0.264 -0.264  0.526  0.184  0.526 0.000 0.000
-0.477 -1.383  0.732 -0.184 -0.254 -0.254  0.531  0.196  0.531 0.000 0.000
-0.485 -1.396  0.727 -0.158 -0.244 -0.244  0.530  0.206  0.530 0.000 0.000
-0.493 -1.408  0.721 -0.131 -0.234 -0.234  0.524  0.216  0.524 0.000 0.000
-0.499 -1.419  0.717 -0.105 -0.222 -0.222  0.512  0.225  0.512 0.000 0.000
-0.503 -1.430  0.712 -0.080 -0.211 -0.211  0.494  0.232  0.494 0.000 0.000
-0.507 -1.440  0.708 -0.056 -0.199 -0.199  0.469  0.239  0.469 0.000 0.000
-0.509 -1.450  0.705 -0.033 -0.187 -0.187  0.438  0.244  0.438 0.000 0.000
-0.510 -1.459  0.701 -0.012 -0.175 -0.175  0.402  0.248  0.402 0.000 0.000
-0.510 -1.467  0.698  0.007 -0.162 -0.162  0.359  0.250  0.359 0.000 0.000
-0.509 -1.475  0.695  0.023 -0.150 -0.150  0.310  0.252  0.310 0.000 0.000
-0.508 -1.482  0.693  0.038 -0.137 -0.137  0.256  0.251  0.256 0.000 0.000
-0.506 -1.489  0.690  0.049 -0.125 -0.125  0.196  0.250  0.196 0.000 0.000
-0.503 -1.495  0.688  0.057 -0.112 -0.112  0.132  0.247  0.132 0.000 0.000
-0.500 -1.500  0.685  0.062 -0.100 -0.100  0.064  0.242  0.064 0.000 0.000
-0.497 -1.505  0.682  0.063 -0.088 -0.088 -0.009  0.236 -0.009 0.000 0.000
-0.494 -1.509  0.680  0.061 -0.077 -0.077 -0.084  0.229 -0.084 0.000 0.000
-0.491 -1.512  0.677  0.055 -0.065 -0.065 -0.161  0.221 -0.161 0.000 0.000
-0.488 -1.515  0.674  0.045 -0.054 -0.054 -0.240  0.212 -0.240 0.000 0.000
-0.486 -1.518  0.670  0.031 -0.044 -0.044 -0.319  0.201 -0.319 0.000 0.000
-0.485 -1.520  0.666  0.013 -0.034 -0.034 -0.397  0.190 -0.397 0.000 0.000
-0.485 -1.521  0.662 -0.009 -0.025 -0.025 -0.474  0.178 -0.474 0.000 0.000
-0.486 -1.522  0.657 -0.034 -0.017 -0.017 -0.549  0.165 -0.549 0.000 0.000
-0.489 -1.523  0.652 -0.064 -0.009 -0.009 -0.620  0.151 -0.620 0.000 0.000
-0.493 -1.523  0.646 -0.096 -0.001 -0.001 -0.686  0.137 -0.686 0.000 0.000
-0.498 -1.523  0.639 -0.132  0.005  0.005 -0.747  0.123 -0.747 0.000 0.000
-0.506 -1.523  0.632 -0.171  0.011  0.011 -0.802  0.109 -0.802 0.000 0.000
-0.515 -1.522  0.624 -0.212  0.016  0.016 -0.849  0.094 -0.849 0.000 0.000
-0.527 -1.521  0.615 -0.256  0.020  0.020 -0.887  0.080 -0.887 0.000 0.000
-0.541 -1.520  0.606 -0.301  0.024  0.024 -0.916  0.065 -0.916 0.000 0.000
-0.557 -1.519  0.596 -0.347  0.027  0.027 -0.936  0.051 -0.936 0.000 0.000
-0.576 -1.517  0.584 -0.394  0.029  0.029 -0.945  0.038 -0.945 0.000 0.000
-0.597 -1.516  0.573 -0.441  0.031  0.031 -0.943  0.025 -0.943 0.000 0.000
-0.620 -1.514  0.560 -0.488  0.032  0.032 -0.929  0.013 -0.929 0.000 0.000
-0.645 -1.513  0.547 -0.534  0.032  0.032 -0.903  0.001 -0.903 0.000 0.000
-0.673 -1.511  0.532 -0.578  0.032  0.032 -0.866 -0.009 -0.866 0.000 0.000
-0.703 -1.510  0.518 -0.620  0.031  0.031 -0.816 -0.018 -0.816 0.000 0.000
-0.735 -1.508  0.502 -0.660  0.030  0.030 -0.755 -0.027 -0.755 0.000 0.000
-0.769 -1.507  0.487 -0.696  0.028  0.028 -0.681 -0.034 -0.681 0.000 0.000
-0.805 -1.505  0.470 -0.728  0.026  0.026 -0.597 -0.040 -0.597 0.000 0.000
-0.842 -1.504  0.454 -0.755  0.024  0.024 -0.502 -0.045 -0.502 0.000 0.000
-0.880 -1.503  0.437 -0.778  0.022  0.022 -0.397 -0.049 -0.397 0.000 0.000
-0.920 -1.502  0.419 -0.795  0.020  0.020 -0.284 -0.051 -0.284 0.000 0.000
-0.960 -1.501  0.402 -0.806  0.017  0.017 -0.164 -0.052 -0.164 0.000 0.000
-1.000 -1.500  0.385 -0.811  0.014  0.014 -0.039 -0.052 -0.039 0.000 0.000
-1.041 -1.499  0.368 -0.810  0.012  0.012  0.090 -0.051  0.090 0.000 0.000
-1.081 -1.499  0.351 -0.802  0.009  0.009  0.221 -0.049  0.221 0.000 0.000
-1.121 -1.498  0.335 -0.788  0.007  0.007  0.351 -0.046  0.351 0.000 0.000
-1.160 -1.498  0.319 -0.767  0.005  0.005  0.478 -0.042  0.478 0.000 0.000
-1.197 -1.498  0.304 -0.740  0.003  0.003  0.599 -0.038  0.599 0.000 0.000
-1.233 -1.498  0.289 -0.707  0.001  0.001  0.712 -0.033  0.712 0.000 0.000
-1.268 -1.498  0.275 -0.669 -0.001 -0.001  0.814 -0.028  0.814 0.000 0.000
-1.300 -1.498  0.262 -0.626 -0.002 -0.002  0.902 -0.022  0.902 0.000 0.000
-1.330 -1.498  0.251 -0.579 -0.003 -0.003  0.976 -0.017  0.976 0.000 0.000
-1.358 -1.498  0.240 -0.529 -0.004 -0.004  1.032 -0.012  1.032 0.000 0.000
-1.383 -1.498  0.230 -0.476 -0.004 -0.004  1.069 -0.007  1.069 0.000 0.000
-1.406 -1.499  0.221 -0.422 -0.004 -0.004  1.087 -0.002  1.087 0.000 0.000
-1.425 -1.499  0.214 -0.368 -0.004 -0.004  1.083  0.002  1.083 0.000 0.000
-1.443 -1.499  0.207 -0.314 -0.004 -0.004  1.058  0.005  1.058 0.000 0.000
-1.457 -1.499  0.201 -0.262 -0.004 -0.004  1.013  0.008  1.013 0.000 0.000
-1.469 -1.499  0.197 -0.213 -0.003 -0.003  0.947  0.010  0.947 0.000 0.000
-1.478 -1.500  0.193 -0.168 -0.003 -0.003  0.864  0.011  0.864 0.000 0.000
-1.486 -1.500  0.190 -0.127 -0.002 -0.002  0.764  0.011  0.764 0.000 0.000
-1.491 -1.500  0.188 -0.092 -0.002 -0.002  0.652  0.011  0.652 0.000 0.000
-1.495 -1.500  0.187 -0.062 -0.001 -0.001  0.532  0.010  0.532 0.000 0.000
-1.497 -1.500  0.186 -0.039 -0.001 -0.001  0.409  0.008  0.409 0.000 0.000
-1.499 -1.500  0.185 -0.021 -0.000 -0.000  0.288  0.006  0.288 0.000 0.000
-1.500 -1.500  0.185 -0.010 -0.000 -0.000  0.178  0.004  0.178 0.000 0.000
-1.500 -1.500  0.185 -0.003 -0.000 -0.000  0.087  0.002  0.087 0.000 0.000
-1.500 -1.500  0.185 -0.000 -0.000 -0.000  0.024  0.001  0.024 0.000 0.000
-1.500 -1.500  0.185  0.000  0.000  0.000  0.000 -0.000  0.000 0.000 0.000
