-1.000  1.000  0.185  0.000  0.000  0.000  0.000  0.000  0.000 0.000 0.000
-1.000  1.000  0.185  0.000  0.000  0.000  0.000  0.000  0.000 0.000 0.000
-1.000  1.000  0.185  0.000  0.000  0.000  0.000  0.000  0.000 0.000 0.000
-1.000  1.000  0.185  0.000  0.000  0.000  0.000  0.000  0.000 0.000 0.000
-1.000  1.000  0.184  0.000  0.000  0.000  0.000  0.000  0.000 0.000 0.000
-1.000  1.000  0.184  0.000  0.000  0.000  0.000  0.000  0.000 0.000 0.000
-1.000  1.000  0.182  0.000  0.000  0.000  0.000  0.000  0.000 0.000 0.000
-1.000  1.000  0.181  0.000  0.000  0.000  0.000  0.000  0.000 0.000 0.000
-1.000  1.000  0.178  0.000  0.000  0.000  0.000  0.000  0.000 0.000 0.000
-1.000  1.000  0.175  0.000  0.000  0.000  0.000  0.000  0.000 0.000 0.000
-1.000  1.000  0.171  0.000  0.000  0.000  0.000  0.000  0.000 0.000 0.000
-1.000  1.000  0.167  0.000  0.000  0.000  0.000  0.000  0.000 0.000 0.000
-1.000  1.000  0.161  0.000  0.000  0.000  0.000  0.000  0.000 0.000 0.000
-1.000  1.000  0.154  0.000  0.000  0.000  0.000  0.000  0.000 0.000 0.000
-1.000  1.000  0.146  0.000  0.000  0.000  0.000  0.000  0.000 0.000 0.000
-1.000  1.000  0.137  0.000  0.000  0.000  0.000  0.000  0.000 0.000 0.000
-1.000  1.000  0.127  0.000  0.000  0.000  0.000  0.000  0.000 0.000 0.000
-1.000  1.000  0.116  0.000  0.000  0.000  0.000  0.000  0.000 0.000 0.000
-1.000  1.000  0.104  0.000  0.000  0.000  0.000  0.000  0.000 0.000 0.000
-1.000  1.000  0.091  0.000  0.000  0.000  0.000  0.000  0.000 0.000 0.000
-1.000  1.000  0.076  0.000  0.000  0.000  0.000  0.000  0.000 0.000 0.000
-1.000  1.000  0.061  0.000  0.000  0.000  0.000  0.000  0.000 0.000 0.000
-1.000  1.000  0.046  0.000  0.000  0.000  0.000  0.000  0.000 0.000 0.000
-1.000  1.000  0.029  0.000  0.000  0.000  0.000  0.000  0.000 0.000 0.000
-1.000  1.000  0.012  0.000  0.000  0.000  0.000  0.000  0.000 0.000 0.000
-1.000  1.000 -0.005  0.000  0.000  0.000  0.000  0.000  0.000 0.000 0.000
-1.000  1.000 -0.023  0.000  0.000  0.000  0.000  0.000  0.000 0.000 0.000
-1.000  1.000 -0.040  0.000  0.000  0.000  0.000  0.000  0.000 0.000 0.000
-1.000  1.000 -0.057  0.000  0.000  0.000  0.000  0.000  0.000 0.000 0.000
-1.000  1.000 -0.074  0.000  0.000  0.000  0.000  0.000  0.000 0.000 0.000
-1.000  1.000 -0.091  0.000  0.000  0.000  0.000  0.000  0.000 0.000 0.000
-1.000  1.000 -0.106  0.000  0.000  0.000  0.000  0.000  0.000 0.000 0.000
-1.000  1.000 -0.121  0.000  0.000  0.000  0.000  0.000  0.000 0.000 0.000
-1.000  1.000 -0.134  0.000  0.000  0.000  0.000  0.000  0.000 0.000 0.000
-1.000  1.000 -0.146  0.000  0.000  0.000  0.000  0.000  0.000 0.000 0.000
-1.000  1.000 -0.156  0.000  0.000  0.000  0.000  0.000  0.000 0.000 0.000
-1.000  1.000 -0.165  0.000  0.000  0.000  0.000  0.000  0.000 0.000 0.000
-1.000  1.000 -0.171  0.000  0.000  0.000  0.000  0.000  0.000 0.000 0.000
-1.000  1.000 -0.175  0.000  0.000  0.000  0.000  0.000  0.000 0.000 0.000
-1.000  1.000 -0.177  0.000  0.000  0.000  0.000  0.000  0.000 0.000 0.000
-1.000  1.000 -0.177  0.000  0.000  0.000  0.000  0.000  0.000 0.000 0.000
-1.000  1.000 -0.173  0.000  0.000  0.000  0.000  0.000  0.000 0.000 0.000
-1.000  1.000 -0.167  0.000  0.000  0.000  0.000  0.000  0.000 0.000 0.000
-1.000  1.000 -0.158  0.000  0.000  0.000  0.000  0.000  0.000 0.000 0.000
-1.000  1.000 -0.146  0.000  0.000  0.000  0.000  0.000  0.000 0.000 0.000
-1.000  1.000 -0.131  0.000  0.000  0.000  0.000  0.000  0.000 0.000 0.000
-1.000  1.000 -0.112  0.000  0.000  0.000  0.000  0.000  0.000 0.000 0.000
-1.000  1.000 -0.091  0.000  0.000  0.000  0.000  0.000  0.000 0.000 0.000
-1.000  1.000 -0.067  0.000  0.000  0.000  0.000  0.000  0.000 0.000 0.000
-1.000  1.000 -0.039  0.000  0.000  0.000  0.000  0.000  0.000 0.000 0.000
-1.000  1.000 -0.009  0.000  0.000  0.000  0.000  0.000  0.000 0.000 0.000
-1.000  1.000  0.025  0.000  0.000  0.000  0.000  0.000  0.000 0.000 0.000
-1.000  1.000  0.061  0.000  0.000  0.000  0.000  0.000  0.000 0.000 0.000
-1.000  1.000  0.100  0.000  0.000  0.000  0.000  0.000  0.000 0.000 0.000
-1.000  1.000  0.141  0.000  0.000  0.000  0.000  0.000  0.000 0.000 0.000
-1.000  1.000  0.185  0.000  0.000  0.000  0.000  0.000  0.000 0.000 0.000
-1.000  1.000  0.230  0.000  0.000  0.000  0.000  0.000  0.000 0.000 0.000
-1.000  1.000  0.278  0.000  0.000  0.000  0.000  0.000  0.000 0.000 0.000
-1.000  1.000  0.327  0.000  0.000  0.000  0.000  0.000  0.000 0.000 0.000
-1.000  1.000  0.377  0.000  0.000  0.000  0.000  0.000  0.000 0.000 0.000
-1.000  1.000  0.428  0.000  0.000  0.000  0.000  0.000  0.000 0.000 0.000
-1.000  1.000  0.480  0.000  0.000  0.000  0.000  0.000  0.000 0.000 0.000
-1.000  1.000  0.531  0.000  0.000  0.000  0.000  0.000  0.000 0.000 0.000
-1.000  1.000  0.583  0.000  0.000  0.000  0.000  0.000  0.000 0.000 0.000
-1.000  1.000  0.635  0.000  0.000  0.000  0.000  0.000  0.000 0.000 0.000
-1.000  1.000  0.685  0.000  0.000  0.000  0.000  0.000  0.000 0.000 0.000
-1.000  1.000  0.734  0.000  0.000  0.000  0.000  0.000  0.000 0.000 0.000
-1.000  1.000  0.782  0.000  0.000  0.000  0.000  0.000  0.000 0.000 0.000
-1.000  1.000  0.828  0.000  0.000  0.000  0.000  0.000  0.000 0.000 0.000
-1.000  1.000  0.872  0.000  0.000  0.000  0.000  0.000  0.000 0.000 0.000
-1.000  1.000  0.913  0.000  0.000  0.000  0.000  0.000  0.000 0.000 0.000
-1.000  1.000  0.952  0.000  0.000  0.000  0.000  0.000  0.000 0.000 0.000
-1.000  1.000  0.988  0.000  0.000  0.000  0.000  0.000  0.000 0.000 0.000
-1.000  1.000  1.020  0.000  0.000  0.000  0.000  0.000  0.000 0.000 0.000
-1.000  1.000  1.050  0.000  0.000  0.000  0.000  0.000  0.000 0.000 0.000
-1.000  1.000  1.076  0.000  0.000  0.000  0.000  0.000  0.000 0.000 0.000
-1.000  1.000  1.099  0.000  0.000  0.000  0.000  0.000  0.000 0.000 0.000
-1.000  1.000  1.119  0.000  0.000  0.000  0.000  0.000  0.000 0.000 0.000
-1.000  1.000  1.136  0.000  0.000  0.000  0.000  0.000  0.000 0.000 0.000
-1.000  1.000  1.149  0.000  0.000  0.000  0.000  0.000  0.000 0.000 0.000
-1.000  1.000  1.160  0.000  0.000  0.000  0.000  0.000  0.000 0.000 0.000
-1.000  1.000  1.169  0.000  0.000  0.000  0.000  0.000  0.000 0.000 0.000
-1.000  1.000  1.175  0.000  0.000  0.000  0.000  0.000  0.000 0.000 0.000
-1.000  1.000  1.179  0.000  0.000  0.000  0.000  0.000  0.000 0.000 0.000
-1.000  1.000  1.182  0.000  0.000  0.000  0.000  0.000  0.000 0.000 0.000
-1.000  1.000  1.184  0.000  0.000  0.000  0.000  0.000  0.000 0.000 0.000
-1.000  1.000  1.185  0.000  0.000  0.000  0.000  0.000  0.000 0.000 0.000
-1.000  1.000  1.185  0.000  0.000  0.000  0.000  0.000  0.000 0.000 0.000
-1.000  1.000  1.185  0.000  0.000  0.000  0.000  0.000  0.000 0.000 0.000
-1.000  1.000  1.185  0.000  0.000  0.000  0.000  0.000  0.000 0.000 0.000
-1.000  1.000  1.185  0.000  0.000  0.000  0.000  0.000  0.000 0.000 0.000
-1.000  1.000  1.185  0.000  0.000  0.000  0.000  0.000  0.000 0.000 0.000
-1.000  1.000  1.185  0.000  0.000  0.000  0.000  0.000  0.000 0.000 0.000
-1.000  1.000  1.185  0.000  0.000  0.000  0.000  0.000  0.000 0.000 0.000
-1.000  1.000  1.185  0.000  0.000  0.000  0.000  0.000  0.000 0.000 0.000
-1.000  1.000  1.185  0.000  0.000  0.000  0.000  0.000  0.000 0.000 0.000
-1.000  1.000  1.185  0.000  0.000  0.000  0.000  0.000  0.000 0.000 0.000
-1.000  1.000  1.185  0.000  0.000  0.000  0.000  0.000  0.000 0.000 0.000
-1.000  1.000  1.185  0.000  0.000  0.000  0.000  0.000  0.000 0.000 0.000
-1.000  1.000  1.185  0.000  0.000  0.000  0.000  0.000  0.000 0.000 0.000
-1.000  1.000  1.185  0.000  0.000  0.000  0.000  0.000  0.000 0.000 0.000
-1.000  1.000  1.185  0.000  0.000  0.000  0.000  0.000  0.000 0.000 0.000
-1.000  1.000  1.185  0.000  0.000  0.000  0.000  0.000  0.000 0.000 0.000
-1.000  1.000  1.185  0.000  0.000  0.000  0.000  0.000  0.000 0.000 0.000
-1.000  1.000  1.185  0.000  0.000  0.000  0.000  0.000  0.000 0.000 0.000
-1.000  1.000  1.185  0.000  0.000  0.000  0.000  0.000  0.000 0.000 0.000
-1.000  1.000  1.185  0.000  0.000  0.000  0.000  0.000  0.000 0.000 0.000
-1.000  1.000  1.185  0.000  0.000  0.000  0.000  0.000  0.000 0.000 0.000
-1.000  1.000  1.185  0.000  0.000  0.000  0.000  0.000  0.000 0.000 0.000
-1.000  1.000  1.185  0.000  0.000  0.000  0.000  0.000  0.000 0.000 0.000
-1.000  1.000  1.185  0.000  0.000  0.000  0.000  0.000  0.000 0.000 0.000
-1.000  1.000  1.185  0.000  0.000  0.000  0.000  0.000  0.000 0.000 0.000
-1.000  1.000  1.185  0.000  0.000  0.000  0.000  0.000  0.000 0.000 0.000
-1.000  1.000  1.185  0.000  0.000  0.000  0.000  0.000  0.000 0.000 0.000
-1.000  1.000  1.185  0.000  0.000  0.000  0.000  0.000  0.000 0.000 0.000
-1.000  1.000  1.185  0.000  0.000  0.000  0.000  0.000  0.000 0.000 0.000
-1.000  1.000  1.185  0.000  0.000  0.000  0.000  0.000  0.000 0.000 0.000
-1.000  1.000  1.185  0.000  0.000  0.000  0.000  0.000  0.000 0.000 0.000
-1.000  1.000  1.185  0.000  0.000  0.000  0.000  0.000  0.000 0.000 0.000
-1.000  1.000  1.185  0.000  0.000  0.000  0.000  0.000  0.000 0.000 0.000
-1.000  1.000  1.185  0.000  0.000  0.000  0.000  0.000  0.000 0.000 0.000
-1.000  1.000  1.185  0.000  0.000  0.000  0.000  0.000  0.000 0.000 0.000
-1.000  1.000  1.185  0.000  0.000  0.000  0.000  0.000  0.000 0.000 0.000
-1.000  1.000  1.185  0.000  0.000  0.000  0.000  0.000  0.000 0.000 0.000
-1.000  1.000  1.185  0.000  0.000  0.000  0.000  0.000  0.000 0.000 0.000
-1.000  1.000  1.185  0.000  0.000  0.000  0.000  0.000  0.000 0.000 0.000
-1.000  1.000  1.185  0.000  0.000  0.000  0.000  0.000  0.000 0.000 0.000
-1.000  1.000  1.185  0.000  0.000  0.000  0.000  0.000  0.000 0.000 0.000
-1.000  1.000  1.185  0.000  0.000  0.000  0.000  0.000  0.000 0.000 0.000
-1.000  1.000  1.185  0.000  0.000  0.000  0.000  0.000  0.000 0.000 0.000
-1.000  1.000  1.185  0.000  0.000  0.000  0.000  0.000  0.000 0.000 0.000
-1.000  1.000  1.185  0.000  0.000  0.000  0.000  0.000  0.000 0.000 0.000
-1.000  1.000  1.185  0.000  0.000  0.000  0.000  0.000  0.000 0.000 0.000
-1.000  1.000  1.185  0.000  0.000  0.000  0.000  0.000  0.000 0.000 0.000
-1.000  1.000  1.185  0.000  0.000  0.000  0.000  0.000  0.000 0.000 0.000
-1.000  1.000  1.185  0.000  0.000  0.000  0.000  0.000  0.000 0.000 0.000
-1.000  1.000  1.185  0.000  0.000  0.000  0.000  0.000  0.000 0.000 0.000
-1.000  1.000  1.185  0.000  0.000  0.000  0.000  0.000  0.000 0.000 0.000
-1.000  1.000  1.185  0.000  0.000  0.000  0.000  0.000  0.000 0.000 0.000
-1.000  1.000  1.185  0.000  0.000  0.000  0.000  0.000  0.000 0.000 0.000
-1.000  1.000  1.185  0.000  0.000  0.000  0.000  0.000  0.000 0.000 0.000
-1.000  1.000  1.185  0.000  0.000  0.000  0.000  0.000  0.000 0.000 0.000
-1.000  1.000  1.185  0.000  0.000  0.000  0.000  0.000  0.000 0.000 0.000
-1.000  1.000  1.185  0.000  0.000  0.000  0.000  0.000  0.000 0.000 0.000
-1.000  1.000  1.185  0.000  0.000  0.000  0.000  0.000  0.000 0.000 0.000
-1.000  1.000  1.185  0.000  0.000  0.000  0.000  0.000  0.000 0.000 0.000
-1.000  1.000  1.185  0.000  0.000  0.000  0.000  0.000  0.000 0.000 0.000
-1.000  1.000  1.185  0.000  0.000  0.000  0.000  0.000  0.000 0.000 0.000
-1.000  1.000  1.185  0.000  0.000  0.000  0.000  0.000  0.000 0.000 0.000
-1.000  1.000  1.185  0.000  0.000  0.000  0.000  0.000  0.000 0.000 0.000
-1.000  1.000  1.185  0.000  0.000  0.000  0.000  0.000  0.000 0.000 0.000
-1.000  1.000  1.185  0.000  0.000  0.000  0.000  0.000  0.000 0.000 0.000
-1.000  1.000  1.185  0.000  0.000  0.000  0.000  0.000  0.000 0.000 0.000
-1.000  1.000  1.185  0.000  0.000  0.000  0.000  0.000  0.000 0.000 0.000
-1.000  1.000  1.185  0.000  0.000  0.000  0.000  0.000  0.000 0.000 0.000
-1.000  1.000  1.185  0.000  0.000  0.000  0.000  0.000  0.000 0.000 0.000
-1.000  1.000  1.185  0.000  0.000  0.000  0.000  0.000  0.000 0.000 0.000
-1.000  1.000  1.185  0.000  0.000  0.000  0.000  0.000  0.000 0.000 0.000
-1.000  1.000  1.185  0.000  0.000  0.000  0.000  0.000  0.000 0.000 0.000
-1.000  1.000  1.185  0.000  0.000  0.000  0.000  0.000  0.000 0.000 0.000
-1.000  1.000  1.185  0.000  0.000  0.000  0.000  0.000  0.000 0.000 0.000
-1.000  1.000  1.185  0.000  0.000  0.000  0.000  0.000  0.000 0.000 0.000
-1.000  1.000  1.185  0.000  0.000  0.000  0.000  0.000  0.000 0.000 0.000
-1.000  1.000  1.185  0.000  0.000  0.000  0.000  0.000  0.000 0.000 0.000
-1.000  1.000  1.185  0.000  0.000  0.000  0.000  0.000  0.000 0.000 0.000
-1.000  1.000  1.185  0.000  0.000  0.000  0.000  0.000  0.000 0.000 0.000
-1.000  1.000  1.185  0.000  0.000  0.000  0.000  0.000  0.000 0.000 0.000
-1.000  1.000  1.185  0.000  0.000  0.000  0.000  0.000  0.000 0.000 0.000
-1.000  1.000  1.185  0.000  0.000  0.000  0.000  0.000  0.000 0.000 0.000
-1.000  1.000  1.185  0.000  0.000  0.000  0.000  0.000  0.000 0.000 0.000
-1.000  1.000  1.185  0.000  0.000  0.000  0.000  0.000  0.000 0.000 0.000
-1.000  1.000  1.185  0.000  0.000  0.000  0.000  0.000  0.000 0.000 0.000
-1.000  1.000  1.185  0.000  0.000  0.000  0.000  0.000  0.000 0.000 0.000
-1.000  1.000  1.185  0.000  0.000  0.000  0.000  0.000  0.000 0.000 0.000
-1.000  1.000  1.185  0.000  0.000  0.000  0.000  0.000  0.000 0.000 0.000
-1.000  1.000  1.185  0.000  0.000  0.000  0.000  0.000  0.000 0.000 0.000
-1.000  1.000  1.185  0.000  0.000  0.000  0.000  0.000  0.000 0.000 0.000
-1.000  1.000  1.185  0.000  0.000  0.000  0.000  0.000  0.000 0.000 0.000
-1.000  1.000  1.185  0.000  0.000  0.000  0.000  0.000  0.000 0.000 0.000
-1.000  1.000  1.185  0.000  0.000  0.000  0.000  0.000  0.000 0.000 0.000
-1.000  1.000  1.185  0.000  0.000  0.000  0.000  0.000  0.000 0.000 0.000
-1.000  1.000  1.185  0.000  0.000  0.000  0.000  0.000  0.000 0.000 0.000
-1.000  1.000  1.185  0.000  0.000  0.000  0.000  0.000  0.000 0.000 0.000
-1.000  1.000  1.185  0.000  0.000  0.000  0.000  0.000  0.000 0.000 0.000
-1.000  1.000  1.185  0.000  0.000  0.000  0.000  0.000  0.000 0.000 0.000
-1.000  1.000  1.185  0.000  0.000  0.000  0.000  0.000  0.000 0.000 0.000
-1.000  1.000  1.185  0.000  0.000  0.000  0.000  0.000  0.000 0.000 0.000
-1.000  1.000  1.185  0.000  0.000  0.000  0.000  0.000  0.000 0.000 0.000
-1.000  1.000  1.185  0.000  0.000  0.000  0.000  0.000  0.000 0.000 0.000
-1.000  1.000  1.185  0.000  0.000  0.000  0.000  0.000  0.000 0.000 0.000
-1.000  1.000  1.185  0.000  0.000  0.000  0.000  0.000  0.000 0.000 0.000
-1.000  1.000  1.185  0.000  0.000  0.000  0.000  0.000  0.000 0.000 0.000
-1.000  1.000  1.185  0.000  0.000  0.000  0.000  0.000  0.000 0.000 0.000
-1.000  1.000  1.185  0.000  0.000  0.000  0.000  0.000  0.000 0.000 0.000
-1.000  1.000  1.185  0.000  0.000  0.000  0.000  0.000  0.000 0.000 0.000
-1.000  1.000  1.185  0.000  0.000  0.000  0.000  0.000  0.000 0.000 0.000
-1.000  1.000  1.185  0.000  0.000  0.000  0.000  0.000  0.000 0.000 0.000
-1.000  1.000  1.185  0.000  0.000  0.000  0.000  0.000  0.000 0.000 0.000
-1.000  1.000  1.185  0.000  0.000  0.000  0.000  0.000  0.000 0.000 0.000
-1.000  1.000  1.185  0.000  0.000  0.000  0.000  0.000  0.000 0.000 0.000
-1.000  1.000  1.185  0.000  0.000  0.000  0.000  0.000  0.000 0.000 0.000
-1.000  1.000  1.185  0.000  0.000  0.000  0.000  0.000  0.000 0.000 0.000
-1.000  1.000  1.185  0.000  0.000  0.000  0.000  0.000  0.000 0.000 0.000
-1.000  1.000  1.185  0.000  0.000  0.000  0.000  0.000  0.000 0.000 0.000
-1.000  1.000  1.185  0.000  0.000  0.000  0.000  0.000  0.000 0.000 0.000
-1.000  1.000  1.185  0.000  0.000  0.000  0.000  0.000  0.000 0.000 0.000
-1.000  1.000  1.185  0.000  0.000  0.000  0.000  0.000  0.000 0.000 0.000
-1.000  1.000  1.185  0.000  0.000  0.000  0.000  0.000  0.000 0.000 0.000
-1.000  1.000  1.185  0.000  0.000  0.000  0.000  0.000  0.000 0.000 0.000
-1.000  1.000  1.185  0.000  0.000  0.000  0.000  0.000  0.000 0.000 0.000
-1.000  1.000  1.185  0.000  0.000  0.000  0.000  0.000  0.000 0.000 0.000
-1.000  1.000  1.185  0.000  0.000  0.000  0.000  0.000  0.000 0.000 0.000
-1.000  1.000  1.185  0.000  0.000  0.000  0.000  0.000  0.000 0.000 0.000
-1.000  1.000  1.185  0.000  0.000  0.000  0.000  0.000  0.000 0.000 0.000
-1.000  1.000  1.185  0.000  0.000  0.000  0.000  0.000  0.000 0.000 0.000
-1.000  1.000  1.185  0.000  0.000  0.000  0.000  0.000  0.000 0.000 0.000
-1.000  1.000  1.185  0.000  0.000  0.000  0.000  0.000  0.000 0.000 0.000
-1.000  1.000  1.185  0.000  0.000  0.000  0.000  0.000  0.000 0.000 0.000
-1.000  1.000  1.185  0.000  0.000  0.000  0.000  0.000  0.000 0.000 0.000
-1.000  1.000  1.185  0.000  0.000  0.000  0.000  0.000  0.000 0.000 0.000
-1.000  1.000  1.185  0.000  0.000  0.000  0.000  0.000  0.000 0.000 0.000
-1.000  1.000  1.185  0.000  0.000  0.000  0.000  0.000  0.000 0.000 0.000
-1.000  1.000  1.185  0.000  0.000  0.000  0.000  0.000  0.000 0.000 0.000
-1.000  1.000  1.185  0.000  0.000  0.000  0.000  0.000  0.000 0.000 0.000
-1.000  1.000  1.185  0.000  0.000  0.000  0.000  0.000  0.000 0.000 0.000
-1.000  1.000  1.185  0.000  0.000  0.000  0.000  0.000  0.000 0.000 0.000
-1.000  1.000  1.185  0.000  0.000  0.000  0.000  0.000  0.000 0.000 0.000
-1.000  1.000  1.185  0.000  0.000  0.000  0.000  0.000  0.000 0.000 0.000
-1.000  1.000  1.185  0.000  0.000  0.000  0.000  0.000  0.000 0.000 0.000
-1.000  1.000  1.185  0.000  0.000  0.000  0.000  0.000  0.000 0.000 0.000
-1.000  1.000  1.185  0.000  0.000  0.000  0.000  0.000  0.000 0.000 0.000
-1.000  1.000  1.185  0.000  0.000  0.000  0.000  0.000  0.000 0.000 0.000
-1.000  1.000  1.185  0.000  0.000  0.000  0.000  0.000  0.000 0.000 0.000
-1.000  1.000  1.185  0.000  0.000  0.000  0.000  0.000  0.000 0.000 0.000
-1.000  1.000  1.185  0.000  0.000  0.000  0.000  0.000  0.000 0.000 0.000
-1.000  1.000  1.185  0.000  0.000  0.000  0.000  0.000  0.000 0.000 0.000
-1.000  1.000  1.185  0.000  0.000  0.000  0.000  0.000  0.000 0.000 0.000
-1.000  1.000  1.185  0.000  0.000  0.000  0.000  0.000  0.000 0.000 0.000
-1.000  1.000  1.185  0.000  0.000  0.000  0.000  0.000  0.000 0.000 0.000
-1.000  1.000  1.185  0.000  0.000  0.000  0.000  0.000  0.000 0.000 0.000
-1.000  1.000  1.185  0.000  0.000  0.000  0.000  0.000  0.000 0.000 0.000
-1.000  1.000  1.185  0.000  0.000  0.000  0.000  0.000  0.000 0.000 0.000
-1.000  1.000  1.185  0.000  0.000  0.000  0.000  0.000  0.000 0.000 0.000
-1.000  1.000  1.185  0.000  0.000  0.000  0.000  0.000  0.000 0.000 0.000
-1.000  1.000  1.185  0.000  0.000  0.000  0.000  0.000  0.000 0.000 0.000
-1.000  1.000  1.185  0.000  0.000  0.000  0.000  0.000  0.000 0.000 0.000
-1.000  1.000  1.185  0.000  0.000  0.000  0.000  0.000  0.000 0.000 0.000
-1.000  1.000  1.185  0.000  0.000  0.000  0.000  0.000  0.000 0.000 0.000
-1.000  1.000  1.185  0.000  0.000  0.000  0.000  0.000  0.000 0.000 0.000
-1.000  1.000  1.185  0.000  0.000  0.000  0.000  0.000  0.000 0.000 0.000
-1.000  1.000  1.185  0.000  0.000  0.000  0.000  0.000  0.000 0.000 0.000
-1.000  1.000  1.185  0.000  0.000  0.000  0.000  0.000  0.000 0.000 0.000
-1.000  1.000  1.185  0.000  0.000  0.000  0.000  0.000  0.000 0.000 0.000
-1.000  1.000  1.185  0.000  0.000  0.000  0.000  0.000  0.000 0.000 0.000
-1.000  1.000  1.185  0.000  0.000  0.000  0.000  0.000  0.000 0.000 0.000
-1.000  1.000  1.185  0.000  0.000  0.000  0.000  0.000  0.000 0.000 0.000
-1.000  1.000  1.185  0.000  0.000  0.000  0.000  0.000  0.000 0.000 0.000
-1.000  1.000  1.185  0.000  0.000  0.000  0.000  0.000  0.000 0.000 0.000
-1.000  1.000  1.185  0.000  0.000  0.000  0.000  0.000  0.000 0.000 0.000
-1.000  1.000  1.185  0.000  0.000  0.000  0.000  0.000  0.000 0.000 0.000
-1.000  1.000  1.185  0.000  0.000  0.000  0.000  0.000  0.000 0.000 0.000
-1.000  1.000  1.185  0.000  0.000  0.000  0.000  0.000  0.000 0.000 0.000
-1.000  1.000  1.185  0.000  0.000  0.000  0.000  0.000  0.000 0.000 0.000
-1.000  1.000  1.185  0.000  0.000  0.000  0.000  0.000  0.000 0.000 0.000
-1.000  1.000  1.185  0.000  0.000  0.000  0.000  0.000  0.000 0.000 0.000
-1.000  1.000  1.185  0.000  0.000  0.000  0.000  0.000  0.000 0.000 0.000
-1.000  1.000  1.185  0.000  0.000  0.000  0.000  0.000  0.000 0.000 0.000
-1.000  1.000  1.185  0.000  0.000  0.000  0.000  0.000  0.000 0.000 0.000
-1.000  1.000  1.185  0.000  0.000  0.000  0.000  0.000  0.000 0.000 0.000
-1.000  1.000  1.185  0.000  0.000  0.000  0.000  0.000  0.000 0.000 0.000
-1.000  1.000  1.185  0.000  0.000  0.000  0.000  0.000  0.000 0.000 0.000
-1.000  1.000  1.185  0.000  0.000  0.000  0.000  0.000  0.000 0.000 0.000
-1.000  1.000  1.185  0.000  0.000  0.000  0.000  0.000  0.000 0.000 0.000
-1.000  1.000  1.185  0.000  0.000  0.000  0.000  0.000  0.000 0.000 0.000
-1.000  1.000  1.185  0.000  0.000  0.000  0.000  0.000  0.000 0.000 0.000
-1.000  1.000  1.185  0.000  0.000  0.000  0.000  0.000  0.000 0.000 0.000
-1.000  1.000  1.185  0.000  0.000  0.000  0.000  0.000  0.000 0.000 0.000
-1.000  1.000  1.185  0.000  0.000  0.000  0.000  0.000  0.000 0.000 0.000
-1.000  1.000  1.185  0.000  0.000  0.000  0.000  0.000  0.000 0.000 0.000
-1.000  1.000  1.185  0.000  0.000  0.000  0.000  0.000  0.000 0.000 0.000
-1.000  1.000  1.185  0.000  0.000  0.000  0.000  0.000  0.000 0.000 0.000
-1.000  1.000  1.185  0.000  0.000  0.000  0.000  0.000  0.000 0.000 0.000
-1.000  1.000  1.185  0.000  0.000  0.000  0.000  0.000  0.000 0.000 0.000
-1.000  1.000  1.185  0.000  0.000  0.000  0.000  0.000  0.000 0.000 0.000
-1.000  1.000  1.185  0.000  0.000  0.000  0.000  0.000  0.000 0.000 0.000
-1.000  1.000  1.185  0.000  0.000  0.000  0.000  0.000  0.000 0.000 0.000
-1.000  1.000  1.185  0.000  0.000  0.000  0.000  0.000  0.000 0.000 0.000
-1.000  1.000  1.185  0.000  0.000  0.000  0.000  0.000  0.000 0.000 0.000
-1.000  1.000  1.185  0.000  0.000  0.000  0.000  0.000  0.000 0.000 0.000
-1.000  1.000  1.185  0.000  0.000  0.000  0.000  0.000  0.000 0.000 0.000
-1.000  1.000  1.185  0.000 -0.000 -0.000  0.003 -0.001  0.003 0.000 0.000
-1.000  1.000  1.185  0.000 -0.000 -0.000  0.011 -0.004  0.011 0.000 0.000
-1.000  1.000  1.185  0.001 -0.000 -0.000  0.023 -0.010  0.023 0.000 0.000
-1.000  1.000  1.185  0.003 -0.001 -0.001  0.038 -0.016  0.038 0.000 0.000
-1.000  1.000  1.185  0.005 -0.002 -0.002  0.056 -0.025  0.056 0.000 0.000
-0.999  1.000  1.185  0.008 -0.004 -0.004  0.075 -0.035  0.075 0.000 0.000
-0.999  0.999  1.185  0.013 -0.006 -0.006  0.096 -0.046  0.096 0.000 0.000
-0.998  0.999  1.185  0.018 -0.008 -0.008  0.118 -0.059  0.118 0.000 0.000
-0.997  0.999  1.185  0.024 -0.012 -0.012  0.140 -0.072  0.140 0.000 0.000
-0.996  0.998  1.185  0.032 -0.016 -0.016  0.161 -0.086  0.161 0.000 0.000
-0.994  0.997  1.185  0.040 -0.020 -0.020  0.182 -0.101  0.182 0.000 0.000
-0.992  0.996  1.185  0.050 -0.026 -0.026  0.202 -0.117  0.202 0.000 0.000
-0.989  0.994  1.185  0.061 -0.032 -0.032  0.220 -0.132  0.220 0.000 0.000
-0.985  0.993  1.185  0.072 -0.039 -0.039  0.237 -0.148  0.237 0.000 0.000
-0.982  0.991  1.185  0.084 -0.047 -0.047  0.252 -0.164  0.252 0.000 0.000
-0.977  0.988  1.185  0.097 -0.055 -0.055  0.265 -0.180  0.265 0.000 0.000
-0.972  0.985  1.185  0.111 -0.065 -0.065  0.276 -0.196  0.276 0.000 0.000
-0.966  0.982  1.185  0.125 -0.075 -0.075  0.285 -0.211  0.285 0.000 0.000
-0.959  0.978  1.185  0.139 -0.086 -0.086  0.291 -0.226  0.291 0.000 0.000
-0.952  0.973  1.185  0.154 -0.098 -0.098  0.295 -0.241  0.295 0.000 0.000
-0.944  0.968  1.185  0.169 -0.110 -0.110  0.297 -0.254  0.297 0.000 0.000
-0.935  0.962  1.185  0.184 -0.123 -0.123  0.296 -0.267  0.296 0.000 0.000
-0.926  0.955  1.185  0.198 -0.137 -0.137  0.293 -0.279  0.293 0.000 0.000
-0.915  0.948  1.185  0.213 -0.151 -0.151  0.288 -0.290  0.288 0.000 0.000
-0.904  0.940  1.185  0.227 -0.166 -0.166  0.280 -0.300  0.280 0.000 0.000
-0.893  0.932  1.185  0.241 -0.181 -0.181  0.271 -0.308  0.271 0.000 0.000
-0.880  0.922  1.185  0.254 -0.196 -0.196  0.260 -0.315  0.260 0.000 0.000
-0.867  0.912  1.185  0.267 -0.212 -0.212  0.247 -0.321  0.247 0.000 0.000
-0.854  0.901  1.185  0.279 -0.228 -0.228  0.232 -0.326  0.232 0.000 0.000
-0.839  0.889  1.185  0.290 -0.245 -0.245  0.217 -0.329  0.217 0.000 0.000
-0.825  0.877  1.185  0.300 -0.261 -0.261  0.200 -0.330  0.200 0.000 0.000
-0.809  0.863  1.185  0.310 -0.278 -0.278  0.182 -0.330  0.182 0.000 0.000
-0.794  0.849  1.185  0.319 -0.294 -0.294  0.164 -0.328  0.164 0.000 0.000
-0.777  0.834  1.185  0.326 -0.311 -0.311  0.145 -0.325  0.145 0.000 0.000
-0.761  0.818  1.185  0.333 -0.327 -0.327  0.125 -0.320  0.125 0.000 0.000
-0.744  0.801  1.185  0.339 -0.343 -0.343  0.106 -0.313  0.106 0.000 0.000
-0.727  0.784  1.185  0.344 -0.358 -0.358  0.087 -0.304  0.087 0.000 0.000
-0.710  0.765  1.185  0.348 -0.373 -0.373  0.068 -0.294  0.068 0.000 0.000
-0.692  0.746  1.185  0.351 -0.387 -0.387  0.050 -0.282  0.050 0.000 0.000
-0.675  0.727  1.185  0.353 -0.401 -0.401  0.033 -0.268  0.033 0.000 0.000
-0.657  0.706  1.185  0.354 -0.414 -0.414  0.017 -0.253  0.017 0.000 0.000
-0.639  0.685  1.185  0.354 -0.426 -0.426  0.002 -0.236  0.002 0.000 0.000
-0.622  0.663  1.185  0.354 -0.438 -0.438 -0.012 -0.218 -0.012 0.000 0.000
-0.604  0.641  1.185  0.353 -0.448 -0.448 -0.024 -0.198 -0.024 0.000 0.000
-0.586  0.619  1.185  0.352 -0.458 -0.458 -0.035 -0.177 -0.035 0.000 0.000
-0.569  0.596  1.185  0.350 -0.466 -0.466 -0.044 -0.154 -0.044 0.000 0.000
-0.551  0.572  1.185  0.347 -0.473 -0.473 -0.051 -0.130 -0.051 0.000 0.000
-0.534  0.548  1.185  0.345 -0.479 -0.479 -0.056 -0.106 -0.056 0.000 0.000
-0.517  0.524  1.185  0.342 -0.484 -0.484 -0.058 -0.080 -0.058 0.000 0.000
-0.500  0.500  1.185  0.339 -0.487 -0.487 -0.059 -0.053 -0.059 0.000 0.000
-0.483  0.476  1.185  0.336 -0.489 -0.489 -0.058 -0.025 -0.058 0.000 0.000
-0.466  0.451  1.185  0.333 -0.489 -0.489 -0.055  0.003 -0.055 0.000 0.000
-0.450  0.427  1.185  0.330 -0.488 -0.488 -0.051  0.032 -0.051 0.000 0.000
-0.433  0.402  1.185  0.328 -0.486 -0.486 -0.044  0.060 -0.044 0.000 0.000
-0.417  0.378  1.185  0.326 -0.482 -0.482 -0.035  0.089 -0.035 0.000 0.000
-0.401  0.354  1.185  0.324 -0.477 -0.477 -0.026  0.118 -0.026 0.000 0.000
-0.385  0.330  1.185  0.323 -0.471 -0.471 -0.014  0.146 -0.014 0.000 0.000
-0.368  0.307  1.185  0.323 -0.463 -0.463 -0.002  0.174 -0.002 0.000 0.000
-0.352  0.284  1.185  0.323 -0.453 -0.453  0.012  0.202  0.012 0.000 0.000
-0.336  0.262  1.185  0.324 -0.442 -0.442  0.026  0.228  0.026 0.000 0.000
-0.320  0.240  1.185  0.326 -0.430 -0.430  0.041  0.253  0.041 0.000 0.000
-0.303  0.219  1.185  0.328 -0.417 -0.417  0.056  0.277  0.056 0.000 0.000
-0.287  0.198  1.185  0.332 -0.403 -0.403  0.072  0.299  0.072 0.000 0.000
-0.270  0.178  1.185  0.336 -0.387 -0.387  0.087  0.320  0.087 0.000 0.000
-0.253  0.160  1.185  0.340 -0.371 -0.371  0.102  0.339  0.102 0.000 0.000
-0.236  0.141  1.185  0.346 -0.353 -0.353  0.117  0.356  0.117 0.000 0.000
-0.219  0.124  1.185  0.352 -0.335 -0.335  0.131  0.371  0.131 0.000 0.000
-0.201  0.108  1.185  0.359 -0.316 -0.316  0.144  0.384  0.144 0.000 0.000
-0.183  0.093  1.185  0.366 -0.297 -0.297  0.156  0.395  0.156 0.000 0.000
-0.164  0.078  1.185  0.374 -0.277 -0.277  0.166  0.403  0.166 0.000 0.000
-0.145  0.065  1.185  0.383 -0.257 -0.257  0.175  0.408  0.175 0.000 0.000
-0.126  0.053  1.185  0.392 -0.236 -0.236  0.182  0.411  0.182 0.000 0.000
-0.106  0.041  1.185  0.401 -0.216 -0.216  0.188  0.411  0.188 0.000 0.000
-0.086  0.031  1.185  0.411 -0.195 -0.195  0.192  0.409  0.192 0.000 0.000
-0.065  0.022  1.185  0.420 -0.175 -0.175  0.193  0.403  0.193 0.000 0.000
-0.044  0.014  1.185  0.430 -0.155 -0.155  0.193  0.396  0.193 0.000 0.000
-0.022  0.006  1.185  0.440 -0.135 -0.135  0.190  0.386  0.190 0.000 0.000
 0.000 -0.000  1.185  0.449 -0.116 -0.116  0.186  0.373  0.186 0.000 0.000
 0.023 -0.005  1.185  0.458 -0.098 -0.098  0.179  0.358  0.179 0.000 0.000
 0.046 -0.010  1.185  0.467 -0.080 -0.080  0.171  0.341  0.171 0.000 0.000
 0.069 -0.013  1.185  0.475 -0.064 -0.064  0.161  0.322  0.161 0.000 0.000
 0.093 -0.016  1.185  0.483 -0.048 -0.048  0.149  0.301  0.149 0.000 0.000
 0.118 -0.018  1.185  0.490 -0.034 -0.034  0.135  0.279  0.135 0.000 0.000
 0.142 -0.020  1.185  0.496 -0.021 -0.021  0.121  0.255  0.121 0.000 0.000
 0.167 -0.020  1.185  0.502 -0.008 -0.008  0.105  0.230  0.105 0.000 0.000
 0.192 -0.020  1.185  0.507  0.003  0.003  0.088  0.205  0.088 0.000 0.000
 0.218 -0.020  1.185  0.511  0.012  0.012  0.071  0.179  0.071 0.000 0.000
 0.244 -0.019  1.185  0.514  0.020  0.020  0.053  0.153  0.053 0.000 0.000
 0.269 -0.018  1.185  0.516  0.027  0.027  0.035  0.128  0.035 0.000 0.000
 0.295 -0.017  1.185  0.517  0.033  0.033  0.017  0.102  0.017 0.000 0.000
 0.321 -0.015  1.185  0.518  0.038  0.038 -0.001  0.077 -0.001 0.000 0.000
 0.347 -0.013  1.185  0.517  0.041  0.041 -0.017  0.054 -0.017 0.000 0.000
 0.373 -0.011  1.185  0.516  0.043  0.043 -0.034  0.031 -0.034 0.000 0.000
 0.399 -0.009  1.185  0.514  0.044  0.044 -0.049  0.010 -0.049 0.000 0.000
 0.424 -0.006  1.185  0.511  0.044  0.044 -0.062 -0.009 -0.062 0.000 0.000
 0.450 -0.004  1.185  0.508  0.043  0.043 -0.075 -0.027 -0.075 0.000 0.000
 0.475 -0.002  1.185  0.504  0.041  0.041 -0.085 -0.043 -0.085 0.000 0.000
 0.500 -0.000  1.185  0.499  0.039  0.039 -0.094 -0.056 -0.094 0.000 0.000
 0.525  0.002  1.185  0.494  0.036  0.036 -0.101 -0.068 -0.101 0.000 0.000
 0.549  0.004  1.185  0.489  0.032  0.032 -0.106 -0.077 -0.106 0.000 0.000
 0.574  0.005  1.185  0.484  0.028  0.028 -0.110 -0.084 -0.110 0.000 0.000
 0.598  0.006  1.185  0.478  0.024  0.024 -0.111 -0.089 -0.111 0.000 0.000
 0.622  0.007  1.185  0.473  0.019  0.019 -0.110 -0.091 -0.110 0.000 0.000
 0.645  0.008  1.185  0.467  0.015  0.015 -0.108 -0.092 -0.108 0.000 0.000
 0.668  0.009  1.185  0.462  0.010  0.010 -0.103 -0.091 -0.103 0.000 0.000
 0.691  0.009  1.185  0.457  0.006  0.006 -0.097 -0.088 -0.097 0.000 0.000
 0.714  0.010  1.185  0.452  0.001  0.001 -0.089 -0.084 -0.089 0.000 0.000
 0.737  0.010  1.185  0.448 -0.003 -0.003 -0.080 -0.078 -0.080 0.000 0.000
 0.759  0.009  1.185  0.444 -0.006 -0.006 -0.070 -0.071 -0.070 0.000 0.000
 0.781  0.009  1.185  0.441 -0.010 -0.010 -0.058 -0.063 -0.058 0.000 0.000
 0.803  0.008  1.185  0.439 -0.013 -0.013 -0.045 -0.054 -0.045 0.000 0.000
 0.825  0.008  1.185  0.437 -0.015 -0.015 -0.032 -0.045 -0.032 0.000 0.000
 0.847  0.007  1.185  0.435 -0.017 -0.017 -0.018 -0.036 -0.018 0.000 0.000
 0.868  0.006  1.185  0.435 -0.019 -0.019 -0.003 -0.026 -0.003 0.000 0.000
 0.890  0.005  1.185  0.435 -0.020 -0.020  0.011 -0.016  0.011 0.000 0.000
 0.912  0.004  1.185  0.436 -0.020 -0.020  0.026 -0.007  0.026 0.000 0.000
 0.934  0.003  1.185  0.438 -0.020 -0.020  0.040  0.002  0.040 0.000 0.000
 0.956  0.002  1.185  0.440 -0.020 -0.020  0.054  0.011  0.054 0.000 0.000
 0.978  0.001  1.185  0.443 -0.019 -0.019  0.067  0.019  0.067 0.000 0.000
 1.000  0.000  1.185  0.447 -0.018 -0.018  0.080  0.026  0.080 0.000 0.000
 1.022 -0.001  1.185  0.451 -0.017 -0.017  0.091  0.031  0.091 0.000 0.000
 1.045 -0.002  1.185  0.456 -0.015 -0.015  0.102  0.036  0.102 0.000 0.000
 1.068 -0.002  1.185  0.461 -0.013 -0.013  0.110  0.040  0.110 0.000 0.000
 1.091 -0.003  1.185  0.467 -0.011 -0.011  0.118  0.043  0.118 0.000 0.000
 1.115 -0.003  1.185  0.473 -0.009 -0.009  0.123  0.045  0.123 0.000 0.000
 1.139 -0.004  1.185  0.479 -0.007 -0.007  0.127  0.046  0.127 0.000 0.000
 1.163 -0.004  1.185  0.486 -0.004 -0.004  0.129  0.045  0.129 0.000 0.000
 1.187 -0.004  1.185  0.492 -0.002 -0.002  0.129  0.044  0.129 0.000 0.000
 1.212 -0.004  1.185  0.498  0.000  0.000  0.127  0.042  0.127 0.000 0.000
 1.237 -0.004  1.185  0.505  0.002  0.002  0.123  0.040  0.123 0.000 0.000
 1.262 -0.004  1.185  0.511  0.004  0.004  0.116  0.036  0.116 0.000 0.000
 1.288 -0.004  1.185  0.516  0.006  0.006  0.107  0.032  0.107 0.000 0.000
 1.314 -0.004  1.185  0.521  0.007  0.007  0.096  0.028  0.096 0.000 0.000
 1.340 -0.003  1.185  0.526  0.009  0.009  0.083  0.023  0.083 0.000 0.000
 1.366 -0.003  1.185  0.530  0.010  0.010  0.068  0.019  0.068 0.000 0.000
 1.393 -0.002  1.185  0.533  0.010  0.010  0.050  0.014  0.050 0.000 0.000
 1.420 -0.002  1.185  0.535  0.011  0.011  0.031  0.009  0.031 0.000 0.000
 1.446 -0.001  1.185  0.536  0.011  0.011  0.009  0.004  0.009 0.000 0.000
 1.473 -0.001  1.185  0.535  0.011  0.011 -0.014 -0.001 -0.014 0.000 0.000
 1.500 -0.000  1.185  0.534  0.011  0.011 -0.039 -0.005 -0.039 0.000 0.000
 1.527  0.001  1.185  0.532  0.011  0.011 -0.065 -0.009 -0.065 0.000 0.000
 1.553  0.001  1.185  0.528  0.010  0.010 -0.092 -0.013 -0.092 0.000 0.000
 1.579  0.002  1.185  0.522  0.010  0.010 -0.120 -0.016 -0.120 0.000 0.000
 1.605  0.002  1.185  0.516  0.009  0.009 -0.149 -0.018 -0.149 0.000 0.000
 1.631  0.002  1.185  0.507  0.008  0.008 -0.179 -0.020 -0.179 0.000 0.000
 1.656  0.003  1.185  0.498  0.007  0.007 -0.208 -0.022 -0.208 0.000 0.000
 1.681  0.003  1.185  0.487  0.006  0.006 -0.237 -0.023 -0.237 0.000 0.000
 1.705  0.003  1.185  0.474  0.004  0.004 -0.266 -0.023 -0.266 0.000 0.000
 1.728  0.004  1.185  0.460  0.003  0.003 -0.293 -0.023 -0.293 0.000 0.000
 1.751  0.004  1.185  0.445  0.002  0.002 -0.320 -0.023 -0.320 0.000 0.000
 1.773  0.004  1.185  0.428  0.001  0.001 -0.344 -0.022 -0.344 0.000 0.000
 1.793  0.004  1.185  0.410 -0.000 -0.000 -0.367 -0.021 -0.367 0.000 0.000
 1.814  0.004  1.185  0.391 -0.001 -0.001 -0.388 -0.019 -0.388 0.000 0.000
 1.833  0.004  1.185  0.372 -0.002 -0.002 -0.406 -0.017 -0.406 0.000 0.000
 1.851  0.004  1.185  0.351 -0.003 -0.003 -0.422 -0.015 -0.422 0.000 0.000
 1.868  0.003  1.185  0.329 -0.004 -0.004 -0.435 -0.013 -0.435 0.000 0.000
 1.884  0.003  1.185  0.307 -0.004 -0.004 -0.444 -0.011 -0.444 0.000 0.000
 1.898  0.003  1.185  0.285 -0.005 -0.005 -0.450 -0.008 -0.450 0.000 0.000
 1.912  0.003  1.185  0.262 -0.005 -0.005 -0.453 -0.006 -0.453 0.000 0.000
 1.925  0.003  1.185  0.240 -0.005 -0.005 -0.452 -0.003 -0.452 0.000 0.000
 1.936  0.002  1.185  0.217 -0.005 -0.005 -0.447 -0.001 -0.447 0.000 0.000
 1.946  0.002  1.185  0.195 -0.005 -0.005 -0.439  0.002 -0.439 0.000 0.000
 1.956  0.002  1.185  0.174 -0.005 -0.005 -0.427  0.004 -0.427 0.000 0.000
 1.964  0.001  1.185  0.153 -0.005 -0.005 -0.411  0.005 -0.411 0.000 0.000
 1.971  0.001  1.185  0.132 -0.005 -0.005 -0.392  0.007 -0.392 0.000 0.000
 1.977  0.001  1.185  0.113 -0.004 -0.004 -0.370  0.008 -0.370 0.000 0.000
 1.982  0.001  1.185  0.096 -0.004 -0.004 -0.344  0.009 -0.344 0.000 0.000
 1.987  0.001  1.185  0.079 -0.003 -0.003 -0.316  0.009 -0.316 0.000 0.000
 1.990  0.000  1.185  0.064 -0.003 -0.003 -0.286  0.010 -0.286 0.000 0.000
 1.993  0.000  1.185  0.050 -0.002 -0.002 -0.254  0.009 -0.254 0.000 0.000
 1.995  0.000  1.185  0.039 -0.002 -0.002 -0.220  0.009 -0.220 0.000 0.000
 1.997  0.000  1.185  0.028 -0.001 -0.001 -0.186  0.008 -0.186 0.000 0.000
 1.998  0.000  1.185  0.020 -0.001 -0.001 -0.152  0.007 -0.152 0.000 0.000
 1.999  0.000  1.185  0.013 -0.001 -0.001 -0.119  0.006 -0.119 0.000 0.000
 1.999  0.000  1.185  0.008 -0.000 -0.000 -0.088  0.005 -0.088 0.000 0.000
 2.000  0.000  1.185  0.004 -0.000 -0.000 -0.060  0.003 -0.060 0.000 0.000
 2.000  0.000  1.185  0.002 -0.000 -0.000 -0.036  0.002 -0.036 0.000 0.000
 2.000  0.000  1.185  0.001 -0.000 -0.000 -0.017  0.001 -0.017 0.000 0.000
 2.000  0.000  1.185  0.000 -0.000 -0.000 -0.004  0.000 -0.004 0.000 0.000
 2.000  0.000  1.185 -0.000  0.000  0.000  0.000  0.000  0.000 0.000 0.000
 2.000  0.000  1.185  0.000  0.000  0.000  0.000  0.000  0.000 0.000 0.000
 2.000  0.000  1.185  0.000  0.000  0.000  0.000  0.000  0.000 0.000 0.000
 2.000  0.000  1.185  0.000  0.000  0.000  0.000  0.000  0.000 0.000 0.000
 2.000  0.000  1.185  0.000  0.000  0.000  0.000  0.000  0.000 0.000 0.000
 2.000  0.000  1.185  0.000  0.000  0.000  0.000  0.000  0.000 0.000 0.000
 2.000  0.000  1.185  0.000  0.000  0.000  0.000  0.000  0.000 0.000 0.000
 2.000  0.000  1.185  0.000  0.000  0.000  0.000  0.000  0.000 0.000 0.000
 2.000  0.000  1.185  0.000  0.000  0.000  0.000  0.000  0.000 0.000 0.000
 2.000  0.000  1.185  0.000  0.000  0.000  0.000  0.000  0.000 0.000 0.000
 2.000  0.000  1.185  0.000  0.000  0.000  0.000  0.000  0.000 0.000 0.000
 2.000  0.000  1.185  0.000  0.000  0.000  0.000  0.000  0.000 0.000 0.000
 2.000  0.000  1.185  0.000  0.000  0.000  0.000  0.000  0.000 0.000 0.000
 2.000  0.000  1.185  0.000  0.000  0.000  0.000  0.000  0.000 0.000 0.000
 2.000  0.000  1.185  0.000  0.000  0.000  0.000  0.000  0.000 0.000 0.000
 2.000  0.000  1.185  0.000  0.000  0.000  0.000  0.000  0.000 0.000 0.000
 2.000  0.000  1.185  0.000  0.000  0.000  0.000  0.000  0.000 0.000 0.000
 2.000  0.000  1.185  0.000  0.000  0.000  0.000  0.000  0.000 0.000 0.000
 2.000  0.000  1.185  0.000  0.000  0.000  0.000  0.000  0.000 0.000 0.000
 2.000  0.000  1.185  0.000  0.000  0.000  0.000  0.000  0.000 0.000 0.000
 2.000  0.000  1.185  0.000  0.000  0.000  0.000  0.000  0.000 0.000 0.000
 2.000  0.000  1.185  0.000  0.000  0.000  0.000  0.000  0.000 0.000 0.000
 2.000  0.000  1.185  0.000  0.000  0.000  0.000  0.000  0.000 0.000 0.000
 2.000  0.000  1.185  0.000  0.000  0.000  0.000  0.000  0.000 0.000 0.000
 2.000  0.000  1.185  0.000  0.000  0.000  0.000  0.000  0.000 0.000 0.000
 2.000  0.000  1.185  0.000  0.000  0.000  0.000  0.000  0.000 0.000 0.000
 2.000  0.000  1.185  0.000  0.000  0.000  0.000  0.000  0.000 0.000 0.000
 2.000  0.000  1.185  0.000  0.000  0.000  0.000  0.000  0.000 0.000 0.000
 2.000  0.000  1.185  0.000  0.000  0.000  0.000  0.000  0.000 0.000 0.000
 2.000  0.000  1.185  0.000  0.000  0.000  0.000  0.000  0.000 0.000 0.000
 2.000  0.000  1.185  0.000  0.000  0.000  0.000  0.000  0.000 0.000 0.000
 2.000  0.000  1.185  0.000  0.000  0.000  0.000  0.000  0.000 0.000 0.000
 2.000  0.000  1.185  0.000  0.000  0.000  0.000  0.000  0.000 0.000 0.000
 2.000  0.000  1.185  0.000  0.000  0.000  0.000  0.000  0.000 0.000 0.000
 2.000  0.000  1.185  0.000  0.000  0.000  0.000  0.000  0.000 0.000 0.000
 2.000  0.000  1.185  0.000  0.000  0.000  0.000  0.000  0.000 0.000 0.000
 2.000  0.000  1.185  0.000  0.000  0.000  0.000  0.000  0.000 0.000 0.000
 2.000  0.000  1.185  0.000  0.000  0.000  0.000  0.000  0.000 0.000 0.000
 2.000  0.000  1.185  0.000  0.000  0.000  0.000  0.000  0.000 0.000 0.000
 2.000  0.000  1.185  0.000  0.000  0.000  0.000  0.000  0.000 0.000 0.000
 2.000  0.000  1.185  0.000  0.000  0.000  0.000  0.000  0.000 0.000 0.000
 2.000  0.000  1.185  0.000  0.000  0.000  0.000  0.000  0.000 0.000 0.000
 2.000  0.000  1.185  0.000  0.000  0.000  0.000  0.000  0.000 0.000 0.000
 2.000  0.000  1.185  0.000  0.000  0.000  0.000  0.000  0.000 0.000 0.000
 2.000  0.000  1.185  0.000  0.000  0.000  0.000  0.000  0.000 0.000 0.000
 2.000  0.000  1.185  0.000  0.000  0.000  0.000  0.000  0.000 0.000 0.000
 2.000  0.000  1.185  0.000  0.000  0.000  0.000  0.000  0.000 0.000 0.000
 2.000  0.000  1.185  0.000  0.000  0.000  0.000  0.000  0.000 0.000 0.000
 2.000  0.000  1.185  0.000  0.000  0.000  0.000  0.000  0.000 0.000 0.000
 2.000  0.000  1.185  0.000  0.000  0.000  0.000  0.000  0.000 0.000 0.000
 2.000  0.000  1.185  0.000  0.000  0.000  0.000  0.000  0.000 0.000 0.000
 2.000  0.000  1.185  0.000  0.000  0.000  0.000  0.000  0.000 0.000 0.000
 2.000  0.000  1.185  0.000  0.000  0.000  0.000  0.000  0.000 0.000 0.000
 2.000  0.000  1.185  0.000  0.000  0.000  0.000  0.000  0.000 0.000 0.000
 2.000  0.000  1.185  0.000  0.000  0.000  0.000  0.000  0.000 0.000 0.000
 2.000  0.000  1.185  0.000  0.000  0.000  0.000  0.000  0.000 0.000 0.000
 2.000  0.000  1.185  0.000  0.000  0.000  0.000  0.000  0.000 0.000 0.000
 2.000  0.000  1.185  0.000  0.000  0.000  0.000  0.000  0.000 0.000 0.000
 2.000  0.000  1.185  0.000  0.000  0.000  0.000  0.000  0.000 0.000 0.000
 2.000  0.000  1.185  0.000  0.000  0.000  0.000  0.000  0.000 0.000 0.000
 2.000  0.000  1.185  0.000  0.000  0.000  0.000  0.000  0.000 0.000 0.000
 2.000 -0.000  1.185 -0.000 -0.000 -0.000 -0.005 -0.001 -0.005 0.000 0.000
 2.000 -0.000  1.185 -0.001 -0.000 -0.000 -0.018 -0.004 -0.018 0.000 0.000
 2.000 -0.000  1.185 -0.002 -0.000 -0.000 -0.038 -0.009 -0.038 0.000 0.000
 2.000 -0.000  1.185 -0.005 -0.001 -0.001 -0.064 -0.014 -0.064 0.000 0.000
 1.999 -0.000  1.185 -0.008 -0.002 -0.002 -0.094 -0.019 -0.094 0.000 0.000
 1.999 -0.000  1.185 -0.014 -0.003 -0.003 -0.126 -0.025 -0.126 0.000 0.000
 1.998 -0.000  1.185 -0.021 -0.004 -0.004 -0.161 -0.030 -0.161 0.000 0.000
 1.997 -0.001  1.185 -0.030 -0.006 -0.006 -0.196 -0.034 -0.196 0.000 0.000
 1.995 -0.001  1.185 -0.041 -0.008 -0.008 -0.231 -0.038 -0.231 0.000 0.000
 1.993 -0.001  1.185 -0.053 -0.010 -0.010 -0.265 -0.040 -0.265 0.000 0.000
 1.990 -0.002  1.185 -0.067 -0.012 -0.012 -0.298 -0.041 -0.298 0.000 0.000
 1.986 -0.003  1.185 -0.083 -0.014 -0.014 -0.328 -0.041 -0.328 0.000 0.000
 1.981 -0.003  1.185 -0.100 -0.016 -0.016 -0.356 -0.039 -0.356 0.000 0.000
 1.976 -0.004  1.186 -0.118 -0.018 -0.018 -0.381 -0.036 -0.381 0.000 0.000
 1.969 -0.005  1.186 -0.138 -0.019 -0.019 -0.402 -0.032 -0.402 0.000 0.000
 1.962 -0.006  1.186 -0.159 -0.021 -0.021 -0.420 -0.026 -0.420 0.000 0.000
 1.954 -0.007  1.186 -0.180 -0.022 -0.022 -0.434 -0.019 -0.434 0.000 0.000
 1.944 -0.008  1.186 -0.202 -0.023 -0.023 -0.444 -0.011 -0.444 0.000 0.000
 1.933 -0.009  1.186 -0.224 -0.023 -0.023 -0.450 -0.003 -0.450 0.000 0.000
 1.922 -0.011  1.187 -0.247 -0.023 -0.023 -0.452  0.007 -0.452 0.000 0.000
 1.909 -0.012  1.187 -0.269 -0.022 -0.022 -0.450  0.018 -0.450 0.000 0.000
 1.895 -0.013  1.187 -0.292 -0.021 -0.021 -0.444  0.028 -0.444 0.000 0.000
 1.880 -0.014  1.187 -0.314 -0.020 -0.020 -0.435  0.039 -0.435 0.000 0.000
 1.863 -0.015  1.187 -0.335 -0.017 -0.017 -0.422  0.050 -0.422 0.000 0.000
 1.846 -0.016  1.187 -0.356 -0.015 -0.015 -0.406  0.061 -0.406 0.000 0.000
 1.828 -0.016  1.187 -0.376 -0.011 -0.011 -0.387  0.072 -0.387 0.000 0.000
 1.809 -0.017  1.187 -0.395 -0.007 -0.007 -0.366  0.081 -0.366 0.000 0.000
 1.788 -0.017  1.187 -0.412 -0.003 -0.003 -0.342  0.090 -0.342 0.000 0.000
 1.767 -0.017  1.187 -0.429  0.002  0.002 -0.316  0.098 -0.316 0.000 0.000
 1.745 -0.017  1.187 -0.444  0.007  0.007 -0.288  0.104 -0.288 0.000 0.000
 1.723 -0.016  1.187 -0.458  0.012  0.012 -0.259  0.109 -0.259 0.000 0.000
 1.700 -0.016  1.187 -0.470  0.018  0.018 -0.229  0.113 -0.229 0.000 0.000
 1.676 -0.015  1.187 -0.480  0.023  0.023 -0.199  0.114 -0.199 0.000 0.000
 1.652 -0.013  1.187 -0.490  0.029  0.029 -0.168  0.113 -0.168 0.000 0.000
 1.627 -0.012  1.187 -0.497  0.035  0.035 -0.137  0.111 -0.137 0.000 0.000
 1.602 -0.010  1.186 -0.503  0.040  0.040 -0.107  0.106 -0.107 0.000 0.000
 1.577 -0.008  1.186 -0.508  0.045  0.045 -0.077  0.098 -0.077 0.000 0.000
 1.551 -0.005  1.186 -0.511  0.050  0.050 -0.048  0.089 -0.048 0.000 0.000
 1.526 -0.003  1.185 -0.513  0.054  0.054 -0.021  0.077 -0.021 0.000 0.000
 1.500  0.000  1.185 -0.513  0.057  0.057  0.005  0.063  0.005 0.000 0.000
 1.474  0.003  1.185 -0.512  0.060  0.060  0.029  0.046  0.029 0.000 0.000
 1.449  0.006  1.184 -0.510  0.062  0.062  0.051  0.028  0.051 0.000 0.000
 1.423  0.009  1.184 -0.507  0.063  0.063  0.071  0.007  0.071 0.000 0.000
 1.398  0.012  1.183 -0.503  0.063  0.063  0.089 -0.015  0.089 0.000 0.000
 1.373  0.015  1.183 -0.498  0.061  0.061  0.105 -0.039  0.105 0.000 0.000
 1.348  0.018  1.183 -0.493  0.059  0.059  0.118 -0.065  0.118 0.000 0.000
 1.324  0.021  1.182 -0.487  0.055  0.055  0.130 -0.091  0.130 0.000 0.000
 1.300  0.024  1.182 -0.480  0.050  0.050  0.139 -0.118  0.139 0.000 0.000
 1.276  0.026  1.182 -0.473  0.043  0.043  0.147 -0.145  0.147 0.000 0.000
 1.252  0.028  1.182 -0.465  0.035  0.035  0.152 -0.173  0.152 0.000 0.000
 1.229  0.030  1.181 -0.458  0.026  0.026  0.155 -0.201  0.155 0.000 0.000
 1.207  0.031  1.181 -0.450  0.015  0.015  0.156 -0.228  0.156 0.000 0.000
 1.184  0.031  1.181 -0.442  0.003  0.003  0.156 -0.254  0.156 0.000 0.000
 1.162  0.031  1.181 -0.434 -0.010 -0.010  0.154 -0.279  0.154 0.000 0.000
 1.141  0.030  1.181 -0.427 -0.025 -0.025  0.151 -0.303  0.151 0.000 0.000
 1.120  0.028  1.182 -0.419 -0.041 -0.041  0.147 -0.325  0.147 0.000 0.000
 1.099  0.026  1.182 -0.412 -0.057 -0.057  0.141 -0.345  0.141 0.000 0.000
 1.079  0.023  1.182 -0.405 -0.075 -0.075  0.134 -0.363  0.134 0.000 0.000
 1.058  0.018  1.183 -0.398 -0.094 -0.094  0.127 -0.378  0.127 0.000 0.000
 1.039  0.013  1.184 -0.392 -0.113 -0.113  0.119 -0.391  0.119 0.000 0.000
 1.019  0.007  1.184 -0.387 -0.133 -0.133  0.111 -0.401  0.111 0.000 0.000
 1.000 -0.000  1.185 -0.381 -0.153 -0.153  0.102 -0.407  0.102 0.000 0.000
 0.981 -0.008  1.186 -0.376 -0.173 -0.173  0.093 -0.411  0.093 0.000 0.000
 0.962 -0.017  1.187 -0.372 -0.194 -0.194  0.084 -0.412  0.084 0.000 0.000
 0.944 -0.028  1.188 -0.368 -0.215 -0.215  0.074 -0.409  0.074 0.000 0.000
 0.926 -0.039  1.189 -0.365 -0.235 -0.235  0.065 -0.404  0.065 0.000 0.000
 0.907 -0.051  1.190 -0.361 -0.255 -0.255  0.057 -0.396  0.057 0.000 0.000
 0.889 -0.064  1.191 -0.359 -0.274 -0.274  0.048 -0.384  0.048 0.000 0.000
 0.872 -0.078  1.192 -0.357 -0.293 -0.293  0.040 -0.370  0.040 0.000 0.000
 0.854 -0.094  1.193 -0.355 -0.311 -0.311  0.032 -0.354  0.032 0.000 0.000
 0.836 -0.110  1.194 -0.353 -0.329 -0.329  0.025 -0.335  0.025 0.000 0.000
 0.818 -0.126  1.195 -0.352 -0.345 -0.345  0.019 -0.314  0.019 0.000 0.000
 0.801 -0.144  1.196 -0.352 -0.360 -0.360  0.013 -0.291  0.013 0.000 0.000
 0.783 -0.162  1.197 -0.351 -0.374 -0.374  0.007 -0.266  0.007 0.000 0.000
 0.766 -0.181  1.198 -0.351 -0.386 -0.386  0.002 -0.240  0.002 0.000 0.000
 0.748 -0.201  1.198 -0.351 -0.398 -0.398 -0.002 -0.213 -0.002 0.000 0.000
 0.731 -0.221  1.199 -0.351 -0.408 -0.408 -0.006 -0.185 -0.006 0.000 0.000
 0.713 -0.242  1.199 -0.351 -0.416 -0.416 -0.009 -0.156 -0.009 0.000 0.000
 0.695 -0.263  1.199 -0.352 -0.423 -0.423 -0.011 -0.128 -0.011 0.000 0.000
 0.678 -0.284  1.199 -0.352 -0.429 -0.429 -0.013 -0.099 -0.013 0.000 0.000
 0.660 -0.306  1.199 -0.353 -0.433 -0.433 -0.014 -0.071 -0.014 0.000 0.000
 0.643 -0.327  1.199 -0.354 -0.436 -0.436 -0.014 -0.043 -0.014 0.000 0.000
 0.625 -0.349  1.198 -0.355 -0.438 -0.438 -0.014 -0.016 -0.014 0.000 0.000
 0.607 -0.371  1.197 -0.355 -0.438 -0.438 -0.014  0.010 -0.014 0.000 0.000
 0.589 -0.393  1.196 -0.356 -0.437 -0.437 -0.013  0.034 -0.013 0.000 0.000
 0.571 -0.415  1.194 -0.357 -0.434 -0.434 -0.011  0.057 -0.011 0.000 0.000
 0.554 -0.436  1.192 -0.357 -0.431 -0.431 -0.009  0.077 -0.009 0.000 0.000
 0.536 -0.458  1.190 -0.357 -0.427 -0.427 -0.007  0.096 -0.007 0.000 0.000
 0.518 -0.479  1.188 -0.358 -0.421 -0.421 -0.004  0.113 -0.004 0.000 0.000
 0.500 -0.500  1.185 -0.358 -0.415 -0.415 -0.001  0.127 -0.001 0.000 0.000
 0.482 -0.521  1.182 -0.358 -0.409 -0.409  0.002  0.140  0.002 0.000 0.000
 0.464 -0.541  1.178 -0.358 -0.402 -0.402  0.006  0.149  0.006 0.000 0.000
 0.446 -0.561  1.175 -0.357 -0.394 -0.394  0.010  0.156  0.010 0.000 0.000
 0.429 -0.580  1.171 -0.357 -0.386 -0.386  0.013  0.161  0.013 0.000 0.000
 0.411 -0.599  1.166 -0.356 -0.378 -0.378  0.017  0.164  0.017 0.000 0.000
 0.393 -0.618  1.161 -0.355 -0.370 -0.370  0.022  0.164  0.022 0.000 0.000
 0.375 -0.636  1.156 -0.354 -0.361 -0.361  0.026  0.161  0.026 0.000 0.000
 0.358 -0.654  1.151 -0.352 -0.353 -0.353  0.030  0.157  0.030 0.000 0.000
 0.340 -0.672  1.145 -0.351 -0.346 -0.346  0.034  0.151  0.034 0.000 0.000
 0.322 -0.689  1.139 -0.349 -0.338 -0.338  0.037  0.143  0.037 0.000 0.000
 0.305 -0.706  1.133 -0.347 -0.332 -0.332  0.041  0.133  0.041 0.000 0.000
 0.288 -0.722  1.127 -0.345 -0.325 -0.325  0.045  0.122  0.045 0.000 0.000
 0.271 -0.738  1.120 -0.343 -0.319 -0.319  0.048  0.109  0.048 0.000 0.000
 0.254 -0.754  1.113 -0.340 -0.314 -0.314  0.051  0.095  0.051 0.000 0.000
 0.237 -0.769  1.106 -0.337 -0.310 -0.310  0.054  0.081  0.054 0.000 0.000
 0.220 -0.785  1.099 -0.335 -0.306 -0.306  0.056  0.066  0.056 0.000 0.000
 0.203 -0.800  1.091 -0.332 -0.303 -0.303  0.058  0.050  0.058 0.000 0.000
 0.187 -0.815  1.084 -0.329 -0.301 -0.301  0.060  0.034  0.060 0.000 0.000
 0.170 -0.830  1.076 -0.326 -0.300 -0.300  0.061  0.018  0.061 0.000 0.000
 0.154 -0.845  1.068 -0.323 -0.299 -0.299  0.062  0.003  0.062 0.000 0.000
 0.138 -0.860  1.060 -0.320 -0.300 -0.300  0.062 -0.012  0.062 0.000 0.000
 0.122 -0.875  1.052 -0.317 -0.301 -0.301  0.062 -0.026  0.062 0.000 0.000
 0.106 -0.890  1.044 -0.314 -0.302 -0.302  0.061 -0.040  0.061 0.000 0.000
 0.091 -0.905  1.035 -0.311 -0.305 -0.305  0.060 -0.052  0.060 0.000 0.000
 0.075 -0.921  1.027 -0.308 -0.307 -0.307  0.059 -0.063  0.059 0.000 0.000
 0.060 -0.936  1.019 -0.305 -0.311 -0.311  0.056 -0.073  0.056 0.000 0.000
 0.045 -0.952  1.010 -0.302 -0.315 -0.315  0.054 -0.081  0.054 0.000 0.000
 0.030 -0.968  1.002 -0.299 -0.319 -0.319  0.051 -0.087  0.051 0.000 0.000
 0.015 -0.984  0.993 -0.297 -0.323 -0.323  0.047 -0.092  0.047 0.000 0.000
 0.000 -1.000  0.985 -0.295 -0.328 -0.328  0.043 -0.094  0.043 0.000 0.000
-0.015 -1.017  0.977 -0.293 -0.333 -0.333  0.039 -0.095  0.039 0.000 0.000
-0.029 -1.033  0.968 -0.291 -0.337 -0.337  0.034 -0.094  0.034 0.000 0.000
-0.044 -1.050  0.960 -0.289 -0.342 -0.342  0.028 -0.090  0.028 0.000 0.000
-0.058 -1.067  0.951 -0.288 -0.346 -0.346  0.022 -0.085  0.022 0.000 0.000
-0.073 -1.085  0.943 -0.287 -0.351 -0.351  0.016 -0.078  0.016 0.000 0.000
-0.087 -1.103  0.934 -0.286 -0.354 -0.354  0.010 -0.069  0.010 0.000 0.000
-0.101 -1.120  0.926 -0.286 -0.357 -0.357  0.003 -0.058  0.003 0.000 0.000
-0.116 -1.138  0.917 -0.286 -0.360 -0.360 -0.004 -0.046 -0.004 0.000 0.000
-0.130 -1.156  0.909 -0.286 -0.362 -0.362 -0.011 -0.031 -0.011 0.000 0.000
-0.144 -1.174  0.900 -0.287 -0.363 -0.363 -0.018 -0.016 -0.018 0.000 0.000
-0.159 -1.193  0.892 -0.288 -0.364 -0.364 -0.026  0.001 -0.026 0.000 0.000
-0.173 -1.211  0.883 -0.290 -0.363 -0.363 -0.033  0.019 -0.033 0.000 0.000
-0.188 -1.229  0.875 -0.292 -0.362 -0.362 -0.040  0.037 -0.040 0.000 0.000
-0.202 -1.247  0.866 -0.294 -0.359 -0.359 -0.048  0.057 -0.048 0.000 0.000
-0.217 -1.265  0.857 -0.296 -0.356 -0.356 -0.055  0.077 -0.055 0.000 0.000
-0.232 -1.283  0.848 -0.299 -0.352 -0.352 -0.062  0.098 -0.062 0.000 0.000
-0.247 -1.300  0.839 -0.302 -0.346 -0.346 -0.068  0.118 -0.068 0.000 0.000
-0.262 -1.317  0.830 -0.306 -0.340 -0.340 -0.075  0.139 -0.075 0.000 0.000
-0.277 -1.334  0.821 -0.310 -0.332 -0.332 -0.081  0.160 -0.081 0.000 0.000
-0.293 -1.350  0.811 -0.314 -0.324 -0.324 -0.087  0.180 -0.087 0.000 0.000
-0.309 -1.366  0.802 -0.319 -0.314 -0.314 -0.092  0.200 -0.092 0.000 0.000
-0.325 -1.382  0.792 -0.323 -0.304 -0.304 -0.097  0.218 -0.097 0.000 0.000
-0.341 -1.397  0.782 -0.328 -0.292 -0.292 -0.101  0.236 -0.101 0.000 0.000
-0.358 -1.411  0.772 -0.333 -0.280 -0.280 -0.105  0.253 -0.105 0.000 0.000
-0.375 -1.425  0.762 -0.339 -0.267 -0.267 -0.108  0.269 -0.108 0.000 0.000
-0.392 -1.438  0.752 -0.344 -0.253 -0.253 -0.111  0.283 -0.111 0.000 0.000
-0.409 -1.450  0.741 -0.350 -0.239 -0.239 -0.113  0.295 -0.113 0.000 0.000
-0.427 -1.462  0.730 -0.356 -0.224 -0.224 -0.114  0.306 -0.114 0.000 0.000
-0.445 -1.472  0.719 -0.361 -0.208 -0.208 -0.114  0.315 -0.114 0.000 0.000
-0.463 -1.482  0.708 -0.367 -0.192 -0.192 -0.114  0.322 -0.114 0.000 0.000
-0.481 -1.492  0.697 -0.373 -0.176 -0.176 -0.113  0.328 -0.113 0.000 0.000
-0.500 -1.500  0.685 -0.378 -0.160 -0.160 -0.112  0.331 -0.112 0.000 0.000
-0.519 -1.508  0.673 -0.384 -0.143 -0.143 -0.109  0.332 -0.109 0.000 0.000
-0.538 -1.514  0.661 -0.389 -0.126 -0.126 -0.106  0.331 -0.106 0.000 0.000
-0.558 -1.520  0.649 -0.394 -0.110 -0.110 -0.102  0.329 -0.102 0.000 0.000
-0.578 -1.525  0.637 -0.399 -0.094 -0.094 -0.097  0.324 -0.097 0.000 0.000
-0.598 -1.530  0.624 -0.404 -0.078 -0.078 -0.092  0.317 -0.092 0.000 0.000
-0.618 -1.533  0.612 -0.409 -0.062 -0.062 -0.086  0.309 -0.086 0.000 0.000
-0.639 -1.536  0.599 -0.413 -0.047 -0.047 -0.079  0.299 -0.079 0.000 0.000
-0.659 -1.538  0.586 -0.416 -0.032 -0.032 -0.072  0.287 -0.072 0.000 0.000
-0.680 -1.539  0.574 -0.420 -0.018 -0.018 -0.064  0.274 -0.064 0.000 0.000
-0.701 -1.540  0.561 -0.423 -0.005 -0.005 -0.056  0.259 -0.056 0.000 0.000
-0.723 -1.539  0.548 -0.425  0.008  0.008 -0.047  0.243 -0.047 0.000 0.000
-0.744 -1.539  0.535 -0.428  0.020  0.020 -0.038  0.226 -0.038 0.000 0.000
-0.765 -1.538  0.522 -0.429  0.030  0.030 -0.028  0.208 -0.028 0.000 0.000
-0.787 -1.536  0.509 -0.430  0.040  0.040 -0.018  0.190 -0.018 0.000 0.000
-0.808 -1.534  0.496 -0.431  0.049  0.049 -0.008  0.171 -0.008 0.000 0.000
-0.830 -1.531  0.483 -0.431  0.057  0.057  0.002  0.151  0.002 0.000 0.000
-0.852 -1.528  0.470 -0.431  0.064  0.064  0.013  0.131  0.013 0.000 0.000
-0.873 -1.524  0.457 -0.430  0.071  0.071  0.024  0.111  0.024 0.000 0.000
-0.895 -1.521  0.445 -0.428  0.076  0.076  0.035  0.091  0.035 0.000 0.000
-0.916 -1.517  0.432 -0.426  0.080  0.080  0.046  0.072  0.046 0.000 0.000
-0.937 -1.513  0.420 -0.424  0.083  0.083  0.057  0.053  0.057 0.000 0.000
-0.958 -1.509  0.408 -0.421  0.085  0.085  0.068  0.034  0.068 0.000 0.000
-0.979 -1.504  0.397 -0.417  0.086  0.086  0.078  0.016  0.078 0.000 0.000
-1.000 -1.500  0.385 -0.413  0.087  0.087  0.089 -0.001  0.089 0.000 0.000
-1.021 -1.496  0.374 -0.408  0.086  0.086  0.099 -0.018  0.099 0.000 0.000
-1.041 -1.491  0.363 -0.403  0.085  0.085  0.109 -0.033  0.109 0.000 0.000
-1.061 -1.487  0.352 -0.397  0.083  0.083  0.119 -0.047  0.119 0.000 0.000
-1.081 -1.483  0.342 -0.391  0.080  0.080  0.129 -0.061  0.129 0.000 0.000
-1.100 -1.479  0.332 -0.384  0.077  0.077  0.138 -0.072  0.138 0.000 0.000
-1.119 -1.475  0.322 -0.377  0.073  0.073  0.146 -0.083  0.146 0.000 0.000
-1.138 -1.472  0.312 -0.370  0.068  0.068  0.155 -0.093  0.155 0.000 0.000
-1.156 -1.469  0.303 -0.362  0.064  0.064  0.163 -0.101  0.163 0.000 0.000
-1.174 -1.466  0.295 -0.354  0.058  0.058  0.170 -0.108  0.170 0.000 0.000
-1.191 -1.463  0.286 -0.345  0.053  0.053  0.177 -0.114  0.177 0.000 0.000
-1.208 -1.460  0.279 -0.336  0.047  0.047  0.183 -0.118  0.183 0.000 0.000
-1.225 -1.458  0.271 -0.327  0.041  0.041  0.189 -0.121  0.189 0.000 0.000
-1.241 -1.456  0.264 -0.317  0.035  0.035  0.194 -0.123  0.194 0.000 0.000
-1.257 -1.455  0.257 -0.307  0.029  0.029  0.199 -0.124  0.199 0.000 0.000
-1.272 -1.453  0.251 -0.297  0.023  0.023  0.203 -0.123  0.203 0.000 0.000
-1.286 -1.452  0.244 -0.287  0.016  0.016  0.207 -0.122  0.207 0.000 0.000
-1.300 -1.452  0.239 -0.276  0.010  0.010  0.209 -0.119  0.209 0.000 0.000
-1.314 -1.451  0.233 -0.266  0.005  0.005  0.212 -0.116  0.212 0.000 0.000
-1.327 -1.451  0.228 -0.255 -0.001 -0.001  0.214 -0.112  0.214 0.000 0.000
-1.339 -1.451  0.224 -0.245 -0.007 -0.007  0.215 -0.107  0.215 0.000 0.000
-1.351 -1.452  0.219 -0.234 -0.012 -0.012  0.215 -0.101  0.215 0.000 0.000
-1.363 -1.453  0.216 -0.223 -0.017 -0.017  0.215 -0.094  0.215 0.000 0.000
-1.374 -1.454  0.212 -0.212 -0.021 -0.021  0.215 -0.087  0.215 0.000 0.000
-1.384 -1.455  0.209 -0.202 -0.025 -0.025  0.214 -0.079  0.214 0.000 0.000
-1.394 -1.456  0.205 -0.191 -0.029 -0.029  0.212 -0.071  0.212 0.000 0.000
-1.403 -1.458  0.203 -0.180 -0.032 -0.032  0.210 -0.063  0.210 0.000 0.000
-1.412 -1.459  0.200 -0.170 -0.035 -0.035  0.207 -0.054  0.207 0.000 0.000
-1.420 -1.461  0.198 -0.160 -0.038 -0.038  0.203 -0.045  0.203 0.000 0.000
-1.428 -1.463  0.196 -0.150 -0.040 -0.040  0.200 -0.037  0.200 0.000 0.000
-1.435 -1.465  0.194 -0.140 -0.042 -0.042  0.195 -0.028  0.195 0.000 0.000
-1.442 -1.467  0.193 -0.130 -0.043 -0.043  0.191 -0.019  0.191 0.000 0.000
-1.448 -1.469  0.191 -0.121 -0.043 -0.043  0.185 -0.011  0.185 0.000 0.000
-1.454 -1.472  0.190 -0.112 -0.044 -0.044  0.180 -0.003  0.180 0.000 0.000
-1.459 -1.474  0.189 -0.103 -0.044 -0.044  0.174  0.005  0.174 0.000 0.000
-1.464 -1.476  0.188 -0.094 -0.043 -0.043  0.167  0.013  0.167 0.000 0.000
-1.469 -1.478  0.187 -0.086 -0.042 -0.042  0.161  0.020  0.161 0.000 0.000
-1.473 -1.480  0.187 -0.078 -0.041 -0.041  0.154  0.026  0.154 0.000 0.000
-1.477 -1.482  0.186 -0.071 -0.040 -0.040  0.146  0.032  0.146 0.000 0.000
-1.480 -1.484  0.186 -0.064 -0.038 -0.038  0.139  0.037  0.139 0.000 0.000
-1.483 -1.486  0.185 -0.057 -0.036 -0.036  0.131  0.042  0.131 0.000 0.000
-1.486 -1.488  0.185 -0.050 -0.034 -0.034  0.123  0.045  0.123 0.000 0.000
-1.488 -1.489  0.185 -0.044 -0.032 -0.032  0.115  0.048  0.115 0.000 0.000
-1.490 -1.491  0.185 -0.039 -0.029 -0.029  0.107  0.050  0.107 0.000 0.000
-1.492 -1.492  0.185 -0.034 -0.027 -0.027  0.099  0.052  0.099 0.000 0.000
-1.493 -1.494  0.185 -0.029 -0.024 -0.024  0.091  0.052  0.091 0.000 0.000
-1.495 -1.495  0.185 -0.025 -0.021 -0.021  0.083  0.052  0.083 0.000 0.000
-1.496 -1.496  0.185 -0.021 -0.019 -0.019  0.075  0.051  0.075 0.000 0.000
-1.497 -1.497  0.185 -0.017 -0.016 -0.016  0.067  0.050  0.067 0.000 0.000
-1.498 -1.497  0.185 -0.014 -0.014 -0.014  0.059  0.047  0.059 0.000 0.000
-1.498 -1.498  0.185 -0.011 -0.012 -0.012  0.052  0.044  0.052 0.000 0.000
-1.499 -1.499  0.185 -0.009 -0.009 -0.009  0.045  0.041  0.045 0.000 0.000
-1.499 -1.499  0.185 -0.007 -0.008 -0.008  0.038  0.037  0.038 0.000 0.000
-1.499 -1.499  0.185 -0.005 -0.006 -0.006  0.032  0.032  0.032 0.000 0.000
-1.500 -1.500  0.185 -0.004 -0.004 -0.004  0.026  0.028  0.026 0.000 0.000
-1.500 -1.500  0.185 -0.002 -0.003 -0.003  0.020  0.023  0.020 0.000 0.000
-1.500 -1.500  0.185 -0.002 -0.002 -0.002  0.015  0.018  0.015 0.000 0.000
-1.500 -1.500  0.185 -0.001 -0.001 -0.001  0.011  0.014  0.011 0.000 0.000
-1.500 -1.500  0.185 -0.000 -0.001 -0.001  0.007  0.009  0.007 0.000 0.000
-1.500 -1.500  0.185 -0.000 -0.000 -0.000  0.004  0.006  0.004 0.000 0.000
-1.500 -1.500  0.185 -0.000 -0.000 -0.000  0.002  0.003  0.002 0.000 0.000
-1.500 -1.500  0.185 -0.000 -0.000 -0.000  0.000  0.001  0.000 0.000 0.000
-1.500 -1.500  0.185  0.000 -0.000 -0.000 -0.000  0.000 -0.000 0.000 0.000
