-1.500 1.500 0.185 -0.000 0.000 0.000 -0.000 0.000 0.002 0.000 0.000
-1.500 1.500 0.185 -0.000 0.000 0.000 -0.000 0.000 0.006 0.000 0.000
-1.500 1.500 0.185 -0.000 0.000 0.001 0.000 -0.000 0.013 0.000 0.000
-1.500 1.500 0.185 -0.000 0.000 0.002 0.000 -0.000 0.023 0.000 0.000
-1.500 1.500 0.185 -0.000 0.000 0.003 0.000 -0.000 0.034 0.000 0.000
-1.500 1.500 0.185 -0.000 0.000 0.005 0.000 -0.000 0.047 0.000 0.000
-1.500 1.500 0.186 -0.000 0.000 0.008 0.000 -0.000 0.061 0.000 0.000
-1.500 1.500 0.186 -0.000 0.000 0.011 0.000 -0.000 0.076 0.000 0.000
-1.500 1.500 0.187 -0.000 0.000 0.015 0.000 -0.000 0.092 0.000 0.000
-1.500 1.500 0.188 -0.000 0.000 0.020 0.000 -0.000 0.109 0.000 0.000
-1.500 1.500 0.189 -0.000 0.000 0.026 0.000 -0.000 0.126 0.000 0.000
-1.500 1.500 0.190 -0.000 0.000 0.033 0.000 -0.000 0.142 0.000 0.000
-1.500 1.500 0.192 -0.000 0.000 0.041 0.000 -0.000 0.159 0.000 0.000
-1.500 1.500 0.194 -0.000 0.000 0.049 0.000 -0.000 0.175 0.000 0.000
-1.500 1.500 0.197 -0.000 0.000 0.058 0.000 -0.000 0.191 0.000 0.000
-1.500 1.500 0.200 -0.000 0.000 0.068 0.000 -0.000 0.206 0.000 0.000
-1.500 1.500 0.204 -0.000 0.000 0.079 0.000 -0.000 0.221 0.000 0.000
-1.500 1.500 0.208 -0.000 0.000 0.090 0.000 -0.000 0.234 0.000 0.000
-1.500 1.500 0.213 -0.000 0.000 0.102 0.000 -0.000 0.247 0.000 0.000
-1.500 1.500 0.218 -0.000 0.000 0.115 0.000 -0.000 0.258 0.000 0.000
-1.500 1.500 0.224 -0.000 0.000 0.128 0.000 -0.000 0.268 0.000 0.000
-1.500 1.500 0.231 -0.000 0.000 0.141 0.000 -0.000 0.277 0.000 0.000
-1.500 1.500 0.239 -0.000 0.000 0.156 0.000 -0.000 0.285 0.000 0.000
-1.500 1.500 0.247 -0.000 0.000 0.170 0.000 -0.000 0.291 0.000 0.000
-1.500 1.500 0.256 -0.000 0.000 0.185 0.000 -0.000 0.295 0.000 0.000
-1.500 1.500 0.265 -0.000 0.000 0.199 0.000 -0.000 0.299 0.000 0.000
-1.500 1.500 0.276 -0.000 0.000 0.214 0.000 -0.000 0.300 0.000 0.000
-1.500 1.500 0.287 -0.000 0.000 0.229 0.000 -0.000 0.300 0.000 0.000
-1.500 1.500 0.298 -0.000 0.000 0.244 0.000 -0.000 0.299 0.000 0.000
-1.500 1.500 0.311 -0.000 0.000 0.259 0.000 -0.000 0.296 0.000 0.000
-1.500 1.500 0.324 -0.000 0.000 0.274 0.000 -0.000 0.292 0.000 0.000
-1.500 1.500 0.338 -0.000 0.000 0.288 0.000 -0.000 0.286 0.000 0.000
-1.500 1.500 0.353 -0.000 0.000 0.303 0.000 -0.000 0.279 0.000 0.000
-1.500 1.500 0.369 -0.000 0.000 0.316 0.000 -0.000 0.271 0.000 0.000
-1.500 1.500 0.385 -0.000 0.000 0.330 0.000 -0.000 0.261 0.000 0.000
-1.500 1.500 0.402 -0.000 0.000 0.342 0.000 -0.000 0.250 0.000 0.000
-1.500 1.500 0.419 -0.000 0.000 0.355 0.000 -0.000 0.237 0.000 0.000
-1.500 1.500 0.437 0.000 -0.000 0.366 0.000 -0.000 0.224 0.000 0.000
-1.500 1.500 0.456 0.000 -0.000 0.377 0.000 -0.000 0.209 0.000 0.000
-1.500 1.500 0.475 0.000 -0.000 0.387 0.000 -0.000 0.194 0.000 0.000
-1.500 1.500 0.494 0.000 -0.000 0.396 0.000 -0.000 0.177 0.000 0.000
-1.500 1.500 0.514 0.000 -0.000 0.405 0.000 -0.000 0.160 0.000 0.000
-1.500 1.500 0.535 0.000 -0.000 0.412 0.000 -0.000 0.141 0.000 0.000
-1.500 1.500 0.556 0.000 -0.000 0.419 0.000 -0.000 0.122 0.000 0.000
-1.500 1.500 0.577 0.000 -0.000 0.425 0.000 -0.000 0.103 0.000 0.000
-1.500 1.500 0.598 0.000 -0.000 0.429 0.000 -0.000 0.083 0.000 0.000
-1.500 1.500 0.620 0.000 -0.000 0.433 0.000 -0.000 0.063 0.000 0.000
-1.500 1.500 0.641 0.000 -0.000 0.435 0.000 -0.000 0.042 0.000 0.000
-1.500 1.500 0.663 0.000 -0.000 0.437 0.000 -0.000 0.021 0.000 0.000
-1.500 1.500 0.685 0.000 -0.000 0.438 -0.000 0.000 0.000 0.000 0.000
-1.500 1.500 0.707 0.000 -0.000 0.437 0.000 -0.000 -0.021 0.000 0.000
-1.500 1.500 0.729 0.000 -0.000 0.435 0.000 -0.000 -0.042 0.000 0.000
-1.500 1.500 0.750 0.000 -0.000 0.433 -0.000 0.000 -0.063 0.000 0.000
-1.500 1.500 0.772 0.000 -0.000 0.429 -0.000 0.000 -0.083 0.000 0.000
-1.500 1.500 0.793 0.000 -0.000 0.425 -0.000 0.000 -0.103 0.000 0.000
-1.500 1.500 0.814 0.000 -0.000 0.419 -0.000 0.000 -0.122 0.000 0.000
-1.500 1.500 0.835 0.000 -0.000 0.412 -0.000 0.000 -0.141 0.000 0.000
-1.500 1.500 0.856 0.000 -0.000 0.405 -0.000 0.000 -0.160 0.000 0.000
-1.500 1.500 0.876 0.000 -0.000 0.396 -0.000 0.000 -0.177 0.000 0.000
-1.500 1.500 0.895 0.000 -0.000 0.387 -0.000 0.000 -0.194 0.000 0.000
-1.500 1.500 0.914 0.000 -0.000 0.377 -0.000 0.000 -0.209 0.000 0.000
-1.500 1.500 0.933 0.000 -0.000 0.366 -0.000 0.000 -0.224 0.000 0.000
-1.500 1.500 0.951 0.000 -0.000 0.355 -0.000 0.000 -0.237 0.000 0.000
-1.500 1.500 0.968 0.000 -0.000 0.342 -0.000 0.000 -0.250 0.000 0.000
-1.500 1.500 0.985 0.000 -0.000 0.330 -0.000 0.000 -0.261 0.000 0.000
-1.500 1.500 1.001 0.000 -0.000 0.316 -0.000 0.000 -0.271 0.000 0.000
-1.500 1.500 1.017 0.000 -0.000 0.303 0.000 -0.000 -0.279 0.000 0.000
-1.500 1.500 1.032 0.000 -0.000 0.288 0.000 -0.000 -0.286 0.000 0.000
-1.500 1.500 1.046 0.000 -0.000 0.274 0.000 -0.000 -0.292 0.000 0.000
-1.500 1.500 1.059 0.000 -0.000 0.259 0.000 -0.000 -0.296 0.000 0.000
-1.500 1.500 1.072 0.000 -0.000 0.244 0.000 -0.000 -0.299 0.000 0.000
-1.500 1.500 1.083 0.000 -0.000 0.229 0.000 -0.000 -0.300 0.000 0.000
-1.500 1.500 1.094 0.000 -0.000 0.214 0.000 -0.000 -0.300 0.000 0.000
-1.500 1.500 1.105 0.000 -0.000 0.199 0.000 -0.000 -0.299 0.000 0.000
-1.500 1.500 1.114 0.000 -0.000 0.185 0.000 -0.000 -0.295 0.000 0.000
-1.500 1.500 1.123 0.000 -0.000 0.170 0.000 -0.000 -0.291 0.000 0.000
-1.500 1.500 1.131 0.000 -0.000 0.156 0.000 -0.000 -0.285 0.000 0.000
-1.500 1.500 1.139 0.000 -0.000 0.141 0.000 -0.000 -0.277 0.000 0.000
-1.500 1.500 1.146 0.000 -0.000 0.128 0.000 -0.000 -0.268 0.000 0.000
-1.500 1.500 1.152 0.000 -0.000 0.115 0.000 -0.000 -0.258 0.000 0.000
-1.500 1.500 1.157 0.000 -0.000 0.102 0.000 -0.000 -0.247 0.000 0.000
-1.500 1.500 1.162 0.000 -0.000 0.090 0.000 -0.000 -0.234 0.000 0.000
-1.500 1.500 1.166 0.000 -0.000 0.079 0.000 -0.000 -0.221 0.000 0.000
-1.500 1.500 1.170 0.000 -0.000 0.068 -0.000 0.000 -0.206 0.000 0.000
-1.500 1.500 1.173 0.000 -0.000 0.058 -0.000 0.000 -0.191 0.000 0.000
-1.500 1.500 1.176 0.000 -0.000 0.049 -0.000 0.000 -0.175 0.000 0.000
-1.500 1.500 1.178 0.000 -0.000 0.041 -0.000 0.000 -0.159 0.000 0.000
-1.500 1.500 1.180 0.000 -0.000 0.033 -0.000 0.000 -0.142 0.000 0.000
-1.500 1.500 1.181 0.000 -0.000 0.026 -0.000 0.000 -0.126 0.000 0.000
-1.500 1.500 1.182 0.000 -0.000 0.020 -0.000 0.000 -0.109 0.000 0.000
-1.500 1.500 1.183 0.000 -0.000 0.015 -0.000 0.000 -0.092 0.000 0.000
-1.500 1.500 1.184 0.000 -0.000 0.011 -0.000 0.000 -0.076 0.000 0.000
-1.500 1.500 1.184 0.000 -0.000 0.008 -0.000 0.000 -0.061 0.000 0.000
-1.500 1.500 1.185 0.000 -0.000 0.005 -0.000 0.000 -0.047 0.000 0.000
-1.500 1.500 1.185 0.000 -0.000 0.003 -0.000 0.000 -0.034 0.000 0.000
-1.500 1.500 1.185 0.000 -0.000 0.002 -0.000 0.000 -0.023 0.000 0.000
-1.500 1.500 1.185 0.000 -0.000 0.001 -0.000 0.000 -0.013 0.000 0.000
-1.500 1.500 1.185 0.000 -0.000 0.000 -0.000 0.000 -0.006 0.000 0.000
-1.500 1.500 1.185 0.000 -0.000 0.000 -0.000 0.000 -0.002 0.000 0.000
-1.500 1.500 1.185 0.000 -0.000 -0.000 -0.000 0.000 -0.000 0.000 0.000
-1.500 1.500 1.185 0.000 0.000 0.000 0.000 0.000 0.000 0.000 0.000
-1.500 1.500 1.185 0.000 0.000 0.000 0.000 0.000 0.000 0.000 0.000
-1.500 1.500 1.185 0.000 0.000 0.000 0.000 0.000 0.000 0.000 0.000
-1.500 1.500 1.185 0.000 0.000 0.000 0.000 0.000 0.000 0.000 0.000
-1.500 1.500 1.185 0.000 0.000 0.000 0.000 0.000 0.000 0.000 0.000
-1.500 1.500 1.185 0.000 0.000 0.000 0.000 0.000 0.000 0.000 0.000
-1.500 1.500 1.185 0.000 0.000 0.000 0.000 0.000 0.000 0.000 0.000
-1.500 1.500 1.185 0.000 0.000 0.000 0.000 0.000 0.000 0.000 0.000
-1.500 1.500 1.185 0.000 0.000 0.000 0.000 0.000 0.000 0.000 0.000
-1.500 1.500 1.185 0.000 0.000 0.000 0.000 0.000 0.000 0.000 0.000
-1.500 1.500 1.185 0.000 0.000 0.000 0.000 0.000 0.000 0.000 0.000
-1.500 1.500 1.185 0.000 0.000 0.000 0.000 0.000 0.000 0.000 0.000
-1.500 1.500 1.185 0.000 0.000 0.000 0.000 0.000 0.000 0.000 0.000
-1.500 1.500 1.185 0.000 0.000 0.000 0.000 0.000 0.000 0.000 0.000
-1.500 1.500 1.185 0.000 0.000 0.000 0.000 0.000 0.000 0.000 0.000
-1.500 1.500 1.185 0.000 0.000 0.000 0.000 0.000 0.000 0.000 0.000
-1.500 1.500 1.185 0.000 0.000 0.000 0.000 0.000 0.000 0.000 0.000
-1.500 1.500 1.185 0.000 0.000 0.000 0.000 0.000 0.000 0.000 0.000
-1.500 1.500 1.185 0.000 0.000 0.000 0.000 0.000 0.000 0.000 0.000
-1.500 1.500 1.185 0.000 0.000 0.000 0.000 0.000 0.000 0.000 0.000
-1.500 1.500 1.185 0.000 0.000 0.000 0.000 0.000 0.000 0.000 0.000
-1.500 1.500 1.185 0.000 0.000 0.000 0.000 0.000 0.000 0.000 0.000
-1.500 1.500 1.185 0.000 0.000 0.000 0.000 0.000 0.000 0.000 0.000
-1.500 1.500 1.185 0.000 0.000 0.000 0.000 0.000 0.000 0.000 0.000
-1.500 1.500 1.185 0.000 0.000 0.000 0.000 0.000 0.000 0.000 0.000
-1.500 1.500 1.185 0.000 0.000 0.000 0.000 0.000 0.000 0.000 0.000
-1.500 1.500 1.185 0.000 0.000 0.000 0.000 0.000 0.000 0.000 0.000
-1.500 1.500 1.185 0.000 0.000 0.000 0.000 0.000 0.000 0.000 0.000
-1.500 1.500 1.185 0.000 0.000 0.000 0.000 0.000 0.000 0.000 0.000
-1.500 1.500 1.185 0.000 0.000 0.000 0.000 0.000 0.000 0.000 0.000
-1.500 1.500 1.185 0.000 0.000 0.000 0.000 0.000 0.000 0.000 0.000
-1.500 1.500 1.185 0.000 0.000 0.000 0.000 0.000 0.000 0.000 0.000
-1.500 1.500 1.185 0.000 0.000 0.000 0.000 0.000 0.000 0.000 0.000
-1.500 1.500 1.185 0.000 0.000 0.000 0.000 0.000 0.000 0.000 0.000
-1.500 1.500 1.185 0.000 0.000 0.000 0.000 0.000 0.000 0.000 0.000
-1.500 1.500 1.185 0.000 0.000 0.000 0.000 0.000 0.000 0.000 0.000
-1.500 1.500 1.185 0.000 0.000 0.000 0.000 0.000 0.000 0.000 0.000
-1.500 1.500 1.185 0.000 0.000 0.000 0.000 0.000 0.000 0.000 0.000
-1.500 1.500 1.185 0.000 0.000 0.000 0.000 0.000 0.000 0.000 0.000
-1.500 1.500 1.185 0.000 0.000 0.000 0.000 0.000 0.000 0.000 0.000
-1.500 1.500 1.185 0.000 0.000 0.000 0.000 0.000 0.000 0.000 0.000
-1.500 1.500 1.185 0.000 0.000 0.000 0.000 0.000 0.000 0.000 0.000
-1.500 1.500 1.185 0.000 0.000 0.000 0.000 0.000 0.000 0.000 0.000
-1.500 1.500 1.185 0.000 0.000 0.000 0.000 0.000 0.000 0.000 0.000
-1.500 1.500 1.185 0.000 0.000 0.000 0.000 0.000 0.000 0.000 0.000
-1.500 1.500 1.185 0.000 0.000 0.000 0.000 0.000 0.000 0.000 0.000
-1.500 1.500 1.185 0.000 0.000 0.000 0.000 0.000 0.000 0.000 0.000
-1.500 1.500 1.185 0.000 0.000 0.000 0.000 0.000 0.000 0.000 0.000
-1.500 1.500 1.185 0.000 0.000 0.000 0.000 0.000 0.000 0.000 0.000
-1.500 1.500 1.185 0.000 0.000 0.000 0.000 0.000 0.000 0.000 0.000
-1.500 1.500 1.185 0.000 0.000 0.000 0.000 0.000 0.000 0.000 0.000
-1.500 1.500 1.185 0.000 0.000 0.000 0.000 0.000 0.000 0.000 0.000
-1.500 1.500 1.185 0.000 0.000 0.000 0.000 0.000 0.000 0.000 0.000
-1.500 1.500 1.185 0.000 0.000 0.000 0.000 0.000 0.000 0.000 0.000
-1.500 1.500 1.185 0.000 0.000 0.000 0.000 0.000 0.000 0.000 0.000
-1.500 1.500 1.185 0.000 0.000 0.000 0.000 0.000 0.000 0.000 0.000
-1.500 1.500 1.185 0.000 0.000 0.000 0.000 0.000 0.000 0.000 0.000
-1.500 1.500 1.185 0.000 0.000 0.000 0.000 0.000 0.000 0.000 0.000
-1.500 1.500 1.185 0.000 0.000 0.000 0.000 0.000 0.000 0.000 0.000
-1.500 1.500 1.185 0.000 0.000 0.000 0.000 0.000 0.000 0.000 0.000
-1.500 1.500 1.185 0.000 0.000 0.000 0.000 0.000 0.000 0.000 0.000
-1.500 1.500 1.185 0.000 0.000 0.000 0.000 0.000 0.000 0.000 0.000
-1.500 1.500 1.185 0.000 0.000 0.000 0.000 0.000 0.000 0.000 0.000
-1.500 1.500 1.185 0.000 0.000 0.000 0.000 0.000 0.000 0.000 0.000
-1.500 1.500 1.185 0.000 0.000 0.000 0.000 0.000 0.000 0.000 0.000
-1.500 1.500 1.185 0.000 0.000 0.000 0.000 0.000 0.000 0.000 0.000
-1.500 1.500 1.185 0.000 0.000 0.000 0.000 0.000 0.000 0.000 0.000
-1.500 1.500 1.185 0.000 0.000 0.000 0.000 0.000 0.000 0.000 0.000
-1.500 1.500 1.185 0.000 0.000 0.000 0.000 0.000 0.000 0.000 0.000
-1.500 1.500 1.185 0.000 0.000 0.000 0.000 0.000 0.000 0.000 0.000
-1.500 1.500 1.185 0.000 0.000 0.000 0.000 0.000 0.000 0.000 0.000
-1.500 1.500 1.185 0.000 0.000 0.000 0.000 0.000 0.000 0.000 0.000
-1.500 1.500 1.185 0.000 0.000 0.000 0.000 0.000 0.000 0.000 0.000
-1.500 1.500 1.185 0.000 0.000 0.000 0.000 0.000 0.000 0.000 0.000
-1.500 1.500 1.185 0.000 0.000 0.000 0.000 0.000 0.000 0.000 0.000
-1.500 1.500 1.185 0.000 0.000 0.000 0.000 0.000 0.000 0.000 0.000
-1.500 1.500 1.185 0.000 0.000 0.000 0.000 0.000 0.000 0.000 0.000
-1.500 1.500 1.185 0.000 0.000 0.000 0.000 0.000 0.000 0.000 0.000
-1.500 1.500 1.185 0.000 0.000 0.000 0.000 0.000 0.000 0.000 0.000
-1.500 1.500 1.185 0.000 0.000 0.000 0.000 0.000 0.000 0.000 0.000
-1.500 1.500 1.185 0.000 0.000 0.000 0.000 0.000 0.000 0.000 0.000
-1.500 1.500 1.185 0.000 0.000 0.000 0.000 0.000 0.000 0.000 0.000
-1.500 1.500 1.185 0.000 0.000 0.000 0.000 0.000 0.000 0.000 0.000
-1.500 1.500 1.185 0.000 0.000 0.000 0.000 0.000 0.000 0.000 0.000
-1.500 1.500 1.185 0.000 0.000 0.000 0.000 0.000 0.000 0.000 0.000
-1.500 1.500 1.185 0.000 0.000 0.000 0.000 0.000 0.000 0.000 0.000
-1.500 1.500 1.185 0.000 0.000 0.000 0.000 0.000 0.000 0.000 0.000
-1.500 1.500 1.185 0.000 0.000 0.000 0.000 0.000 0.000 0.000 0.000
-1.500 1.500 1.185 0.000 0.000 0.000 0.000 0.000 0.000 0.000 0.000
-1.500 1.500 1.185 0.000 0.000 0.000 0.000 0.000 0.000 0.000 0.000
-1.500 1.500 1.185 0.000 0.000 0.000 0.000 0.000 0.000 0.000 0.000
-1.500 1.500 1.185 0.000 0.000 0.000 0.000 0.000 0.000 0.000 0.000
-1.500 1.500 1.185 0.000 0.000 0.000 0.000 0.000 0.000 0.000 0.000
-1.500 1.500 1.185 0.000 0.000 0.000 0.000 0.000 0.000 0.000 0.000
-1.500 1.500 1.185 0.000 0.000 0.000 0.000 0.000 0.000 0.000 0.000
-1.500 1.500 1.185 0.000 0.000 0.000 0.000 0.000 0.000 0.000 0.000
-1.500 1.500 1.185 0.000 0.000 0.000 0.000 0.000 0.000 0.000 0.000
-1.500 1.500 1.185 0.000 0.000 0.000 0.000 0.000 0.000 0.000 0.000
-1.500 1.500 1.185 0.000 0.000 0.000 0.000 0.000 0.000 0.000 0.000
-1.500 1.500 1.185 0.000 0.000 0.000 0.000 0.000 0.000 0.000 0.000
-1.500 1.500 1.185 0.000 0.000 0.000 0.000 0.000 0.000 0.000 0.000
-1.500 1.500 1.185 0.000 0.000 0.000 0.000 0.000 0.000 0.000 0.000
-1.500 1.500 1.185 0.000 0.000 0.000 0.000 0.000 0.000 0.000 0.000
-1.500 1.500 1.185 0.000 0.000 0.000 0.000 0.000 0.000 0.000 0.000
-1.500 1.500 1.185 0.000 0.000 0.000 0.000 0.000 0.000 0.000 0.000
-1.500 1.500 1.185 0.000 0.000 0.000 0.000 0.000 0.000 0.000 0.000
-1.500 1.500 1.185 0.000 0.000 0.000 0.000 0.000 0.000 0.000 0.000
-1.500 1.500 1.185 0.000 0.000 0.000 0.000 0.000 0.000 0.000 0.000
-1.500 1.500 1.185 0.000 0.000 0.000 0.000 0.000 0.000 0.000 0.000
-1.500 1.500 1.185 0.000 0.000 0.000 0.000 0.000 0.000 0.000 0.000
-1.500 1.500 1.185 0.000 0.000 0.000 0.000 0.000 0.000 0.000 0.000
-1.500 1.500 1.185 0.000 0.000 0.000 0.000 0.000 0.000 0.000 0.000
-1.500 1.500 1.185 0.000 0.000 0.000 0.000 0.000 0.000 0.000 0.000
-1.500 1.500 1.185 0.000 0.000 0.000 0.000 0.000 0.000 0.000 0.000
-1.500 1.500 1.185 0.000 0.000 0.000 0.000 0.000 0.000 0.000 0.000
-1.500 1.500 1.185 0.000 0.000 0.000 0.000 0.000 0.000 0.000 0.000
-1.500 1.500 1.185 0.000 0.000 0.000 0.000 0.000 0.000 0.000 0.000
-1.500 1.500 1.185 0.000 0.000 0.000 0.000 0.000 0.000 0.000 0.000
-1.500 1.500 1.185 0.000 0.000 0.000 0.000 0.000 0.000 0.000 0.000
-1.500 1.500 1.185 0.000 0.000 0.000 0.000 0.000 0.000 0.000 0.000
-1.500 1.500 1.185 0.000 0.000 0.000 0.000 0.000 0.000 0.000 0.000
-1.500 1.500 1.185 0.000 0.000 0.000 0.000 0.000 0.000 0.000 0.000
-1.500 1.500 1.185 0.000 0.000 0.000 0.000 0.000 0.000 0.000 0.000
-1.500 1.500 1.185 0.000 0.000 0.000 0.000 0.000 0.000 0.000 0.000
-1.500 1.500 1.185 0.000 0.000 0.000 0.000 0.000 0.000 0.000 0.000
-1.500 1.500 1.185 0.000 0.000 0.000 0.000 0.000 0.000 0.000 0.000
-1.500 1.500 1.185 0.000 0.000 0.000 0.000 0.000 0.000 0.000 0.000
-1.500 1.500 1.185 0.000 0.000 0.000 0.000 0.000 0.000 0.000 0.000
-1.500 1.500 1.185 0.000 0.000 0.000 0.000 0.000 0.000 0.000 0.000
-1.500 1.500 1.185 0.000 0.000 0.000 0.000 0.000 0.000 0.000 0.000
-1.500 1.500 1.185 0.000 0.000 0.000 0.000 0.000 0.000 0.000 0.000
-1.500 1.500 1.185 0.000 0.000 0.000 0.000 0.000 0.000 0.000 0.000
-1.500 1.500 1.185 0.000 0.000 0.000 0.000 0.000 0.000 0.000 0.000
-1.500 1.500 1.185 0.000 0.000 0.000 0.000 0.000 0.000 0.000 0.000
-1.500 1.500 1.185 0.000 0.000 0.000 0.000 0.000 0.000 0.000 0.000
-1.500 1.500 1.185 0.000 0.000 0.000 0.000 0.000 0.000 0.000 0.000
-1.500 1.500 1.185 0.000 0.000 0.000 0.000 0.000 0.000 0.000 0.000
-1.500 1.500 1.185 0.000 0.000 0.000 0.000 0.000 0.000 0.000 0.000
-1.500 1.500 1.185 0.000 0.000 0.000 0.000 0.000 0.000 0.000 0.000
-1.500 1.500 1.185 0.000 0.000 0.000 0.000 0.000 0.000 0.000 0.000
-1.500 1.500 1.185 0.000 0.000 0.000 0.000 0.000 0.000 0.000 0.000
-1.500 1.500 1.185 0.000 0.000 0.000 0.000 0.000 0.000 0.000 0.000
-1.500 1.500 1.185 0.000 0.000 0.000 0.000 0.000 0.000 0.000 0.000
-1.500 1.500 1.185 0.000 0.000 0.000 0.000 0.000 0.000 0.000 0.000
-1.500 1.500 1.185 0.000 0.000 0.000 0.000 0.000 0.000 0.000 0.000
-1.500 1.500 1.185 0.000 0.000 0.000 0.000 0.000 0.000 0.000 0.000
-1.500 1.500 1.185 0.000 0.000 0.000 0.000 0.000 0.000 0.000 0.000
-1.500 1.500 1.185 0.000 0.000 0.000 0.000 0.000 0.000 0.000 0.000
-1.500 1.500 1.185 0.000 0.000 0.000 0.000 0.000 0.000 0.000 0.000
-1.500 1.500 1.185 0.000 0.000 0.000 0.000 0.000 0.000 0.000 0.000
-1.500 1.500 1.185 0.000 0.000 0.000 0.000 0.000 0.000 0.000 0.000
-1.500 1.500 1.185 0.000 0.000 0.000 0.000 0.000 0.000 0.000 0.000
-1.500 1.500 1.185 0.000 0.000 0.000 0.000 0.000 0.000 0.000 0.000
-1.500 1.500 1.185 0.000 0.000 0.000 0.000 0.000 0.000 0.000 0.000
-1.500 1.500 1.185 0.000 0.000 0.000 0.000 0.000 0.000 0.000 0.000
-1.500 1.500 1.185 0.000 0.000 0.000 0.000 0.000 0.000 0.000 0.000
-1.500 1.500 1.185 0.000 0.000 0.000 0.000 0.000 0.000 0.000 0.000
-1.500 1.500 1.185 0.000 0.000 0.000 0.000 0.000 0.000 0.000 0.000
-1.500 1.500 1.185 0.000 0.000 0.000 0.000 0.000 0.000 0.000 0.000
-1.500 1.500 1.185 0.000 0.000 0.000 0.000 0.000 0.000 0.000 0.000
-1.500 1.500 1.185 0.000 0.000 0.000 0.000 0.000 0.000 0.000 0.000
-1.500 1.500 1.185 0.000 0.000 0.000 0.000 0.000 0.000 0.000 0.000
-1.500 1.500 1.185 0.000 0.000 0.000 0.000 0.000 0.000 0.000 0.000
-1.500 1.500 1.185 0.000 0.000 0.000 0.000 0.000 0.000 0.000 0.000
-1.500 1.500 1.185 0.000 0.000 0.000 0.000 0.000 0.000 0.000 0.000
-1.500 1.500 1.185 0.000 0.000 0.000 0.000 0.000 0.000 0.000 0.000
-1.500 1.500 1.185 0.000 0.000 0.000 0.000 0.000 0.000 0.000 0.000
-1.500 1.500 1.185 0.000 0.000 0.000 0.000 0.000 0.000 0.000 0.000
-1.500 1.500 1.185 0.000 0.000 0.000 0.000 0.000 0.000 0.000 0.000
-1.500 1.500 1.185 0.000 0.000 0.000 0.000 0.000 0.000 0.000 0.000
-1.500 1.500 1.185 0.000 0.000 0.000 0.000 0.000 0.000 0.000 0.000
-1.500 1.500 1.185 0.000 0.000 0.000 0.000 0.000 0.000 0.000 0.000
-1.500 1.500 1.185 0.000 0.000 0.000 0.000 0.000 0.000 0.000 0.000
-1.500 1.500 1.185 0.000 0.000 0.000 0.000 0.000 0.000 0.000 0.000
-1.500 1.500 1.185 0.000 0.000 0.000 0.000 0.000 0.000 0.000 0.000
-1.500 1.500 1.185 0.000 0.000 0.000 0.000 0.000 0.000 0.000 0.000
-1.500 1.500 1.185 0.000 0.000 0.000 0.000 0.000 0.000 0.000 0.000
-1.500 1.500 1.185 0.000 0.000 0.000 0.000 0.000 0.000 0.000 0.000
-1.500 1.500 1.185 0.000 0.000 0.000 0.000 0.000 0.000 0.000 0.000
-1.500 1.500 1.185 0.000 0.000 0.000 0.000 0.000 0.000 0.000 0.000
-1.500 1.500 1.185 0.000 0.000 0.000 0.000 0.000 0.000 0.000 0.000
-1.500 1.500 1.185 0.000 0.000 0.000 0.000 0.000 0.000 0.000 0.000
-1.500 1.500 1.185 0.000 0.000 0.000 0.000 0.000 0.000 0.000 0.000
-1.500 1.500 1.185 0.000 0.000 0.000 0.000 0.000 0.000 0.000 0.000
-1.500 1.500 1.185 0.000 0.000 0.000 0.000 0.000 0.000 0.000 0.000
-1.500 1.500 1.185 0.000 0.000 0.000 0.000 0.000 0.000 0.000 0.000
-1.500 1.500 1.185 0.000 0.000 0.000 0.000 0.000 0.000 0.000 0.000
-1.500 1.500 1.185 0.000 0.000 0.000 0.000 0.000 0.000 0.000 0.000
-1.500 1.500 1.185 0.000 0.000 0.000 0.000 0.000 0.000 0.000 0.000
-1.500 1.500 1.185 0.000 0.000 0.000 0.000 0.000 0.000 0.000 0.000
-1.500 1.500 1.185 0.000 0.000 0.000 0.000 0.000 0.000 0.000 0.000
-1.500 1.500 1.185 0.000 0.000 0.000 0.000 0.000 0.000 0.000 0.000
-1.500 1.500 1.185 0.000 0.000 0.000 0.000 0.000 0.000 0.000 0.000
-1.500 1.500 1.185 0.000 0.000 0.000 0.000 0.000 0.000 0.000 0.000
-1.500 1.500 1.185 0.000 0.000 0.000 0.000 0.000 0.000 0.000 0.000
-1.500 1.500 1.185 0.000 0.000 0.000 0.000 0.000 0.000 0.000 0.000
-1.500 1.500 1.185 0.000 0.000 0.000 0.000 0.000 0.000 0.000 0.000
-1.500 1.500 1.185 0.000 0.000 0.000 0.000 0.000 0.000 0.000 0.000
-1.500 1.500 1.185 0.000 0.000 0.000 0.000 0.000 0.000 0.000 0.000
-1.500 1.500 1.185 0.000 0.000 0.000 0.000 0.000 0.000 0.000 0.000
-1.500 1.500 1.185 0.000 -0.000 -0.000 0.005 -0.002 -0.000 0.000 0.000
-1.500 1.500 1.185 0.001 -0.000 -0.000 0.018 -0.008 -0.000 0.000 0.000
-1.500 1.500 1.185 0.002 -0.001 -0.000 0.037 -0.019 -0.000 0.000 0.000
-1.500 1.500 1.185 0.004 -0.002 -0.000 0.062 -0.032 -0.000 0.000 0.000
-1.499 1.500 1.185 0.008 -0.004 -0.000 0.090 -0.048 -0.000 0.000 0.000
-1.499 1.499 1.185 0.013 -0.007 -0.000 0.121 -0.068 -0.000 0.000 0.000
-1.498 1.499 1.185 0.020 -0.011 -0.000 0.154 -0.089 -0.000 0.000 0.000
-1.497 1.498 1.185 0.029 -0.016 -0.000 0.187 -0.112 -0.000 0.000 0.000
-1.495 1.497 1.185 0.039 -0.022 -0.000 0.219 -0.137 -0.000 0.000 0.000
-1.493 1.496 1.185 0.051 -0.030 -0.000 0.251 -0.163 -0.000 0.000 0.000
-1.490 1.494 1.185 0.064 -0.039 -0.000 0.280 -0.190 -0.000 0.000 0.000
-1.487 1.492 1.185 0.079 -0.049 -0.000 0.308 -0.217 -0.000 0.000 0.000
-1.482 1.489 1.185 0.095 -0.060 -0.000 0.332 -0.244 -0.000 0.000 0.000
-1.477 1.486 1.185 0.112 -0.073 -0.000 0.354 -0.272 0.000 0.000 0.000
-1.471 1.482 1.185 0.130 -0.087 -0.000 0.372 -0.298 0.000 0.000 0.000
-1.464 1.477 1.185 0.149 -0.103 -0.000 0.386 -0.324 0.000 0.000 0.000
-1.456 1.472 1.185 0.169 -0.120 -0.000 0.396 -0.348 0.000 0.000 0.000
-1.447 1.465 1.185 0.189 -0.138 -0.000 0.403 -0.371 0.000 0.000 0.000
-1.437 1.458 1.185 0.209 -0.157 -0.000 0.406 -0.392 0.000 0.000 0.000
-1.426 1.450 1.185 0.229 -0.177 -0.000 0.405 -0.411 0.000 0.000 0.000
-1.414 1.440 1.185 0.249 -0.198 -0.000 0.401 -0.428 0.000 0.000 0.000
-1.401 1.430 1.185 0.269 -0.220 -0.000 0.393 -0.442 0.000 0.000 0.000
-1.387 1.418 1.185 0.289 -0.242 -0.000 0.382 -0.454 0.000 0.000 0.000
-1.372 1.406 1.185 0.307 -0.265 -0.000 0.368 -0.462 0.000 0.000 0.000
-1.357 1.392 1.185 0.325 -0.288 0.000 0.351 -0.468 0.000 0.000 0.000
-1.340 1.377 1.185 0.342 -0.312 0.000 0.332 -0.470 0.000 0.000 0.000
-1.322 1.361 1.185 0.359 -0.335 0.000 0.311 -0.469 0.000 0.000 0.000
-1.304 1.343 1.185 0.374 -0.359 0.000 0.288 -0.464 0.000 0.000 0.000
-1.285 1.325 1.185 0.387 -0.382 0.000 0.264 -0.456 0.000 0.000 0.000
-1.265 1.305 1.185 0.400 -0.404 0.000 0.239 -0.444 0.000 0.000 0.000
-1.245 1.284 1.185 0.411 -0.426 0.000 0.213 -0.428 0.000 0.000 0.000
-1.224 1.263 1.185 0.421 -0.447 0.000 0.188 -0.409 0.000 0.000 0.000
-1.203 1.240 1.185 0.430 -0.467 0.000 0.162 -0.387 0.000 0.000 0.000
-1.181 1.216 1.185 0.437 -0.485 0.000 0.137 -0.361 0.000 0.000 0.000
-1.159 1.191 1.185 0.444 -0.503 0.000 0.113 -0.332 0.000 0.000 0.000
-1.137 1.166 1.185 0.449 -0.519 0.000 0.090 -0.300 0.000 0.000 0.000
-1.114 1.139 1.185 0.453 -0.533 0.000 0.068 -0.264 0.000 0.000 0.000
-1.092 1.112 1.185 0.456 -0.545 0.000 0.049 -0.227 0.000 0.000 0.000
-1.069 1.085 1.185 0.458 -0.555 0.000 0.031 -0.186 0.000 0.000 0.000
-1.046 1.057 1.185 0.459 -0.564 0.000 0.016 -0.144 0.000 0.000 0.000
-1.023 1.029 1.185 0.459 -0.570 0.000 0.003 -0.100 0.000 0.000 0.000
-1.000 1.000 1.185 0.459 -0.574 0.000 -0.008 -0.055 0.000 0.000 0.000
-0.977 0.971 1.185 0.459 -0.575 0.000 -0.016 -0.008 0.000 0.000 0.000
-0.954 0.943 1.185 0.458 -0.574 0.000 -0.022 0.038 0.000 0.000 0.000
-0.931 0.914 1.185 0.456 -0.571 0.000 -0.026 0.084 0.000 0.000 0.000
-0.909 0.885 1.185 0.455 -0.566 0.000 -0.027 0.130 0.000 0.000 0.000
-0.886 0.857 1.185 0.454 -0.558 0.000 -0.026 0.174 0.000 0.000 0.000
-0.863 0.830 1.185 0.452 -0.549 0.000 -0.024 0.216 0.000 0.000 0.000
-0.841 0.802 1.185 0.451 -0.537 0.000 -0.020 0.255 0.000 0.000 0.000
-0.818 0.776 1.185 0.450 -0.523 0.000 -0.015 0.292 0.000 0.000 0.000
-0.796 0.750 1.185 0.450 -0.508 0.000 -0.009 0.324 0.000 0.000 0.000
-0.773 0.725 1.185 0.449 -0.491 0.000 -0.003 0.352 0.000 0.000 0.000
-0.751 0.701 1.185 0.449 -0.473 0.000 0.004 0.375 0.000 0.000 0.000
-0.728 0.678 1.185 0.450 -0.453 0.000 0.011 0.393 0.000 0.000 0.000
-0.706 0.656 1.185 0.451 -0.433 0.000 0.017 0.405 0.000 0.000 0.000
-0.683 0.635 1.185 0.452 -0.413 0.000 0.023 0.411 0.000 0.000 0.000
-0.660 0.614 1.185 0.453 -0.392 0.000 0.028 0.411 0.000 0.000 0.000
-0.638 0.595 1.185 0.454 -0.372 0.000 0.031 0.403 -0.000 0.000 0.000
-0.615 0.577 1.185 0.456 -0.352 0.000 0.033 0.389 -0.000 0.000 0.000
-0.592 0.560 1.185 0.458 -0.333 0.000 0.034 0.367 -0.000 0.000 0.000
-0.569 0.544 1.185 0.459 -0.316 0.000 0.032 0.339 -0.000 0.000 0.000
-0.546 0.529 1.185 0.461 -0.299 0.000 0.029 0.304 -0.000 0.000 0.000
-0.523 0.514 1.185 0.462 -0.285 0.000 0.023 0.262 -0.000 0.000 0.000
-0.500 0.500 1.185 0.463 -0.273 0.000 0.016 0.215 -0.000 0.000 0.000
-0.477 0.487 1.185 0.464 -0.264 0.000 0.007 0.161 -0.000 0.000 0.000
-0.454 0.474 1.185 0.464 -0.257 0.000 -0.004 0.103 -0.000 0.000 0.000
-0.430 0.461 1.185 0.463 -0.254 0.000 -0.017 0.041 -0.000 0.000 0.000
-0.407 0.448 1.185 0.462 -0.253 0.000 -0.031 -0.025 -0.000 0.000 0.000
-0.384 0.435 1.185 0.460 -0.256 0.000 -0.046 -0.092 -0.000 0.000 0.000
-0.361 0.422 1.185 0.457 -0.262 0.000 -0.062 -0.161 -0.000 0.000 0.000
-0.339 0.409 1.185 0.454 -0.272 0.000 -0.078 -0.230 -0.000 0.000 0.000
-0.316 0.395 1.185 0.450 -0.285 0.000 -0.093 -0.297 -0.000 0.000 0.000
-0.294 0.381 1.185 0.445 -0.302 0.000 -0.109 -0.362 -0.000 0.000 0.000
-0.271 0.365 1.185 0.439 -0.322 0.000 -0.123 -0.424 -0.000 0.000 0.000
-0.250 0.348 1.185 0.432 -0.344 0.000 -0.136 -0.480 -0.000 0.000 0.000
-0.228 0.330 1.185 0.425 -0.369 -0.000 -0.146 -0.530 -0.000 0.000 0.000
-0.207 0.311 1.185 0.418 -0.397 -0.000 -0.155 -0.573 -0.000 0.000 0.000
-0.186 0.291 1.185 0.410 -0.427 -0.000 -0.161 -0.608 -0.000 0.000 0.000
-0.166 0.269 1.185 0.402 -0.458 -0.000 -0.164 -0.634 -0.000 0.000 0.000
-0.146 0.245 1.185 0.394 -0.490 -0.000 -0.164 -0.649 -0.000 0.000 0.000
-0.127 0.220 1.185 0.385 -0.522 -0.000 -0.160 -0.653 -0.000 0.000 0.000
-0.108 0.193 1.185 0.378 -0.555 -0.000 -0.153 -0.646 -0.000 0.000 0.000
-0.089 0.164 1.185 0.370 -0.587 -0.000 -0.141 -0.626 -0.000 0.000 0.000
-0.071 0.134 1.185 0.363 -0.617 -0.000 -0.126 -0.595 -0.000 0.000 0.000
-0.053 0.102 1.185 0.358 -0.646 -0.000 -0.107 -0.550 -0.000 0.000 0.000
-0.035 0.069 1.185 0.353 -0.672 -0.000 -0.084 -0.493 -0.000 0.000 0.000
-0.017 0.035 1.185 0.349 -0.695 -0.000 -0.057 -0.423 -0.000 0.000 0.000
0.000 0.000 1.185 0.347 -0.714 -0.000 -0.027 -0.342 -0.000 0.000 0.000
0.017 -0.036 1.185 0.347 -0.729 -0.000 0.006 -0.250 -0.000 0.000 0.000
0.035 -0.073 1.185 0.348 -0.739 -0.000 0.042 -0.147 -0.000 0.000 0.000
0.052 -0.110 1.185 0.351 -0.744 -0.000 0.079 -0.036 -0.000 0.000 0.000
0.070 -0.147 1.185 0.356 -0.743 -0.000 0.117 0.082 -0.000 0.000 0.000
0.088 -0.184 1.185 0.363 -0.735 -0.000 0.155 0.206 -0.000 0.000 0.000
0.106 -0.221 1.185 0.371 -0.722 -0.000 0.193 0.334 -0.000 0.000 0.000
0.125 -0.256 1.185 0.382 -0.702 -0.000 0.229 0.464 -0.000 0.000 0.000
0.144 -0.291 1.185 0.394 -0.676 -0.000 0.263 0.594 -0.000 0.000 0.000
0.164 -0.324 1.185 0.408 -0.643 -0.000 0.293 0.722 -0.000 0.000 0.000
0.185 -0.355 1.185 0.423 -0.603 -0.000 0.320 0.846 -0.000 0.000 0.000
0.207 -0.384 1.185 0.440 -0.558 -0.000 0.341 0.964 0.000 0.000 0.000
0.229 -0.411 1.185 0.457 -0.507 -0.000 0.357 1.074 0.000 0.000 0.000
0.252 -0.434 1.185 0.476 -0.451 -0.000 0.366 1.173 0.000 0.000 0.000
0.277 -0.456 1.185 0.494 -0.390 -0.000 0.368 1.261 0.000 0.000 0.000
0.302 -0.473 1.185 0.512 -0.325 -0.000 0.362 1.335 0.000 0.000 0.000
0.328 -0.488 1.185 0.530 -0.257 -0.000 0.349 1.394 0.000 0.000 0.000
0.355 -0.499 1.185 0.547 -0.186 -0.000 0.328 1.437 0.000 0.000 0.000
0.383 -0.507 1.185 0.563 -0.113 -0.000 0.298 1.462 0.000 0.000 0.000
0.411 -0.510 1.185 0.577 -0.040 -0.000 0.260 1.469 0.000 0.000 0.000
0.440 -0.511 1.185 0.589 0.033 -0.000 0.215 1.457 0.000 0.000 0.000
0.470 -0.507 1.185 0.598 0.105 -0.000 0.162 1.426 0.000 0.000 0.000
0.500 -0.500 1.185 0.605 0.176 -0.000 0.103 1.376 0.000 0.000 0.000
0.530 -0.490 1.185 0.608 0.243 0.000 0.039 1.307 0.000 0.000 0.000
0.561 -0.476 1.185 0.609 0.306 0.000 -0.029 1.221 0.000 0.000 0.000
0.591 -0.459 1.185 0.605 0.365 0.000 -0.100 1.119 0.000 0.000 0.000
0.621 -0.439 1.185 0.599 0.418 0.000 -0.172 1.003 0.000 0.000 0.000
0.651 -0.417 1.185 0.588 0.465 0.000 -0.242 0.873 0.000 0.000 0.000
0.680 -0.393 1.185 0.574 0.505 0.000 -0.310 0.734 0.000 0.000 0.000
0.708 -0.367 1.185 0.557 0.538 0.000 -0.372 0.586 0.000 0.000 0.000
0.736 -0.339 1.185 0.537 0.563 0.000 -0.428 0.433 0.000 0.000 0.000
0.762 -0.311 1.185 0.515 0.581 0.000 -0.475 0.276 0.000 0.000 0.000
0.787 -0.281 1.185 0.490 0.591 0.000 -0.511 0.119 0.000 0.000 0.000
0.811 -0.252 1.185 0.464 0.593 0.000 -0.535 -0.035 0.000 0.000 0.000
0.833 -0.222 1.185 0.437 0.588 0.000 -0.544 -0.185 0.000 0.000 0.000
0.855 -0.193 1.185 0.410 0.575 0.000 -0.539 -0.327 0.000 0.000 0.000
0.874 -0.165 1.185 0.383 0.555 0.000 -0.517 -0.459 0.000 0.000 0.000
0.893 -0.138 1.185 0.358 0.529 0.000 -0.478 -0.579 0.000 0.000 0.000
0.910 -0.112 1.185 0.336 0.497 0.000 -0.422 -0.684 0.000 0.000 0.000
0.927 -0.088 1.185 0.316 0.461 0.000 -0.349 -0.774 -0.000 0.000 0.000
0.942 -0.066 1.185 0.301 0.420 0.000 -0.259 -0.846 -0.000 0.000 0.000
0.957 -0.046 1.185 0.291 0.377 0.000 -0.153 -0.899 -0.000 0.000 0.000
0.971 -0.028 1.185 0.286 0.331 0.000 -0.033 -0.933 -0.000 0.000 0.000
0.985 -0.013 1.185 0.288 0.284 0.000 0.099 -0.947 -0.000 0.000 0.000
1.000 0.000 1.185 0.296 0.237 0.000 0.241 -0.941 -0.000 0.000 0.000
1.015 0.011 1.185 0.312 0.190 0.000 0.388 -0.916 -0.000 0.000 0.000
1.031 0.019 1.185 0.335 0.145 0.000 0.537 -0.874 -0.000 0.000 0.000
1.049 0.025 1.185 0.365 0.103 0.000 0.683 -0.816 -0.000 0.000 0.000
1.068 0.029 1.185 0.403 0.064 0.000 0.821 -0.744 -0.000 0.000 0.000
1.089 0.032 1.185 0.447 0.029 0.000 0.946 -0.660 -0.000 0.000 0.000
1.113 0.032 1.185 0.497 -0.002 0.000 1.052 -0.568 -0.000 0.000 0.000
1.139 0.032 1.185 0.552 -0.028 0.000 1.135 -0.470 -0.000 0.000 0.000
1.168 0.030 1.185 0.610 -0.049 0.000 1.190 -0.370 -0.000 0.000 0.000
1.200 0.027 1.185 0.670 -0.065 0.000 1.212 -0.269 -0.000 0.000 0.000
1.235 0.023 1.185 0.731 -0.076 0.000 1.199 -0.172 -0.000 0.000 0.000
1.273 0.019 1.185 0.790 -0.082 0.000 1.146 -0.080 -0.000 0.000 0.000
1.314 0.015 1.185 0.845 -0.084 0.000 1.054 0.003 -0.000 0.000 0.000
1.357 0.011 1.185 0.894 -0.082 0.000 0.922 0.076 -0.000 0.000 0.000
1.403 0.007 1.185 0.936 -0.077 -0.000 0.750 0.136 -0.000 0.000 0.000
1.451 0.003 1.185 0.969 -0.069 -0.000 0.542 0.183 -0.000 0.000 0.000
1.500 -0.000 1.185 0.990 -0.059 -0.000 0.302 0.216 -0.000 0.000 0.000
1.550 -0.003 1.185 0.999 -0.048 -0.000 0.037 0.234 -0.000 0.000 0.000
1.600 -0.005 1.185 0.994 -0.036 -0.000 -0.246 0.238 -0.000 0.000 0.000
1.649 -0.006 1.185 0.974 -0.024 -0.000 -0.535 0.230 -0.000 0.000 0.000
1.697 -0.007 1.185 0.940 -0.013 -0.000 -0.821 0.211 0.000 0.000 0.000
1.743 -0.008 1.185 0.892 -0.003 -0.000 -1.091 0.184 0.000 0.000 0.000
1.786 -0.007 1.185 0.831 0.005 -0.000 -1.333 0.150 0.000 0.000 0.000
1.826 -0.007 1.185 0.759 0.012 -0.000 -1.538 0.112 0.000 0.000 0.000
1.862 -0.006 1.185 0.678 0.017 -0.000 -1.694 0.073 0.000 0.000 0.000
1.893 -0.005 1.185 0.591 0.019 -0.000 -1.793 0.035 0.000 0.000 0.000
1.921 -0.004 1.185 0.500 0.020 -0.000 -1.830 0.000 0.000 0.000 0.000
1.943 -0.003 1.185 0.409 0.019 -0.000 -1.800 -0.029 0.000 0.000 0.000
1.962 -0.002 1.185 0.321 0.017 -0.000 -1.704 -0.051 0.000 0.000 0.000
1.976 -0.002 1.185 0.240 0.014 -0.000 -1.545 -0.064 0.000 0.000 0.000
1.986 -0.001 1.185 0.168 0.011 0.000 -1.331 -0.069 0.000 0.000 0.000
1.993 -0.001 1.185 0.107 0.008 0.000 -1.074 -0.065 0.000 0.000 0.000
1.997 -0.000 1.185 0.061 0.005 0.000 -0.792 -0.055 0.000 0.000 0.000
1.999 -0.000 1.185 0.028 0.002 0.000 -0.510 -0.039 0.000 0.000 0.000
2.000 -0.000 1.185 0.009 0.001 0.000 -0.258 -0.021 0.000 0.000 0.000
2.000 -0.000 1.185 0.001 0.000 0.000 -0.073 -0.006 0.000 0.000 0.000
2.000 -0.000 1.185 -0.000 -0.000 0.000 0.000 -0.000 -0.000 0.000 0.000
2.000 0.000 1.185 0.000 0.000 0.000 0.000 0.000 0.000 0.000 0.000
2.000 0.000 1.185 0.000 0.000 0.000 0.000 0.000 0.000 0.000 0.000
2.000 0.000 1.185 0.000 0.000 0.000 0.000 0.000 0.000 0.000 0.000
2.000 0.000 1.185 0.000 0.000 0.000 0.000 0.000 0.000 0.000 0.000
2.000 0.000 1.185 0.000 0.000 0.000 0.000 0.000 0.000 0.000 0.000
2.000 0.000 1.185 0.000 0.000 0.000 0.000 0.000 0.000 0.000 0.000
2.000 0.000 1.185 0.000 0.000 0.000 0.000 0.000 0.000 0.000 0.000
2.000 0.000 1.185 0.000 0.000 0.000 0.000 0.000 0.000 0.000 0.000
2.000 0.000 1.185 0.000 0.000 0.000 0.000 0.000 0.000 0.000 0.000
2.000 0.000 1.185 0.000 0.000 0.000 0.000 0.000 0.000 0.000 0.000
2.000 0.000 1.185 0.000 0.000 0.000 0.000 0.000 0.000 0.000 0.000
2.000 0.000 1.185 0.000 0.000 0.000 0.000 0.000 0.000 0.000 0.000
2.000 0.000 1.185 0.000 0.000 0.000 0.000 0.000 0.000 0.000 0.000
2.000 0.000 1.185 0.000 0.000 0.000 0.000 0.000 0.000 0.000 0.000
2.000 0.000 1.185 0.000 0.000 0.000 0.000 0.000 0.000 0.000 0.000
2.000 0.000 1.185 0.000 0.000 0.000 0.000 0.000 0.000 0.000 0.000
2.000 0.000 1.185 0.000 0.000 0.000 0.000 0.000 0.000 0.000 0.000
2.000 0.000 1.185 0.000 0.000 0.000 0.000 0.000 0.000 0.000 0.000
2.000 0.000 1.185 0.000 0.000 0.000 0.000 0.000 0.000 0.000 0.000
2.000 0.000 1.185 0.000 0.000 0.000 0.000 0.000 0.000 0.000 0.000
2.000 0.000 1.185 0.000 0.000 0.000 0.000 0.000 0.000 0.000 0.000
2.000 0.000 1.185 0.000 0.000 0.000 0.000 0.000 0.000 0.000 0.000
2.000 0.000 1.185 0.000 0.000 0.000 0.000 0.000 0.000 0.000 0.000
2.000 0.000 1.185 0.000 0.000 0.000 0.000 0.000 0.000 0.000 0.000
2.000 0.000 1.185 0.000 0.000 0.000 0.000 0.000 0.000 0.000 0.000
2.000 0.000 1.185 0.000 0.000 0.000 0.000 0.000 0.000 0.000 0.000
2.000 0.000 1.185 0.000 0.000 0.000 0.000 0.000 0.000 0.000 0.000
2.000 0.000 1.185 0.000 0.000 0.000 0.000 0.000 0.000 0.000 0.000
2.000 0.000 1.185 0.000 0.000 0.000 0.000 0.000 0.000 0.000 0.000
2.000 0.000 1.185 0.000 0.000 0.000 0.000 0.000 0.000 0.000 0.000
2.000 0.000 1.185 0.000 0.000 0.000 0.000 0.000 0.000 0.000 0.000
2.000 0.000 1.185 0.000 0.000 0.000 0.000 0.000 0.000 0.000 0.000
2.000 0.000 1.185 0.000 0.000 0.000 0.000 0.000 0.000 0.000 0.000
2.000 0.000 1.185 0.000 0.000 0.000 0.000 0.000 0.000 0.000 0.000
2.000 0.000 1.185 0.000 0.000 0.000 0.000 0.000 0.000 0.000 0.000
2.000 0.000 1.185 0.000 0.000 0.000 0.000 0.000 0.000 0.000 0.000
2.000 0.000 1.185 0.000 0.000 0.000 0.000 0.000 0.000 0.000 0.000
2.000 0.000 1.185 0.000 0.000 0.000 0.000 0.000 0.000 0.000 0.000
2.000 0.000 1.185 0.000 0.000 0.000 0.000 0.000 0.000 0.000 0.000
2.000 0.000 1.185 0.000 0.000 0.000 0.000 0.000 0.000 0.000 0.000
2.000 0.000 1.185 0.000 0.000 0.000 0.000 0.000 0.000 0.000 0.000
2.000 0.000 1.185 0.000 0.000 0.000 0.000 0.000 0.000 0.000 0.000
2.000 0.000 1.185 0.000 0.000 0.000 0.000 0.000 0.000 0.000 0.000
2.000 0.000 1.185 0.000 0.000 0.000 0.000 0.000 0.000 0.000 0.000
2.000 0.000 1.185 0.000 0.000 0.000 0.000 0.000 0.000 0.000 0.000
2.000 0.000 1.185 0.000 0.000 0.000 0.000 0.000 0.000 0.000 0.000
2.000 0.000 1.185 0.000 0.000 0.000 0.000 0.000 0.000 0.000 0.000
2.000 0.000 1.185 0.000 0.000 0.000 0.000 0.000 0.000 0.000 0.000
2.000 0.000 1.185 0.000 0.000 0.000 0.000 0.000 0.000 0.000 0.000
2.000 0.000 1.185 0.000 0.000 0.000 0.000 0.000 0.000 0.000 0.000
2.000 0.000 1.185 0.000 0.000 0.000 0.000 0.000 0.000 0.000 0.000
2.000 0.000 1.185 0.000 0.000 0.000 0.000 0.000 0.000 0.000 0.000
2.000 0.000 1.185 0.000 0.000 0.000 0.000 0.000 0.000 0.000 0.000
2.000 0.000 1.185 0.000 0.000 0.000 0.000 0.000 0.000 0.000 0.000
2.000 0.000 1.185 0.000 0.000 0.000 0.000 0.000 0.000 0.000 0.000
2.000 0.000 1.185 0.000 0.000 0.000 0.000 0.000 0.000 0.000 0.000
2.000 0.000 1.185 0.000 0.000 0.000 0.000 0.000 0.000 0.000 0.000
2.000 0.000 1.185 0.000 0.000 0.000 0.000 0.000 0.000 0.000 0.000
2.000 0.000 1.185 0.000 0.000 0.000 0.000 0.000 0.000 0.000 0.000
2.000 0.000 1.185 0.000 0.000 0.000 0.000 0.000 0.000 0.000 0.000
2.000 -0.000 1.185 -0.000 -0.000 0.000 -0.006 -0.006 0.000 0.000 0.000
2.000 -0.000 1.185 -0.001 -0.001 0.000 -0.024 -0.024 0.001 0.000 0.000
2.000 -0.000 1.185 -0.003 -0.003 0.000 -0.050 -0.051 0.002 0.000 0.000
2.000 -0.000 1.185 -0.006 -0.006 0.000 -0.082 -0.084 0.004 0.000 0.000
1.999 -0.001 1.185 -0.011 -0.011 0.000 -0.120 -0.122 0.005 0.000 0.000
1.999 -0.001 1.185 -0.018 -0.018 0.001 -0.161 -0.163 0.006 0.000 0.000
1.997 -0.003 1.185 -0.027 -0.028 0.001 -0.203 -0.206 0.008 0.000 0.000
1.996 -0.004 1.185 -0.038 -0.039 0.002 -0.246 -0.249 0.009 0.000 0.000
1.994 -0.007 1.185 -0.052 -0.052 0.002 -0.287 -0.291 0.009 0.000 0.000
1.991 -0.010 1.185 -0.067 -0.068 0.002 -0.327 -0.331 0.010 0.000 0.000
1.987 -0.013 1.186 -0.084 -0.085 0.003 -0.364 -0.368 0.010 0.000 0.000
1.982 -0.018 1.186 -0.103 -0.105 0.003 -0.398 -0.401 0.009 0.000 0.000
1.977 -0.024 1.186 -0.124 -0.126 0.004 -0.427 -0.431 0.009 0.000 0.000
1.970 -0.031 1.186 -0.146 -0.148 0.004 -0.452 -0.455 0.008 0.000 0.000
1.962 -0.039 1.186 -0.169 -0.171 0.005 -0.472 -0.474 0.006 0.000 0.000
1.953 -0.048 1.187 -0.193 -0.195 0.005 -0.487 -0.489 0.005 0.000 0.000
1.943 -0.058 1.187 -0.218 -0.220 0.005 -0.496 -0.497 0.003 0.000 0.000
1.931 -0.070 1.187 -0.243 -0.245 0.005 -0.501 -0.501 0.000 0.000 0.000
1.918 -0.083 1.187 -0.268 -0.270 0.005 -0.500 -0.499 -0.002 0.000 0.000
1.904 -0.097 1.188 -0.292 -0.294 0.005 -0.494 -0.492 -0.005 0.000 0.000
1.889 -0.112 1.188 -0.317 -0.319 0.005 -0.483 -0.480 -0.007 0.000 0.000
1.873 -0.129 1.188 -0.341 -0.342 0.004 -0.468 -0.463 -0.010 0.000 0.000
1.855 -0.146 1.188 -0.364 -0.365 0.004 -0.448 -0.442 -0.013 0.000 0.000
1.836 -0.165 1.188 -0.385 -0.387 0.003 -0.424 -0.418 -0.015 0.000 0.000
1.817 -0.185 1.188 -0.406 -0.407 0.002 -0.397 -0.390 -0.018 0.000 0.000
1.796 -0.206 1.189 -0.425 -0.426 0.001 -0.367 -0.359 -0.020 0.000 0.000
1.774 -0.227 1.189 -0.443 -0.443 0.000 -0.334 -0.325 -0.022 0.000 0.000
1.751 -0.250 1.189 -0.458 -0.458 -0.001 -0.300 -0.290 -0.023 0.000 0.000
1.728 -0.273 1.188 -0.473 -0.472 -0.002 -0.264 -0.254 -0.025 0.000 0.000
1.704 -0.297 1.188 -0.485 -0.483 -0.003 -0.227 -0.216 -0.025 0.000 0.000
1.680 -0.322 1.188 -0.495 -0.493 -0.005 -0.189 -0.179 -0.026 0.000 0.000
1.655 -0.346 1.188 -0.504 -0.501 -0.006 -0.152 -0.142 -0.025 0.000 0.000
1.629 -0.372 1.188 -0.510 -0.507 -0.007 -0.115 -0.105 -0.025 0.000 0.000
1.604 -0.397 1.187 -0.515 -0.512 -0.009 -0.080 -0.070 -0.023 0.000 0.000
1.578 -0.423 1.187 -0.518 -0.514 -0.010 -0.046 -0.037 -0.021 0.000 0.000
1.552 -0.449 1.186 -0.520 -0.516 -0.011 -0.013 -0.006 -0.019 0.000 0.000
1.526 -0.474 1.186 -0.520 -0.515 -0.012 0.016 0.022 -0.016 0.000 0.000
1.500 -0.500 1.185 -0.518 -0.513 -0.012 0.044 0.048 -0.012 0.000 0.000
1.474 -0.526 1.184 -0.515 -0.510 -0.013 0.068 0.071 -0.008 0.000 0.000
1.448 -0.551 1.184 -0.512 -0.506 -0.013 0.089 0.090 -0.004 0.000 0.000
1.423 -0.576 1.183 -0.507 -0.501 -0.013 0.107 0.106 0.001 0.000 0.000
1.398 -0.601 1.182 -0.501 -0.496 -0.013 0.122 0.119 0.007 0.000 0.000
1.373 -0.626 1.182 -0.494 -0.490 -0.012 0.134 0.129 0.012 0.000 0.000
1.348 -0.650 1.181 -0.487 -0.483 -0.012 0.143 0.135 0.018 0.000 0.000
1.324 -0.674 1.181 -0.480 -0.476 -0.011 0.149 0.139 0.023 0.000 0.000
1.300 -0.698 1.180 -0.473 -0.469 -0.009 0.151 0.139 0.029 0.000 0.000
1.277 -0.721 1.180 -0.465 -0.462 -0.008 0.151 0.137 0.034 0.000 0.000
1.254 -0.744 1.179 -0.458 -0.455 -0.006 0.149 0.133 0.039 0.000 0.000
1.231 -0.767 1.179 -0.450 -0.449 -0.004 0.144 0.126 0.044 0.000 0.000
1.209 -0.789 1.179 -0.443 -0.443 -0.002 0.137 0.118 0.048 0.000 0.000
1.187 -0.811 1.179 -0.437 -0.437 0.001 0.129 0.109 0.052 0.000 0.000
1.165 -0.833 1.179 -0.430 -0.432 0.004 0.119 0.098 0.055 0.000 0.000
1.144 -0.854 1.179 -0.425 -0.427 0.006 0.108 0.086 0.057 0.000 0.000
1.123 -0.875 1.180 -0.420 -0.423 0.009 0.096 0.074 0.058 0.000 0.000
1.102 -0.896 1.180 -0.415 -0.420 0.012 0.083 0.062 0.058 0.000 0.000
1.081 -0.917 1.181 -0.411 -0.417 0.015 0.071 0.050 0.057 0.000 0.000
1.061 -0.938 1.182 -0.408 -0.415 0.018 0.058 0.039 0.055 0.000 0.000
1.040 -0.959 1.183 -0.405 -0.413 0.021 0.045 0.028 0.052 0.000 0.000
1.020 -0.979 1.184 -0.404 -0.412 0.023 0.033 0.017 0.048 0.000 0.000
1.000 -1.000 1.185 -0.402 -0.411 0.025 0.021 0.008 0.042 0.000 0.000
0.980 -1.021 1.186 -0.401 -0.411 0.027 0.010 0.000 0.036 0.000 0.000
0.960 -1.041 1.188 -0.401 -0.411 0.029 0.000 -0.006 0.028 0.000 0.000
0.940 -1.062 1.189 -0.401 -0.412 0.030 -0.009 -0.011 0.019 0.000 0.000
0.920 -1.082 1.191 -0.402 -0.413 0.031 -0.017 -0.015 0.010 0.000 0.000
0.900 -1.103 1.192 -0.403 -0.413 0.031 -0.024 -0.018 -0.001 0.000 0.000
0.879 -1.124 1.194 -0.404 -0.414 0.031 -0.029 -0.019 -0.013 0.000 0.000
0.859 -1.144 1.195 -0.406 -0.415 0.030 -0.034 -0.020 -0.025 0.000 0.000
0.839 -1.165 1.197 -0.408 -0.416 0.028 -0.037 -0.019 -0.038 0.000 0.000
0.818 -1.186 1.198 -0.410 -0.417 0.026 -0.040 -0.017 -0.051 0.000 0.000
0.798 -1.207 1.199 -0.412 -0.418 0.023 -0.042 -0.015 -0.064 0.000 0.000
0.777 -1.228 1.200 -0.414 -0.419 0.020 -0.043 -0.012 -0.078 0.000 0.000
0.756 -1.249 1.201 -0.416 -0.419 0.015 -0.043 -0.009 -0.092 0.000 0.000
0.736 -1.270 1.202 -0.418 -0.420 0.010 -0.042 -0.005 -0.106 0.000 0.000
0.715 -1.291 1.202 -0.420 -0.420 0.005 -0.041 -0.002 -0.119 0.000 0.000
0.694 -1.312 1.202 -0.422 -0.420 -0.002 -0.040 0.001 -0.132 0.000 0.000
0.672 -1.333 1.202 -0.424 -0.420 -0.008 -0.038 0.004 -0.144 0.000 0.000
0.651 -1.354 1.202 -0.426 -0.419 -0.016 -0.037 0.006 -0.156 0.000 0.000
0.630 -1.375 1.201 -0.428 -0.419 -0.024 -0.035 0.008 -0.167 0.000 0.000
0.608 -1.396 1.199 -0.430 -0.419 -0.033 -0.033 0.009 -0.177 0.000 0.000
0.587 -1.416 1.197 -0.431 -0.418 -0.042 -0.032 0.008 -0.186 0.000 0.000
0.565 -1.437 1.195 -0.433 -0.418 -0.051 -0.031 0.007 -0.194 0.000 0.000
0.544 -1.458 1.192 -0.434 -0.417 -0.061 -0.030 0.004 -0.201 0.000 0.000
0.522 -1.479 1.189 -0.436 -0.417 -0.071 -0.029 -0.000 -0.206 0.000 0.000
0.500 -1.500 1.185 -0.437 -0.417 -0.082 -0.029 -0.005 -0.210 0.000 0.000
0.478 -1.521 1.181 -0.439 -0.418 -0.092 -0.029 -0.012 -0.212 0.000 0.000
0.456 -1.542 1.176 -0.440 -0.419 -0.103 -0.030 -0.019 -0.213 0.000 0.000
0.434 -1.563 1.170 -0.442 -0.420 -0.114 -0.030 -0.028 -0.213 0.000 0.000
0.412 -1.584 1.164 -0.443 -0.421 -0.124 -0.032 -0.037 -0.211 0.000 0.000
0.390 -1.605 1.158 -0.445 -0.424 -0.135 -0.033 -0.047 -0.208 0.000 0.000
0.367 -1.626 1.151 -0.446 -0.426 -0.145 -0.034 -0.058 -0.204 0.000 0.000
0.345 -1.648 1.143 -0.448 -0.429 -0.155 -0.036 -0.069 -0.198 0.000 0.000
0.323 -1.669 1.135 -0.450 -0.433 -0.165 -0.037 -0.080 -0.191 0.000 0.000
0.300 -1.691 1.127 -0.452 -0.437 -0.174 -0.038 -0.090 -0.183 0.000 0.000
0.277 -1.713 1.118 -0.454 -0.442 -0.183 -0.038 -0.100 -0.174 0.000 0.000
0.255 -1.735 1.109 -0.456 -0.447 -0.192 -0.038 -0.110 -0.164 0.000 0.000
0.232 -1.758 1.099 -0.458 -0.453 -0.199 -0.037 -0.118 -0.154 0.000 0.000
0.209 -1.780 1.089 -0.459 -0.459 -0.207 -0.036 -0.125 -0.142 0.000 0.000
0.186 -1.803 1.078 -0.461 -0.465 -0.214 -0.033 -0.130 -0.130 0.000 0.000
0.163 -1.827 1.067 -0.463 -0.472 -0.220 -0.030 -0.133 -0.118 0.000 0.000
0.140 -1.851 1.056 -0.464 -0.479 -0.225 -0.025 -0.134 -0.106 0.000 0.000
0.116 -1.875 1.045 -0.465 -0.485 -0.230 -0.020 -0.133 -0.093 0.000 0.000
0.093 -1.899 1.033 -0.466 -0.492 -0.235 -0.013 -0.129 -0.080 0.000 0.000
0.070 -1.924 1.021 -0.466 -0.498 -0.238 -0.005 -0.122 -0.067 0.000 0.000
0.047 -1.949 1.009 -0.466 -0.504 -0.242 0.004 -0.113 -0.055 0.000 0.000
0.023 -1.974 0.997 -0.466 -0.509 -0.244 0.015 -0.100 -0.043 0.000 0.000
-0.000 -2.000 0.985 -0.465 -0.514 -0.246 0.026 -0.084 -0.031 0.000 0.000
-0.023 -2.026 0.973 -0.463 -0.518 -0.247 0.039 -0.065 -0.020 0.000 0.000
-0.046 -2.052 0.960 -0.461 -0.521 -0.248 0.052 -0.043 -0.009 0.000 0.000
-0.069 -2.078 0.948 -0.458 -0.522 -0.248 0.066 -0.018 0.001 0.000 0.000
-0.092 -2.104 0.936 -0.454 -0.522 -0.248 0.081 0.010 0.010 0.000 0.000
-0.115 -2.130 0.923 -0.450 -0.521 -0.247 0.095 0.041 0.019 0.000 0.000
-0.137 -2.156 0.911 -0.445 -0.518 -0.246 0.110 0.075 0.026 0.000 0.000
-0.159 -2.182 0.899 -0.439 -0.514 -0.244 0.125 0.111 0.033 0.000 0.000
-0.181 -2.207 0.886 -0.432 -0.507 -0.243 0.139 0.149 0.038 0.000 0.000
-0.202 -2.233 0.874 -0.425 -0.499 -0.241 0.152 0.189 0.043 0.000 0.000
-0.223 -2.257 0.862 -0.417 -0.488 -0.238 0.164 0.231 0.046 0.000 0.000
-0.244 -2.281 0.850 -0.409 -0.476 -0.236 0.175 0.274 0.049 0.000 0.000
-0.264 -2.305 0.839 -0.400 -0.461 -0.233 0.184 0.318 0.050 0.000 0.000
-0.284 -2.327 0.827 -0.390 -0.444 -0.231 0.191 0.363 0.051 0.000 0.000
-0.303 -2.349 0.816 -0.381 -0.424 -0.228 0.196 0.408 0.050 0.000 0.000
-0.322 -2.370 0.804 -0.371 -0.403 -0.226 0.198 0.453 0.049 0.000 0.000
-0.340 -2.389 0.793 -0.361 -0.379 -0.223 0.198 0.497 0.046 0.000 0.000
-0.358 -2.408 0.782 -0.351 -0.353 -0.221 0.195 0.541 0.043 0.000 0.000
-0.376 -2.425 0.771 -0.341 -0.325 -0.219 0.189 0.583 0.038 0.000 0.000
-0.392 -2.440 0.760 -0.332 -0.295 -0.217 0.180 0.624 0.033 0.000 0.000
-0.409 -2.454 0.749 -0.324 -0.263 -0.216 0.168 0.663 0.027 0.000 0.000
-0.425 -2.466 0.738 -0.316 -0.229 -0.215 0.152 0.700 0.021 0.000 0.000
-0.440 -2.477 0.728 -0.308 -0.193 -0.214 0.133 0.733 0.013 0.000 0.000
-0.456 -2.486 0.717 -0.302 -0.155 -0.213 0.112 0.764 0.006 0.000 0.000
-0.471 -2.492 0.706 -0.297 -0.116 -0.213 0.087 0.792 -0.003 0.000 0.000
-0.485 -2.497 0.696 -0.294 -0.076 -0.214 0.059 0.816 -0.011 0.000 0.000
-0.500 -2.500 0.685 -0.291 -0.035 -0.214 0.029 0.836 -0.020 0.000 0.000
-0.515 -2.501 0.674 -0.291 0.007 -0.216 -0.004 0.851 -0.028 0.000 0.000
-0.529 -2.499 0.663 -0.292 0.050 -0.217 -0.038 0.863 -0.037 0.000 0.000
-0.544 -2.496 0.653 -0.295 0.093 -0.219 -0.074 0.870 -0.045 0.000 0.000
-0.559 -2.490 0.641 -0.299 0.137 -0.222 -0.110 0.872 -0.053 0.000 0.000
-0.574 -2.482 0.630 -0.306 0.181 -0.225 -0.147 0.869 -0.060 0.000 0.000
-0.589 -2.472 0.619 -0.314 0.224 -0.228 -0.184 0.861 -0.067 0.000 0.000
-0.605 -2.460 0.608 -0.324 0.267 -0.231 -0.219 0.848 -0.073 0.000 0.000
-0.622 -2.445 0.596 -0.336 0.308 -0.235 -0.253 0.830 -0.078 0.000 0.000
-0.639 -2.429 0.584 -0.349 0.349 -0.239 -0.285 0.807 -0.082 0.000 0.000
-0.657 -2.410 0.572 -0.364 0.389 -0.243 -0.314 0.779 -0.085 0.000 0.000
-0.675 -2.390 0.560 -0.381 0.427 -0.248 -0.340 0.746 -0.086 0.000 0.000
-0.695 -2.368 0.547 -0.398 0.464 -0.252 -0.361 0.708 -0.086 0.000 0.000
-0.715 -2.344 0.535 -0.417 0.498 -0.256 -0.378 0.665 -0.084 0.000 0.000
-0.736 -2.318 0.522 -0.436 0.530 -0.260 -0.389 0.618 -0.081 0.000 0.000
-0.759 -2.291 0.508 -0.456 0.560 -0.264 -0.395 0.567 -0.075 0.000 0.000
-0.782 -2.262 0.495 -0.475 0.587 -0.268 -0.395 0.511 -0.069 0.000 0.000
-0.806 -2.232 0.482 -0.495 0.611 -0.271 -0.388 0.452 -0.060 0.000 0.000
-0.831 -2.201 0.468 -0.514 0.632 -0.274 -0.375 0.389 -0.049 0.000 0.000
-0.858 -2.169 0.454 -0.532 0.650 -0.276 -0.355 0.323 -0.037 0.000 0.000
-0.885 -2.136 0.441 -0.549 0.664 -0.277 -0.327 0.255 -0.023 0.000 0.000
-0.912 -2.103 0.427 -0.565 0.675 -0.278 -0.293 0.184 -0.008 0.000 0.000
-0.941 -2.069 0.413 -0.579 0.682 -0.278 -0.253 0.112 0.009 0.000 0.000
-0.970 -2.034 0.399 -0.590 0.686 -0.277 -0.206 0.039 0.028 0.000 0.000
-1.000 -2.000 0.385 -0.599 0.686 -0.275 -0.153 -0.035 0.047 0.000 0.000
-1.030 -1.966 0.371 -0.605 0.683 -0.273 -0.095 -0.109 0.068 0.000 0.000
-1.060 -1.932 0.358 -0.608 0.675 -0.269 -0.032 -0.181 0.089 0.000 0.000
-1.091 -1.898 0.344 -0.608 0.665 -0.264 0.035 -0.253 0.111 0.000 0.000
-1.121 -1.865 0.331 -0.605 0.650 -0.257 0.104 -0.321 0.133 0.000 0.000
-1.151 -1.833 0.319 -0.598 0.632 -0.250 0.175 -0.387 0.154 0.000 0.000
-1.181 -1.802 0.306 -0.587 0.612 -0.242 0.246 -0.449 0.175 0.000 0.000
-1.210 -1.772 0.295 -0.573 0.588 -0.233 0.316 -0.506 0.196 0.000 0.000
-1.238 -1.743 0.283 -0.556 0.561 -0.223 0.384 -0.558 0.214 0.000 0.000
-1.266 -1.716 0.272 -0.535 0.532 -0.211 0.448 -0.604 0.232 0.000 0.000
-1.292 -1.690 0.262 -0.511 0.501 -0.199 0.509 -0.644 0.247 0.000 0.000
-1.317 -1.666 0.252 -0.484 0.468 -0.187 0.563 -0.676 0.260 0.000 0.000
-1.340 -1.644 0.243 -0.455 0.433 -0.173 0.610 -0.700 0.270 0.000 0.000
-1.362 -1.623 0.235 -0.423 0.398 -0.160 0.650 -0.717 0.278 0.000 0.000
-1.382 -1.604 0.227 -0.390 0.362 -0.146 0.681 -0.725 0.283 0.000 0.000
-1.401 -1.587 0.220 -0.355 0.325 -0.132 0.702 -0.724 0.284 0.000 0.000
-1.418 -1.571 0.214 -0.320 0.289 -0.117 0.713 -0.715 0.282 0.000 0.000
-1.433 -1.558 0.209 -0.284 0.254 -0.103 0.714 -0.697 0.276 0.000 0.000
-1.446 -1.546 0.204 -0.249 0.220 -0.090 0.703 -0.671 0.268 0.000 0.000
-1.458 -1.536 0.200 -0.214 0.187 -0.077 0.682 -0.637 0.256 0.000 0.000
-1.468 -1.527 0.196 -0.181 0.156 -0.064 0.651 -0.596 0.240 0.000 0.000
-1.476 -1.520 0.193 -0.149 0.128 -0.053 0.609 -0.547 0.222 0.000 0.000
-1.483 -1.514 0.191 -0.120 0.102 -0.042 0.559 -0.493 0.201 0.000 0.000
-1.488 -1.510 0.189 -0.094 0.078 -0.033 0.500 -0.434 0.178 0.000 0.000
-1.492 -1.506 0.188 -0.070 0.058 -0.024 0.435 -0.372 0.154 0.000 0.000
-1.495 -1.504 0.187 -0.050 0.041 -0.017 0.366 -0.308 0.128 0.000 0.000
-1.497 -1.502 0.186 -0.034 0.027 -0.012 0.294 -0.245 0.102 0.000 0.000
-1.499 -1.501 0.185 -0.021 0.017 -0.007 0.223 -0.183 0.077 0.000 0.000
-1.499 -1.500 0.185 -0.011 0.009 -0.004 0.155 -0.126 0.053 0.000 0.000
-1.500 -1.500 0.185 -0.005 0.004 -0.002 0.095 -0.076 0.032 0.000 0.000
-1.500 -1.500 0.185 -0.002 0.001 -0.001 0.046 -0.036 0.015 0.000 0.000
-1.500 -1.500 0.185 -0.000 0.000 -0.000 0.012 -0.010 0.004 0.000 0.000
-1.500 -1.500 0.185 0.000 -0.000 0.000 -0.000 -0.000 0.000 0.000 0.000
-1.500 -1.500 0.185 -0.000 -0.000 -0.000 -0.000 -0.000 -0.000 0.000 0.000
-1.500 -1.500 0.185 -0.000 -0.000 -0.000 -0.000 -0.000 -0.001 0.000 0.000
-1.500 -1.500 0.185 -0.000 -0.000 -0.000 -0.000 -0.000 -0.002 0.000 0.000
-1.500 -1.500 0.185 -0.000 -0.000 -0.000 -0.000 -0.000 -0.003 0.000 0.000
-1.500 -1.500 0.185 -0.000 -0.000 -0.000 -0.000 -0.000 -0.004 0.000 0.000
-1.500 -1.500 0.185 -0.000 -0.000 -0.001 -0.000 -0.000 -0.006 0.000 0.000
-1.500 -1.500 0.185 -0.000 -0.000 -0.001 -0.000 -0.000 -0.008 0.000 0.000
-1.500 -1.500 0.185 -0.000 -0.000 -0.001 -0.000 -0.000 -0.011 0.000 0.000
-1.500 -1.500 0.185 -0.000 -0.000 -0.002 -0.000 -0.000 -0.013 0.000 0.000
-1.500 -1.500 0.185 -0.000 -0.000 -0.003 -0.000 -0.000 -0.016 0.000 0.000
-1.500 -1.500 0.184 -0.000 -0.000 -0.004 -0.000 -0.000 -0.018 0.000 0.000
-1.500 -1.500 0.184 -0.000 -0.000 -0.005 -0.000 -0.000 -0.021 0.000 0.000
-1.500 -1.500 0.184 -0.000 -0.000 -0.006 -0.000 -0.000 -0.024 0.000 0.000
-1.500 -1.500 0.184 -0.000 -0.000 -0.007 -0.000 -0.000 -0.027 0.000 0.000
-1.500 -1.500 0.183 -0.000 -0.000 -0.008 -0.000 -0.000 -0.030 0.000 0.000
-1.500 -1.500 0.183 -0.000 -0.000 -0.010 -0.000 -0.000 -0.033 0.000 0.000
-1.500 -1.500 0.182 -0.000 -0.000 -0.012 -0.000 -0.000 -0.036 0.000 0.000
-1.500 -1.500 0.182 -0.000 -0.000 -0.014 -0.000 -0.000 -0.040 0.000 0.000
-1.500 -1.500 0.181 -0.000 -0.000 -0.016 -0.000 -0.000 -0.043 0.000 0.000
-1.500 -1.500 0.180 -0.000 -0.000 -0.018 -0.000 -0.000 -0.046 0.000 0.000
-1.500 -1.500 0.179 -0.000 -0.000 -0.020 -0.000 -0.000 -0.049 0.000 0.000
-1.500 -1.500 0.178 -0.000 -0.000 -0.023 -0.000 -0.000 -0.052 0.000 0.000
-1.500 -1.500 0.177 -0.000 -0.000 -0.026 -0.000 -0.000 -0.055 0.000 0.000
-1.500 -1.500 0.175 -0.000 -0.000 -0.028 -0.000 -0.000 -0.058 0.000 0.000
-1.500 -1.500 0.174 -0.000 -0.000 -0.031 -0.000 -0.000 -0.061 0.000 0.000
-1.500 -1.500 0.172 -0.000 -0.000 -0.034 -0.000 -0.000 -0.063 0.000 0.000
-1.500 -1.500 0.171 -0.000 -0.000 -0.038 -0.000 -0.000 -0.066 0.000 0.000
-1.500 -1.500 0.169 -0.000 -0.000 -0.041 -0.000 -0.000 -0.068 0.000 0.000
-1.500 -1.500 0.166 -0.000 -0.000 -0.044 -0.000 -0.000 -0.071 0.000 0.000
-1.500 -1.500 0.164 -0.000 -0.000 -0.048 -0.000 -0.000 -0.073 0.000 0.000
-1.500 -1.500 0.162 -0.000 -0.000 -0.052 -0.000 -0.000 -0.075 0.000 0.000
-1.500 -1.500 0.159 -0.000 -0.000 -0.056 -0.000 -0.000 -0.077 0.000 0.000
-1.500 -1.500 0.156 -0.000 -0.000 -0.059 -0.000 -0.000 -0.079 0.000 0.000
-1.500 -1.500 0.153 -0.000 -0.000 -0.063 -0.000 -0.000 -0.080 0.000 0.000
-1.500 -1.500 0.150 -0.000 -0.000 -0.067 -0.000 -0.000 -0.082 0.000 0.000
-1.500 -1.500 0.146 -0.000 -0.000 -0.072 -0.000 -0.000 -0.083 0.000 0.000
-1.500 -1.500 0.143 -0.000 -0.000 -0.076 -0.000 -0.000 -0.084 0.000 0.000
-1.500 -1.500 0.139 -0.000 -0.000 -0.080 -0.000 -0.000 -0.085 0.000 0.000
-1.500 -1.500 0.135 -0.000 -0.000 -0.084 -0.000 -0.000 -0.086 0.000 0.000
-1.500 -1.500 0.130 -0.000 -0.000 -0.089 -0.000 -0.000 -0.086 0.000 0.000
-1.500 -1.500 0.126 -0.000 -0.000 -0.093 -0.000 -0.000 -0.087 0.000 0.000
-1.500 -1.500 0.121 -0.000 -0.000 -0.097 -0.000 -0.000 -0.087 0.000 0.000
-1.500 -1.500 0.116 -0.000 -0.000 -0.102 -0.000 -0.000 -0.087 0.000 0.000
-1.500 -1.500 0.111 -0.000 -0.000 -0.106 -0.000 -0.000 -0.087 0.000 0.000
-1.500 -1.500 0.105 -0.000 -0.000 -0.110 -0.000 -0.000 -0.086 0.000 0.000
-1.500 -1.500 0.100 -0.000 -0.000 -0.114 -0.000 -0.000 -0.086 0.000 0.000
-1.500 -1.500 0.094 -0.000 -0.000 -0.119 -0.000 -0.000 -0.085 0.000 0.000
-1.500 -1.500 0.088 -0.000 -0.000 -0.123 -0.000 -0.000 -0.084 0.000 0.000
-1.500 -1.500 0.082 -0.000 -0.000 -0.127 -0.000 -0.000 -0.083 0.000 0.000
-1.500 -1.500 0.075 -0.000 -0.000 -0.131 -0.000 -0.000 -0.082 0.000 0.000
-1.500 -1.500 0.069 -0.000 -0.000 -0.135 -0.000 -0.000 -0.080 0.000 0.000
-1.500 -1.500 0.062 -0.000 -0.000 -0.139 -0.000 -0.000 -0.079 0.000 0.000
-1.500 -1.500 0.055 -0.000 -0.000 -0.143 -0.000 -0.000 -0.077 0.000 0.000
-1.500 -1.500 0.047 -0.000 -0.000 -0.147 -0.000 -0.000 -0.075 0.000 0.000
-1.500 -1.500 0.040 -0.000 -0.000 -0.151 -0.000 -0.000 -0.073 0.000 0.000
-1.500 -1.500 0.032 -0.000 -0.000 -0.154 0.000 0.000 -0.071 0.000 0.000
-1.500 -1.500 0.024 -0.000 -0.000 -0.158 0.000 0.000 -0.069 0.000 0.000
-1.500 -1.500 0.017 -0.000 -0.000 -0.161 0.000 0.000 -0.066 0.000 0.000
-1.500 -1.500 0.008 -0.000 -0.000 -0.164 0.000 0.000 -0.063 0.000 0.000
-1.500 -1.500 0.000 -0.000 -0.000 -0.168 0.000 0.000 -0.061 0.000 0.000
-1.500 -1.500 -0.008 -0.000 -0.000 -0.170 0.000 0.000 -0.058 0.000 0.000
-1.500 -1.500 -0.017 -0.000 -0.000 -0.173 0.000 0.000 -0.055 0.000 0.000
-1.500 -1.500 -0.026 -0.000 -0.000 -0.176 0.000 0.000 -0.052 0.000 0.000
-1.500 -1.500 -0.035 -0.000 -0.000 -0.178 0.000 0.000 -0.048 0.000 0.000
-1.500 -1.500 -0.044 -0.000 -0.000 -0.181 0.000 0.000 -0.045 0.000 0.000
-1.500 -1.500 -0.053 -0.000 -0.000 -0.183 0.000 0.000 -0.042 0.000 0.000
-1.500 -1.500 -0.062 -0.000 -0.000 -0.185 0.000 0.000 -0.038 0.000 0.000
-1.500 -1.500 -0.071 -0.000 -0.000 -0.187 0.000 0.000 -0.034 0.000 0.000
-1.500 -1.500 -0.080 -0.000 -0.000 -0.188 0.000 0.000 -0.031 0.000 0.000
-1.500 -1.500 -0.090 -0.000 -0.000 -0.190 0.000 0.000 -0.027 0.000 0.000
-1.500 -1.500 -0.099 -0.000 -0.000 -0.191 0.000 0.000 -0.023 0.000 0.000
-1.500 -1.500 -0.109 -0.000 -0.000 -0.192 0.000 0.000 -0.020 0.000 0.000
-1.500 -1.500 -0.119 -0.000 -0.000 -0.193 0.000 0.000 -0.016 0.000 0.000
-1.500 -1.500 -0.128 -0.000 -0.000 -0.194 0.000 0.000 -0.012 0.000 0.000
-1.500 -1.500 -0.138 -0.000 -0.000 -0.194 0.000 0.000 -0.008 0.000 0.000
-1.500 -1.500 -0.148 -0.000 -0.000 -0.195 0.000 0.000 -0.004 0.000 0.000
-1.500 -1.500 -0.157 -0.000 -0.000 -0.195 0.000 0.000 -0.000 0.000 0.000
-1.500 -1.500 -0.167 -0.000 -0.000 -0.195 0.000 0.000 0.004 0.000 0.000
-1.500 -1.500 -0.177 -0.000 -0.000 -0.194 0.000 0.000 0.008 0.000 0.000
-1.500 -1.500 -0.187 -0.000 -0.000 -0.194 0.000 0.000 0.012 0.000 0.000
-1.500 -1.500 -0.196 -0.000 -0.000 -0.193 0.000 0.000 0.016 0.000 0.000
-1.500 -1.500 -0.206 -0.000 -0.000 -0.192 0.000 0.000 0.020 0.000 0.000
-1.500 -1.500 -0.216 -0.000 -0.000 -0.191 0.000 0.000 0.023 0.000 0.000
-1.500 -1.500 -0.225 -0.000 -0.000 -0.190 0.000 0.000 0.027 0.000 0.000
-1.500 -1.500 -0.235 0.000 0.000 -0.188 0.000 0.000 0.031 0.000 0.000
-1.500 -1.500 -0.244 0.000 0.000 -0.187 0.000 0.000 0.034 0.000 0.000
-1.500 -1.500 -0.253 0.000 0.000 -0.185 0.000 0.000 0.038 0.000 0.000
-1.500 -1.500 -0.262 0.000 0.000 -0.183 0.000 0.000 0.042 0.000 0.000
-1.500 -1.500 -0.271 0.000 0.000 -0.181 0.000 0.000 0.045 0.000 0.000
-1.500 -1.500 -0.280 0.000 0.000 -0.178 0.000 0.000 0.048 0.000 0.000
-1.500 -1.500 -0.289 0.000 0.000 -0.176 0.000 0.000 0.052 0.000 0.000
-1.500 -1.500 -0.298 0.000 0.000 -0.173 0.000 0.000 0.055 0.000 0.000
-1.500 -1.500 -0.307 0.000 0.000 -0.170 0.000 0.000 0.058 0.000 0.000
-1.500 -1.500 -0.315 0.000 0.000 -0.168 0.000 0.000 0.061 0.000 0.000
-1.500 -1.500 -0.323 0.000 0.000 -0.164 0.000 0.000 0.063 0.000 0.000
-1.500 -1.500 -0.332 0.000 0.000 -0.161 0.000 0.000 0.066 0.000 0.000
-1.500 -1.500 -0.339 0.000 0.000 -0.158 0.000 0.000 0.069 0.000 0.000
-1.500 -1.500 -0.347 0.000 0.000 -0.154 0.000 0.000 0.071 0.000 0.000
-1.500 -1.500 -0.355 0.000 0.000 -0.151 0.000 0.000 0.073 0.000 0.000
-1.500 -1.500 -0.362 0.000 0.000 -0.147 0.000 0.000 0.075 0.000 0.000
-1.500 -1.500 -0.370 0.000 0.000 -0.143 0.000 0.000 0.077 0.000 0.000
-1.500 -1.500 -0.377 0.000 0.000 -0.139 0.000 0.000 0.079 0.000 0.000
-1.500 -1.500 -0.384 0.000 0.000 -0.135 0.000 0.000 0.080 0.000 0.000
-1.500 -1.500 -0.390 0.000 0.000 -0.131 0.000 0.000 0.082 0.000 0.000
-1.500 -1.500 -0.397 0.000 0.000 -0.127 0.000 0.000 0.083 0.000 0.000
-1.500 -1.500 -0.403 0.000 0.000 -0.123 0.000 0.000 0.084 0.000 0.000
-1.500 -1.500 -0.409 0.000 0.000 -0.119 0.000 0.000 0.085 0.000 0.000
-1.500 -1.500 -0.415 0.000 0.000 -0.114 0.000 0.000 0.086 0.000 0.000
-1.500 -1.500 -0.420 0.000 0.000 -0.110 0.000 0.000 0.086 0.000 0.000
-1.500 -1.500 -0.426 0.000 0.000 -0.106 0.000 0.000 0.087 0.000 0.000
-1.500 -1.500 -0.431 0.000 0.000 -0.102 0.000 0.000 0.087 0.000 0.000
-1.500 -1.500 -0.436 0.000 0.000 -0.097 0.000 0.000 0.087 0.000 0.000
-1.500 -1.500 -0.441 0.000 0.000 -0.093 0.000 0.000 0.087 0.000 0.000
-1.500 -1.500 -0.445 0.000 0.000 -0.089 0.000 0.000 0.086 0.000 0.000
-1.500 -1.500 -0.450 0.000 0.000 -0.084 0.000 0.000 0.086 0.000 0.000
-1.500 -1.500 -0.454 0.000 0.000 -0.080 -0.000 -0.000 0.085 0.000 0.000
-1.500 -1.500 -0.458 0.000 0.000 -0.076 -0.000 -0.000 0.084 0.000 0.000
-1.500 -1.500 -0.461 0.000 0.000 -0.072 -0.000 -0.000 0.083 0.000 0.000
-1.500 -1.500 -0.465 0.000 0.000 -0.067 -0.000 -0.000 0.082 0.000 0.000
-1.500 -1.500 -0.468 0.000 0.000 -0.063 -0.000 -0.000 0.080 0.000 0.000
-1.500 -1.500 -0.471 0.000 0.000 -0.059 -0.000 -0.000 0.079 0.000 0.000
-1.500 -1.500 -0.474 0.000 0.000 -0.056 -0.000 -0.000 0.077 0.000 0.000
-1.500 -1.500 -0.477 0.000 0.000 -0.052 -0.000 -0.000 0.075 0.000 0.000
-1.500 -1.500 -0.479 0.000 0.000 -0.048 -0.000 -0.000 0.073 0.000 0.000
-1.500 -1.500 -0.481 0.000 0.000 -0.044 -0.000 -0.000 0.071 0.000 0.000
-1.500 -1.500 -0.484 0.000 0.000 -0.041 -0.000 -0.000 0.068 0.000 0.000
-1.500 -1.500 -0.486 0.000 0.000 -0.038 -0.000 -0.000 0.066 0.000 0.000
-1.500 -1.500 -0.487 0.000 0.000 -0.034 -0.000 -0.000 0.063 0.000 0.000
-1.500 -1.500 -0.489 0.000 0.000 -0.031 -0.000 -0.000 0.061 0.000 0.000
-1.500 -1.500 -0.490 0.000 0.000 -0.028 -0.000 -0.000 0.058 0.000 0.000
-1.500 -1.500 -0.492 0.000 0.000 -0.026 -0.000 -0.000 0.055 0.000 0.000
-1.500 -1.500 -0.493 0.000 0.000 -0.023 -0.000 -0.000 0.052 0.000 0.000
-1.500 -1.500 -0.494 0.000 0.000 -0.020 -0.000 -0.000 0.049 0.000 0.000
-1.500 -1.500 -0.495 0.000 0.000 -0.018 -0.000 -0.000 0.046 0.000 0.000
-1.500 -1.500 -0.496 0.000 0.000 -0.016 -0.000 -0.000 0.043 0.000 0.000
-1.500 -1.500 -0.497 0.000 0.000 -0.014 -0.000 -0.000 0.040 0.000 0.000
-1.500 -1.500 -0.497 0.000 0.000 -0.012 -0.000 -0.000 0.036 0.000 0.000
-1.500 -1.500 -0.498 0.000 0.000 -0.010 -0.000 -0.000 0.033 0.000 0.000
-1.500 -1.500 -0.498 0.000 0.000 -0.008 -0.000 -0.000 0.030 0.000 0.000
-1.500 -1.500 -0.499 0.000 0.000 -0.007 -0.000 -0.000 0.027 0.000 0.000
-1.500 -1.500 -0.499 0.000 0.000 -0.006 -0.000 -0.000 0.024 0.000 0.000
-1.500 -1.500 -0.499 0.000 0.000 -0.005 -0.000 -0.000 0.021 0.000 0.000
-1.500 -1.500 -0.499 -0.000 -0.000 -0.004 -0.000 -0.000 0.018 0.000 0.000
-1.500 -1.500 -0.500 -0.000 -0.000 -0.003 -0.000 -0.000 0.016 0.000 0.000
-1.500 -1.500 -0.500 -0.000 -0.000 -0.002 -0.000 -0.000 0.013 0.000 0.000
-1.500 -1.500 -0.500 -0.000 -0.000 -0.001 -0.000 -0.000 0.011 0.000 0.000
-1.500 -1.500 -0.500 -0.000 -0.000 -0.001 -0.000 -0.000 0.008 0.000 0.000
-1.500 -1.500 -0.500 -0.000 -0.000 -0.001 -0.000 -0.000 0.006 0.000 0.000
-1.500 -1.500 -0.500 -0.000 -0.000 -0.000 -0.000 -0.000 0.004 0.000 0.000
-1.500 -1.500 -0.500 -0.000 -0.000 -0.000 -0.000 -0.000 0.003 0.000 0.000
-1.500 -1.500 -0.500 -0.000 -0.000 -0.000 -0.000 -0.000 0.002 0.000 0.000
-1.500 -1.500 -0.500 -0.000 -0.000 -0.000 -0.000 -0.000 0.001 0.000 0.000
-1.500 -1.500 -0.500 -0.000 -0.000 -0.000 -0.000 -0.000 0.000 0.000 0.000
-1.500 -1.500 -0.500 -0.000 -0.000 -0.000 -0.000 -0.000 -0.000 0.000 0.000
