-1.500 1.500 0.185 -0.000 0.000 0.000 -0.000 0.000 0.002 0.000 0.000
-1.500 1.500 0.185 -0.000 0.000 0.000 -0.000 0.000 0.006 0.000 0.000
-1.500 1.500 0.185 -0.000 0.000 0.001 0.000 -0.000 0.013 0.000 0.000
-1.500 1.500 0.185 -0.000 0.000 0.002 0.000 -0.000 0.023 0.000 0.000
-1.500 1.500 0.185 -0.000 0.000 0.003 0.000 -0.000 0.034 0.000 0.000
-1.500 1.500 0.185 -0.000 0.000 0.005 0.000 -0.000 0.047 0.000 0.000
-1.500 1.500 0.186 -0.000 0.000 0.008 0.000 -0.000 0.061 0.000 0.000
-1.500 1.500 0.186 -0.000 0.000 0.011 0.000 -0.000 0.076 0.000 0.000
-1.500 1.500 0.187 -0.000 0.000 0.015 0.000 -0.000 0.092 0.000 0.000
-1.500 1.500 0.188 -0.000 0.000 0.020 0.000 -0.000 0.109 0.000 0.000
-1.500 1.500 0.189 -0.000 0.000 0.026 0.000 -0.000 0.126 0.000 0.000
-1.500 1.500 0.190 -0.000 0.000 0.033 0.000 -0.000 0.142 0.000 0.000
-1.500 1.500 0.192 -0.000 0.000 0.041 0.000 -0.000 0.159 0.000 0.000
-1.500 1.500 0.194 -0.000 0.000 0.049 0.000 -0.000 0.175 0.000 0.000
-1.500 1.500 0.197 -0.000 0.000 0.058 0.000 -0.000 0.191 0.000 0.000
-1.500 1.500 0.200 -0.000 0.000 0.068 0.000 -0.000 0.206 0.000 0.000
-1.500 1.500 0.204 -0.000 0.000 0.079 0.000 -0.000 0.221 0.000 0.000
-1.500 1.500 0.208 -0.000 0.000 0.090 0.000 -0.000 0.234 0.000 0.000
-1.500 1.500 0.213 -0.000 0.000 0.102 0.000 -0.000 0.247 0.000 0.000
-1.500 1.500 0.218 -0.000 0.000 0.115 0.000 -0.000 0.258 0.000 0.000
-1.500 1.500 0.224 -0.000 0.000 0.128 0.000 -0.000 0.268 0.000 0.000
-1.500 1.500 0.231 -0.000 0.000 0.141 0.000 -0.000 0.277 0.000 0.000
-1.500 1.500 0.239 -0.000 0.000 0.156 0.000 -0.000 0.285 0.000 0.000
-1.500 1.500 0.247 -0.000 0.000 0.170 0.000 -0.000 0.291 0.000 0.000
-1.500 1.500 0.256 -0.000 0.000 0.185 0.000 -0.000 0.295 0.000 0.000
-1.500 1.500 0.265 -0.000 0.000 0.199 0.000 -0.000 0.299 0.000 0.000
-1.500 1.500 0.276 -0.000 0.000 0.214 0.000 -0.000 0.300 0.000 0.000
-1.500 1.500 0.287 -0.000 0.000 0.229 0.000 -0.000 0.300 0.000 0.000
-1.500 1.500 0.298 -0.000 0.000 0.244 0.000 -0.000 0.299 0.000 0.000
-1.500 1.500 0.311 -0.000 0.000 0.259 0.000 -0.000 0.296 0.000 0.000
-1.500 1.500 0.324 -0.000 0.000 0.274 0.000 -0.000 0.292 0.000 0.000
-1.500 1.500 0.338 -0.000 0.000 0.288 0.000 -0.000 0.286 0.000 0.000
-1.500 1.500 0.353 -0.000 0.000 0.303 0.000 -0.000 0.279 0.000 0.000
-1.500 1.500 0.369 -0.000 0.000 0.316 0.000 -0.000 0.271 0.000 0.000
-1.500 1.500 0.385 -0.000 0.000 0.330 0.000 -0.000 0.261 0.000 0.000
-1.500 1.500 0.402 -0.000 0.000 0.342 0.000 -0.000 0.250 0.000 0.000
-1.500 1.500 0.419 -0.000 0.000 0.355 0.000 -0.000 0.237 0.000 0.000
-1.500 1.500 0.437 0.000 -0.000 0.366 0.000 -0.000 0.224 0.000 0.000
-1.500 1.500 0.456 0.000 -0.000 0.377 0.000 -0.000 0.209 0.000 0.000
-1.500 1.500 0.475 0.000 -0.000 0.387 0.000 -0.000 0.194 0.000 0.000
-1.500 1.500 0.494 0.000 -0.000 0.396 0.000 -0.000 0.177 0.000 0.000
-1.500 1.500 0.514 0.000 -0.000 0.405 0.000 -0.000 0.160 0.000 0.000
-1.500 1.500 0.535 0.000 -0.000 0.412 0.000 -0.000 0.141 0.000 0.000
-1.500 1.500 0.556 0.000 -0.000 0.419 0.000 -0.000 0.122 0.000 0.000
-1.500 1.500 0.577 0.000 -0.000 0.425 0.000 -0.000 0.103 0.000 0.000
-1.500 1.500 0.598 0.000 -0.000 0.429 0.000 -0.000 0.083 0.000 0.000
-1.500 1.500 0.620 0.000 -0.000 0.433 0.000 -0.000 0.063 0.000 0.000
-1.500 1.500 0.641 0.000 -0.000 0.435 0.000 -0.000 0.042 0.000 0.000
-1.500 1.500 0.663 0.000 -0.000 0.437 0.000 -0.000 0.021 0.000 0.000
-1.500 1.500 0.685 0.000 -0.000 0.438 -0.000 0.000 0.000 0.000 0.000
-1.500 1.500 0.707 0.000 -0.000 0.437 0.000 -0.000 -0.021 0.000 0.000
-1.500 1.500 0.729 0.000 -0.000 0.435 0.000 -0.000 -0.042 0.000 0.000
-1.500 1.500 0.750 0.000 -0.000 0.433 -0.000 0.000 -0.063 0.000 0.000
-1.500 1.500 0.772 0.000 -0.000 0.429 -0.000 0.000 -0.083 0.000 0.000
-1.500 1.500 0.793 0.000 -0.000 0.425 -0.000 0.000 -0.103 0.000 0.000
-1.500 1.500 0.814 0.000 -0.000 0.419 -0.000 0.000 -0.122 0.000 0.000
-1.500 1.500 0.835 0.000 -0.000 0.412 -0.000 0.000 -0.141 0.000 0.000
-1.500 1.500 0.856 0.000 -0.000 0.405 -0.000 0.000 -0.160 0.000 0.000
-1.500 1.500 0.876 0.000 -0.000 0.396 -0.000 0.000 -0.177 0.000 0.000
-1.500 1.500 0.895 0.000 -0.000 0.387 -0.000 0.000 -0.194 0.000 0.000
-1.500 1.500 0.914 0.000 -0.000 0.377 -0.000 0.000 -0.209 0.000 0.000
-1.500 1.500 0.933 0.000 -0.000 0.366 -0.000 0.000 -0.224 0.000 0.000
-1.500 1.500 0.951 0.000 -0.000 0.355 -0.000 0.000 -0.237 0.000 0.000
-1.500 1.500 0.968 0.000 -0.000 0.342 -0.000 0.000 -0.250 0.000 0.000
-1.500 1.500 0.985 0.000 -0.000 0.330 -0.000 0.000 -0.261 0.000 0.000
-1.500 1.500 1.001 0.000 -0.000 0.316 -0.000 0.000 -0.271 0.000 0.000
-1.500 1.500 1.017 0.000 -0.000 0.303 0.000 -0.000 -0.279 0.000 0.000
-1.500 1.500 1.032 0.000 -0.000 0.288 0.000 -0.000 -0.286 0.000 0.000
-1.500 1.500 1.046 0.000 -0.000 0.274 0.000 -0.000 -0.292 0.000 0.000
-1.500 1.500 1.059 0.000 -0.000 0.259 0.000 -0.000 -0.296 0.000 0.000
-1.500 1.500 1.072 0.000 -0.000 0.244 0.000 -0.000 -0.299 0.000 0.000
-1.500 1.500 1.083 0.000 -0.000 0.229 0.000 -0.000 -0.300 0.000 0.000
-1.500 1.500 1.094 0.000 -0.000 0.214 0.000 -0.000 -0.300 0.000 0.000
-1.500 1.500 1.105 0.000 -0.000 0.199 0.000 -0.000 -0.299 0.000 0.000
-1.500 1.500 1.114 0.000 -0.000 0.185 0.000 -0.000 -0.295 0.000 0.000
-1.500 1.500 1.123 0.000 -0.000 0.170 0.000 -0.000 -0.291 0.000 0.000
-1.500 1.500 1.131 0.000 -0.000 0.156 0.000 -0.000 -0.285 0.000 0.000
-1.500 1.500 1.139 0.000 -0.000 0.141 0.000 -0.000 -0.277 0.000 0.000
-1.500 1.500 1.146 0.000 -0.000 0.128 0.000 -0.000 -0.268 0.000 0.000
-1.500 1.500 1.152 0.000 -0.000 0.115 0.000 -0.000 -0.258 0.000 0.000
-1.500 1.500 1.157 0.000 -0.000 0.102 0.000 -0.000 -0.247 0.000 0.000
-1.500 1.500 1.162 0.000 -0.000 0.090 0.000 -0.000 -0.234 0.000 0.000
-1.500 1.500 1.166 0.000 -0.000 0.079 0.000 -0.000 -0.221 0.000 0.000
-1.500 1.500 1.170 0.000 -0.000 0.068 -0.000 0.000 -0.206 0.000 0.000
-1.500 1.500 1.173 0.000 -0.000 0.058 -0.000 0.000 -0.191 0.000 0.000
-1.500 1.500 1.176 0.000 -0.000 0.049 -0.000 0.000 -0.175 0.000 0.000
-1.500 1.500 1.178 0.000 -0.000 0.041 -0.000 0.000 -0.159 0.000 0.000
-1.500 1.500 1.180 0.000 -0.000 0.033 -0.000 0.000 -0.142 0.000 0.000
-1.500 1.500 1.181 0.000 -0.000 0.026 -0.000 0.000 -0.126 0.000 0.000
-1.500 1.500 1.182 0.000 -0.000 0.020 -0.000 0.000 -0.109 0.000 0.000
-1.500 1.500 1.183 0.000 -0.000 0.015 -0.000 0.000 -0.092 0.000 0.000
-1.500 1.500 1.184 0.000 -0.000 0.011 -0.000 0.000 -0.076 0.000 0.000
-1.500 1.500 1.184 0.000 -0.000 0.008 -0.000 0.000 -0.061 0.000 0.000
-1.500 1.500 1.185 0.000 -0.000 0.005 -0.000 0.000 -0.047 0.000 0.000
-1.500 1.500 1.185 0.000 -0.000 0.003 -0.000 0.000 -0.034 0.000 0.000
-1.500 1.500 1.185 0.000 -0.000 0.002 -0.000 0.000 -0.023 0.000 0.000
-1.500 1.500 1.185 0.000 -0.000 0.001 -0.000 0.000 -0.013 0.000 0.000
-1.500 1.500 1.185 0.000 -0.000 0.000 -0.000 0.000 -0.006 0.000 0.000
-1.500 1.500 1.185 0.000 -0.000 0.000 -0.000 0.000 -0.002 0.000 0.000
-1.500 1.500 1.185 0.000 -0.000 -0.000 -0.000 0.000 -0.000 0.000 0.000
-1.500 1.500 1.185 0.000 0.000 0.000 0.000 0.000 0.000 0.000 0.000
-1.500 1.500 1.185 0.000 0.000 0.000 0.000 0.000 0.000 0.000 0.000
-1.500 1.500 1.185 0.000 0.000 0.000 0.000 0.000 0.000 0.000 0.000
-1.500 1.500 1.185 0.000 0.000 0.000 0.000 0.000 0.000 0.000 0.000
-1.500 1.500 1.185 0.000 0.000 0.000 0.000 0.000 0.000 0.000 0.000
-1.500 1.500 1.185 0.000 0.000 0.000 0.000 0.000 0.000 0.000 0.000
-1.500 1.500 1.185 0.000 0.000 0.000 0.000 0.000 0.000 0.000 0.000
-1.500 1.500 1.185 0.000 0.000 0.000 0.000 0.000 0.000 0.000 0.000
-1.500 1.500 1.185 0.000 0.000 0.000 0.000 0.000 0.000 0.000 0.000
-1.500 1.500 1.185 0.000 0.000 0.000 0.000 0.000 0.000 0.000 0.000
-1.500 1.500 1.185 0.000 0.000 0.000 0.000 0.000 0.000 0.000 0.000
-1.500 1.500 1.185 0.000 0.000 0.000 0.000 0.000 0.000 0.000 0.000
-1.500 1.500 1.185 0.000 0.000 0.000 0.000 0.000 0.000 0.000 0.000
-1.500 1.500 1.185 0.000 0.000 0.000 0.000 0.000 0.000 0.000 0.000
-1.500 1.500 1.185 0.000 0.000 0.000 0.000 0.000 0.000 0.000 0.000
-1.500 1.500 1.185 0.000 0.000 0.000 0.000 0.000 0.000 0.000 0.000
-1.500 1.500 1.185 0.000 0.000 0.000 0.000 0.000 0.000 0.000 0.000
-1.500 1.500 1.185 0.000 0.000 0.000 0.000 0.000 0.000 0.000 0.000
-1.500 1.500 1.185 0.000 0.000 0.000 0.000 0.000 0.000 0.000 0.000
-1.500 1.500 1.185 0.000 0.000 0.000 0.000 0.000 0.000 0.000 0.000
-1.500 1.500 1.185 0.000 0.000 0.000 0.000 0.000 0.000 0.000 0.000
-1.500 1.500 1.185 0.000 0.000 0.000 0.000 0.000 0.000 0.000 0.000
-1.500 1.500 1.185 0.000 0.000 0.000 0.000 0.000 0.000 0.000 0.000
-1.500 1.500 1.185 0.000 0.000 0.000 0.000 0.000 0.000 0.000 0.000
-1.500 1.500 1.185 0.000 0.000 0.000 0.000 0.000 0.000 0.000 0.000
-1.500 1.500 1.185 0.000 0.000 0.000 0.000 0.000 0.000 0.000 0.000
-1.500 1.500 1.185 0.000 0.000 0.000 0.000 0.000 0.000 0.000 0.000
-1.500 1.500 1.185 0.000 0.000 0.000 0.000 0.000 0.000 0.000 0.000
-1.500 1.500 1.185 0.000 0.000 0.000 0.000 0.000 0.000 0.000 0.000
-1.500 1.500 1.185 0.000 0.000 0.000 0.000 0.000 0.000 0.000 0.000
-1.500 1.500 1.185 0.000 0.000 0.000 0.000 0.000 0.000 0.000 0.000
-1.500 1.500 1.185 0.000 0.000 0.000 0.000 0.000 0.000 0.000 0.000
-1.500 1.500 1.185 0.000 0.000 0.000 0.000 0.000 0.000 0.000 0.000
-1.500 1.500 1.185 0.000 0.000 0.000 0.000 0.000 0.000 0.000 0.000
-1.500 1.500 1.185 0.000 0.000 0.000 0.000 0.000 0.000 0.000 0.000
-1.500 1.500 1.185 0.000 0.000 0.000 0.000 0.000 0.000 0.000 0.000
-1.500 1.500 1.185 0.000 0.000 0.000 0.000 0.000 0.000 0.000 0.000
-1.500 1.500 1.185 0.000 0.000 0.000 0.000 0.000 0.000 0.000 0.000
-1.500 1.500 1.185 0.000 0.000 0.000 0.000 0.000 0.000 0.000 0.000
-1.500 1.500 1.185 0.000 0.000 0.000 0.000 0.000 0.000 0.000 0.000
-1.500 1.500 1.185 0.000 0.000 0.000 0.000 0.000 0.000 0.000 0.000
-1.500 1.500 1.185 0.000 0.000 0.000 0.000 0.000 0.000 0.000 0.000
-1.500 1.500 1.185 0.000 0.000 0.000 0.000 0.000 0.000 0.000 0.000
-1.500 1.500 1.185 0.000 0.000 0.000 0.000 0.000 0.000 0.000 0.000
-1.500 1.500 1.185 0.000 0.000 0.000 0.000 0.000 0.000 0.000 0.000
-1.500 1.500 1.185 0.000 0.000 0.000 0.000 0.000 0.000 0.000 0.000
-1.500 1.500 1.185 0.000 0.000 0.000 0.000 0.000 0.000 0.000 0.000
-1.500 1.500 1.185 0.000 0.000 0.000 0.000 0.000 0.000 0.000 0.000
-1.500 1.500 1.185 0.000 0.000 0.000 0.000 0.000 0.000 0.000 0.000
-1.500 1.500 1.185 0.000 0.000 0.000 0.000 0.000 0.000 0.000 0.000
-1.500 1.500 1.185 0.000 0.000 0.000 0.000 0.000 0.000 0.000 0.000
-1.500 1.500 1.185 0.000 0.000 0.000 0.000 0.000 0.000 0.000 0.000
-1.500 1.500 1.185 0.000 0.000 0.000 0.000 0.000 0.000 0.000 0.000
-1.500 1.500 1.185 0.000 0.000 0.000 0.000 0.000 0.000 0.000 0.000
-1.500 1.500 1.185 0.000 0.000 0.000 0.000 0.000 0.000 0.000 0.000
-1.500 1.500 1.185 0.000 0.000 0.000 0.000 0.000 0.000 0.000 0.000
-1.500 1.500 1.185 0.000 0.000 0.000 0.000 0.000 0.000 0.000 0.000
-1.500 1.500 1.185 0.000 0.000 0.000 0.000 0.000 0.000 0.000 0.000
-1.500 1.500 1.185 0.000 0.000 0.000 0.000 0.000 0.000 0.000 0.000
-1.500 1.500 1.185 0.000 0.000 0.000 0.000 0.000 0.000 0.000 0.000
-1.500 1.500 1.185 0.000 0.000 0.000 0.000 0.000 0.000 0.000 0.000
-1.500 1.500 1.185 0.000 0.000 0.000 0.000 0.000 0.000 0.000 0.000
-1.500 1.500 1.185 0.000 0.000 0.000 0.000 0.000 0.000 0.000 0.000
-1.500 1.500 1.185 0.000 0.000 0.000 0.000 0.000 0.000 0.000 0.000
-1.500 1.500 1.185 0.000 0.000 0.000 0.000 0.000 0.000 0.000 0.000
-1.500 1.500 1.185 0.000 0.000 0.000 0.000 0.000 0.000 0.000 0.000
-1.500 1.500 1.185 0.000 0.000 0.000 0.000 0.000 0.000 0.000 0.000
-1.500 1.500 1.185 0.000 0.000 0.000 0.000 0.000 0.000 0.000 0.000
-1.500 1.500 1.185 0.000 0.000 0.000 0.000 0.000 0.000 0.000 0.000
-1.500 1.500 1.185 0.000 0.000 0.000 0.000 0.000 0.000 0.000 0.000
-1.500 1.500 1.185 0.000 0.000 0.000 0.000 0.000 0.000 0.000 0.000
-1.500 1.500 1.185 0.000 0.000 0.000 0.000 0.000 0.000 0.000 0.000
-1.500 1.500 1.185 0.000 0.000 0.000 0.000 0.000 0.000 0.000 0.000
-1.500 1.500 1.185 0.000 0.000 0.000 0.000 0.000 0.000 0.000 0.000
-1.500 1.500 1.185 0.000 0.000 0.000 0.000 0.000 0.000 0.000 0.000
-1.500 1.500 1.185 0.000 0.000 0.000 0.000 0.000 0.000 0.000 0.000
-1.500 1.500 1.185 0.000 0.000 0.000 0.000 0.000 0.000 0.000 0.000
-1.500 1.500 1.185 0.000 0.000 0.000 0.000 0.000 0.000 0.000 0.000
-1.500 1.500 1.185 0.000 0.000 0.000 0.000 0.000 0.000 0.000 0.000
-1.500 1.500 1.185 0.000 0.000 0.000 0.000 0.000 0.000 0.000 0.000
-1.500 1.500 1.185 0.000 0.000 0.000 0.000 0.000 0.000 0.000 0.000
-1.500 1.500 1.185 0.000 0.000 0.000 0.000 0.000 0.000 0.000 0.000
-1.500 1.500 1.185 0.000 0.000 0.000 0.000 0.000 0.000 0.000 0.000
-1.500 1.500 1.185 0.000 0.000 0.000 0.000 0.000 0.000 0.000 0.000
-1.500 1.500 1.185 0.000 0.000 0.000 0.000 0.000 0.000 0.000 0.000
-1.500 1.500 1.185 0.000 0.000 0.000 0.000 0.000 0.000 0.000 0.000
-1.500 1.500 1.185 0.000 0.000 0.000 0.000 0.000 0.000 0.000 0.000
-1.500 1.500 1.185 0.000 0.000 0.000 0.000 0.000 0.000 0.000 0.000
-1.500 1.500 1.185 0.000 0.000 0.000 0.000 0.000 0.000 0.000 0.000
-1.500 1.500 1.185 0.000 0.000 0.000 0.000 0.000 0.000 0.000 0.000
-1.500 1.500 1.185 0.000 0.000 0.000 0.000 0.000 0.000 0.000 0.000
-1.500 1.500 1.185 0.000 0.000 0.000 0.000 0.000 0.000 0.000 0.000
-1.500 1.500 1.185 0.000 0.000 0.000 0.000 0.000 0.000 0.000 0.000
-1.500 1.500 1.185 0.000 0.000 0.000 0.000 0.000 0.000 0.000 0.000
-1.500 1.500 1.185 0.000 0.000 0.000 0.000 0.000 0.000 0.000 0.000
-1.500 1.500 1.185 0.000 0.000 0.000 0.000 0.000 0.000 0.000 0.000
-1.500 1.500 1.185 0.000 0.000 0.000 0.000 0.000 0.000 0.000 0.000
-1.500 1.500 1.185 0.000 0.000 0.000 0.000 0.000 0.000 0.000 0.000
-1.500 1.500 1.185 0.000 0.000 0.000 0.000 0.000 0.000 0.000 0.000
-1.500 1.500 1.185 0.000 0.000 0.000 0.000 0.000 0.000 0.000 0.000
-1.500 1.500 1.185 0.000 0.000 0.000 0.000 0.000 0.000 0.000 0.000
-1.500 1.500 1.185 0.000 0.000 0.000 0.000 0.000 0.000 0.000 0.000
-1.500 1.500 1.185 0.000 0.000 0.000 0.000 0.000 0.000 0.000 0.000
-1.500 1.500 1.185 0.000 0.000 0.000 0.000 0.000 0.000 0.000 0.000
-1.500 1.500 1.185 0.000 0.000 0.000 0.000 0.000 0.000 0.000 0.000
-1.500 1.500 1.185 0.000 0.000 0.000 0.000 0.000 0.000 0.000 0.000
-1.500 1.500 1.185 0.000 0.000 0.000 0.000 0.000 0.000 0.000 0.000
-1.500 1.500 1.185 0.000 0.000 0.000 0.000 0.000 0.000 0.000 0.000
-1.500 1.500 1.185 0.000 0.000 0.000 0.000 0.000 0.000 0.000 0.000
-1.500 1.500 1.185 0.000 0.000 0.000 0.000 0.000 0.000 0.000 0.000
-1.500 1.500 1.185 0.000 0.000 0.000 0.000 0.000 0.000 0.000 0.000
-1.500 1.500 1.185 0.000 0.000 0.000 0.000 0.000 0.000 0.000 0.000
-1.500 1.500 1.185 0.000 0.000 0.000 0.000 0.000 0.000 0.000 0.000
-1.500 1.500 1.185 0.000 0.000 0.000 0.000 0.000 0.000 0.000 0.000
-1.500 1.500 1.185 0.000 0.000 0.000 0.000 0.000 0.000 0.000 0.000
-1.500 1.500 1.185 0.000 0.000 0.000 0.000 0.000 0.000 0.000 0.000
-1.500 1.500 1.185 0.000 0.000 0.000 0.000 0.000 0.000 0.000 0.000
-1.500 1.500 1.185 0.000 0.000 0.000 0.000 0.000 0.000 0.000 0.000
-1.500 1.500 1.185 0.000 0.000 0.000 0.000 0.000 0.000 0.000 0.000
-1.500 1.500 1.185 0.000 0.000 0.000 0.000 0.000 0.000 0.000 0.000
-1.500 1.500 1.185 0.000 0.000 0.000 0.000 0.000 0.000 0.000 0.000
-1.500 1.500 1.185 0.000 0.000 0.000 0.000 0.000 0.000 0.000 0.000
-1.500 1.500 1.185 0.000 0.000 0.000 0.000 0.000 0.000 0.000 0.000
-1.500 1.500 1.185 0.000 0.000 0.000 0.000 0.000 0.000 0.000 0.000
-1.500 1.500 1.185 0.000 0.000 0.000 0.000 0.000 0.000 0.000 0.000
-1.500 1.500 1.185 0.000 0.000 0.000 0.000 0.000 0.000 0.000 0.000
-1.500 1.500 1.185 0.000 0.000 0.000 0.000 0.000 0.000 0.000 0.000
-1.500 1.500 1.185 0.000 0.000 0.000 0.000 0.000 0.000 0.000 0.000
-1.500 1.500 1.185 0.000 0.000 0.000 0.000 0.000 0.000 0.000 0.000
-1.500 1.500 1.185 0.000 0.000 0.000 0.000 0.000 0.000 0.000 0.000
-1.500 1.500 1.185 0.000 0.000 0.000 0.000 0.000 0.000 0.000 0.000
-1.500 1.500 1.185 0.000 0.000 0.000 0.000 0.000 0.000 0.000 0.000
-1.500 1.500 1.185 0.000 0.000 0.000 0.000 0.000 0.000 0.000 0.000
-1.500 1.500 1.185 0.000 0.000 0.000 0.000 0.000 0.000 0.000 0.000
-1.500 1.500 1.185 0.000 0.000 0.000 0.000 0.000 0.000 0.000 0.000
-1.500 1.500 1.185 0.000 0.000 0.000 0.000 0.000 0.000 0.000 0.000
-1.500 1.500 1.185 0.000 0.000 0.000 0.000 0.000 0.000 0.000 0.000
-1.500 1.500 1.185 0.000 0.000 0.000 0.000 0.000 0.000 0.000 0.000
-1.500 1.500 1.185 0.000 0.000 0.000 0.000 0.000 0.000 0.000 0.000
-1.500 1.500 1.185 0.000 0.000 0.000 0.000 0.000 0.000 0.000 0.000
-1.500 1.500 1.185 0.000 0.000 0.000 0.000 0.000 0.000 0.000 0.000
-1.500 1.500 1.185 0.000 0.000 0.000 0.000 0.000 0.000 0.000 0.000
-1.500 1.500 1.185 0.000 0.000 0.000 0.000 0.000 0.000 0.000 0.000
-1.500 1.500 1.185 0.000 0.000 0.000 0.000 0.000 0.000 0.000 0.000
-1.500 1.500 1.185 0.000 0.000 0.000 0.000 0.000 0.000 0.000 0.000
-1.500 1.500 1.185 0.000 0.000 0.000 0.000 0.000 0.000 0.000 0.000
-1.500 1.500 1.185 0.000 0.000 0.000 0.000 0.000 0.000 0.000 0.000
-1.500 1.500 1.185 0.000 0.000 0.000 0.000 0.000 0.000 0.000 0.000
-1.500 1.500 1.185 0.000 0.000 0.000 0.000 0.000 0.000 0.000 0.000
-1.500 1.500 1.185 0.000 0.000 0.000 0.000 0.000 0.000 0.000 0.000
-1.500 1.500 1.185 0.000 0.000 0.000 0.000 0.000 0.000 0.000 0.000
-1.500 1.500 1.185 0.000 0.000 0.000 0.000 0.000 0.000 0.000 0.000
-1.500 1.500 1.185 0.000 0.000 0.000 0.000 0.000 0.000 0.000 0.000
-1.500 1.500 1.185 0.000 0.000 0.000 0.000 0.000 0.000 0.000 0.000
-1.500 1.500 1.185 0.000 0.000 0.000 0.000 0.000 0.000 0.000 0.000
-1.500 1.500 1.185 0.000 0.000 0.000 0.000 0.000 0.000 0.000 0.000
-1.500 1.500 1.185 0.000 0.000 0.000 0.000 0.000 0.000 0.000 0.000
-1.500 1.500 1.185 0.000 0.000 0.000 0.000 0.000 0.000 0.000 0.000
-1.500 1.500 1.185 0.000 0.000 0.000 0.000 0.000 0.000 0.000 0.000
-1.500 1.500 1.185 0.000 0.000 0.000 0.000 0.000 0.000 0.000 0.000
-1.500 1.500 1.185 0.000 0.000 0.000 0.000 0.000 0.000 0.000 0.000
-1.500 1.500 1.185 0.000 0.000 0.000 0.000 0.000 0.000 0.000 0.000
-1.500 1.500 1.185 0.000 0.000 0.000 0.000 0.000 0.000 0.000 0.000
-1.500 1.500 1.185 0.000 0.000 0.000 0.000 0.000 0.000 0.000 0.000
-1.500 1.500 1.185 0.000 0.000 0.000 0.000 0.000 0.000 0.000 0.000
-1.500 1.500 1.185 0.000 0.000 0.000 0.000 0.000 0.000 0.000 0.000
-1.500 1.500 1.185 0.000 0.000 0.000 0.000 0.000 0.000 0.000 0.000
-1.500 1.500 1.185 0.000 0.000 0.000 0.000 0.000 0.000 0.000 0.000
-1.500 1.500 1.185 0.000 0.000 0.000 0.000 0.000 0.000 0.000 0.000
-1.500 1.500 1.185 0.000 0.000 0.000 0.000 0.000 0.000 0.000 0.000
-1.500 1.500 1.185 0.000 0.000 0.000 0.000 0.000 0.000 0.000 0.000
-1.500 1.500 1.185 0.000 0.000 0.000 0.000 0.000 0.000 0.000 0.000
-1.500 1.500 1.185 0.000 0.000 0.000 0.000 0.000 0.000 0.000 0.000
-1.500 1.500 1.185 0.000 0.000 0.000 0.000 0.000 0.000 0.000 0.000
-1.500 1.500 1.185 0.000 0.000 0.000 0.000 0.000 0.000 0.000 0.000
-1.500 1.500 1.185 0.000 0.000 0.000 0.000 0.000 0.000 0.000 0.000
-1.500 1.500 1.185 0.000 0.000 0.000 0.000 0.000 0.000 0.000 0.000
-1.500 1.500 1.185 0.000 0.000 0.000 0.000 0.000 0.000 0.000 0.000
-1.500 1.500 1.185 0.000 0.000 0.000 0.000 0.000 0.000 0.000 0.000
-1.500 1.500 1.185 0.000 0.000 0.000 0.000 0.000 0.000 0.000 0.000
-1.500 1.500 1.185 0.000 0.000 0.000 0.000 0.000 0.000 0.000 0.000
-1.500 1.500 1.185 0.000 0.000 0.000 0.000 0.000 0.000 0.000 0.000
-1.500 1.500 1.185 0.000 0.000 0.000 0.000 0.000 0.000 0.000 0.000
-1.500 1.500 1.185 0.000 0.000 0.000 0.000 0.000 0.000 0.000 0.000
-1.500 1.500 1.185 0.000 0.000 0.000 0.000 0.000 0.000 0.000 0.000
-1.500 1.500 1.185 0.000 0.000 0.000 0.000 0.000 0.000 0.000 0.000
-1.500 1.500 1.185 0.000 0.000 0.000 0.000 0.000 0.000 0.000 0.000
-1.500 1.500 1.185 0.000 0.000 0.000 0.000 0.000 0.000 0.000 0.000
-1.500 1.500 1.185 0.000 0.000 0.000 0.000 0.000 0.000 0.000 0.000
-1.500 1.500 1.185 0.000 0.000 0.000 0.000 0.000 0.000 0.000 0.000
-1.500 1.500 1.185 0.000 0.000 0.000 0.000 0.000 0.000 0.000 0.000
-1.500 1.500 1.185 0.000 0.000 0.000 0.000 0.000 0.000 0.000 0.000
-1.500 1.500 1.185 0.000 0.000 0.000 0.000 0.000 0.000 0.000 0.000
-1.500 1.500 1.185 0.000 0.000 0.000 0.000 0.000 0.000 0.000 0.000
-1.500 1.500 1.185 0.000 0.000 0.000 0.000 0.000 0.000 0.000 0.000
-1.500 1.500 1.185 0.000 0.000 0.000 0.000 0.000 0.000 0.000 0.000
-1.500 1.500 1.185 0.000 0.000 0.000 0.000 0.000 0.000 0.000 0.000
-1.500 1.500 1.185 0.000 0.000 0.000 0.000 0.000 0.000 0.000 0.000
-1.500 1.500 1.185 0.000 0.000 0.000 0.000 0.000 0.000 0.000 0.000
-1.500 1.500 1.185 0.000 0.000 0.000 0.000 0.000 0.000 0.000 0.000
-1.500 1.500 1.185 0.000 -0.000 0.000 0.004 -0.001 0.000 0.000 0.000
-1.500 1.500 1.185 0.000 -0.000 0.000 0.013 -0.003 0.000 0.000 0.000
-1.500 1.500 1.185 0.001 -0.000 0.000 0.029 -0.007 0.000 0.000 0.000
-1.500 1.500 1.185 0.003 -0.001 0.000 0.048 -0.013 0.000 0.000 0.000
-1.500 1.500 1.185 0.006 -0.002 0.000 0.071 -0.022 0.000 0.000 0.000
-1.499 1.500 1.185 0.011 -0.003 0.000 0.096 -0.034 0.000 0.000 0.000
-1.499 1.500 1.185 0.016 -0.005 0.000 0.123 -0.048 0.000 0.000 0.000
-1.498 1.499 1.185 0.023 -0.008 0.000 0.151 -0.066 0.000 0.000 0.000
-1.496 1.499 1.185 0.031 -0.012 0.000 0.180 -0.086 0.000 0.000 0.000
-1.494 1.498 1.185 0.041 -0.017 0.000 0.208 -0.109 0.000 0.000 0.000
-1.492 1.497 1.185 0.052 -0.023 0.000 0.236 -0.134 0.000 0.000 0.000
-1.489 1.496 1.185 0.064 -0.030 0.000 0.262 -0.162 0.000 0.000 0.000
-1.486 1.494 1.185 0.078 -0.039 0.000 0.287 -0.191 0.000 0.000 0.000
-1.481 1.492 1.185 0.093 -0.049 0.000 0.311 -0.222 0.000 0.000 0.000
-1.476 1.489 1.185 0.109 -0.061 0.000 0.332 -0.255 0.000 0.000 0.000
-1.470 1.486 1.185 0.126 -0.075 0.000 0.350 -0.287 0.000 0.000 0.000
-1.464 1.482 1.185 0.144 -0.090 0.000 0.367 -0.321 0.000 0.000 0.000
-1.456 1.477 1.185 0.163 -0.107 0.000 0.380 -0.354 0.000 0.000 0.000
-1.447 1.471 1.185 0.182 -0.125 0.000 0.391 -0.386 -0.000 0.000 0.000
-1.438 1.464 1.185 0.202 -0.145 0.000 0.399 -0.418 -0.000 0.000 0.000
-1.427 1.456 1.185 0.222 -0.167 0.000 0.405 -0.447 -0.000 0.000 0.000
-1.416 1.447 1.185 0.242 -0.190 0.000 0.408 -0.475 -0.000 0.000 0.000
-1.403 1.437 1.185 0.263 -0.214 0.000 0.408 -0.500 -0.000 0.000 0.000
-1.389 1.426 1.185 0.283 -0.240 0.000 0.405 -0.522 -0.000 0.000 0.000
-1.375 1.413 1.185 0.303 -0.267 0.000 0.400 -0.540 -0.000 0.000 0.000
-1.359 1.399 1.185 0.323 -0.294 0.000 0.393 -0.555 -0.000 0.000 0.000
-1.342 1.384 1.185 0.343 -0.322 0.000 0.383 -0.565 -0.000 0.000 0.000
-1.325 1.367 1.185 0.361 -0.350 0.000 0.371 -0.570 -0.000 0.000 0.000
-1.306 1.349 1.185 0.380 -0.379 0.000 0.358 -0.571 -0.000 0.000 0.000
-1.287 1.329 1.185 0.397 -0.407 -0.000 0.343 -0.566 -0.000 0.000 0.000
-1.266 1.308 1.185 0.414 -0.435 -0.000 0.326 -0.556 -0.000 0.000 0.000
-1.245 1.286 1.185 0.430 -0.463 -0.000 0.309 -0.541 -0.000 0.000 0.000
-1.223 1.262 1.185 0.445 -0.489 -0.000 0.290 -0.519 -0.000 0.000 0.000
-1.201 1.237 1.185 0.459 -0.515 -0.000 0.271 -0.492 -0.000 0.000 0.000
-1.178 1.210 1.185 0.472 -0.539 -0.000 0.251 -0.460 -0.000 0.000 0.000
-1.154 1.183 1.185 0.484 -0.561 -0.000 0.231 -0.422 -0.000 0.000 0.000
-1.129 1.154 1.185 0.495 -0.581 -0.000 0.211 -0.379 -0.000 0.000 0.000
-1.104 1.125 1.185 0.505 -0.598 -0.000 0.191 -0.331 -0.000 0.000 0.000
-1.079 1.095 1.185 0.514 -0.614 -0.000 0.171 -0.279 -0.000 0.000 0.000
-1.053 1.064 1.185 0.522 -0.626 -0.000 0.152 -0.223 -0.000 0.000 0.000
-1.027 1.032 1.185 0.529 -0.636 -0.000 0.133 -0.164 -0.000 0.000 0.000
-1.000 1.000 1.185 0.535 -0.643 -0.000 0.116 -0.103 -0.000 0.000 0.000
-0.973 0.968 1.185 0.541 -0.646 -0.000 0.099 -0.041 0.000 0.000 0.000
-0.946 0.935 1.185 0.545 -0.647 -0.000 0.084 0.022 0.000 0.000 0.000
-0.919 0.903 1.185 0.549 -0.644 -0.000 0.069 0.084 0.000 0.000 0.000
-0.891 0.871 1.185 0.552 -0.638 -0.000 0.056 0.144 0.000 0.000 0.000
-0.863 0.839 1.185 0.555 -0.630 -0.000 0.044 0.201 0.000 0.000 0.000
-0.836 0.808 1.185 0.557 -0.618 -0.000 0.034 0.253 0.000 0.000 0.000
-0.808 0.778 1.185 0.558 -0.605 -0.000 0.025 0.299 0.000 0.000 0.000
-0.780 0.748 1.185 0.559 -0.589 -0.000 0.017 0.338 0.000 0.000 0.000
-0.752 0.719 1.185 0.560 -0.571 -0.000 0.010 0.369 0.000 0.000 0.000
-0.724 0.691 1.185 0.560 -0.552 0.000 0.005 0.391 0.000 0.000 0.000
-0.696 0.664 1.185 0.560 -0.532 0.000 0.000 0.402 0.000 0.000 0.000
-0.668 0.637 1.185 0.560 -0.512 0.000 -0.003 0.402 0.000 0.000 0.000
-0.640 0.612 1.185 0.560 -0.492 0.000 -0.006 0.391 0.000 0.000 0.000
-0.612 0.588 1.185 0.560 -0.473 0.000 -0.007 0.369 0.000 0.000 0.000
-0.584 0.565 1.185 0.559 -0.455 0.000 -0.008 0.334 0.000 0.000 0.000
-0.556 0.543 1.185 0.559 -0.440 0.000 -0.008 0.287 0.000 0.000 0.000
-0.528 0.521 1.185 0.559 -0.427 0.000 -0.008 0.230 0.000 0.000 0.000
-0.500 0.500 1.185 0.558 -0.417 0.000 -0.007 0.162 0.000 0.000 0.000
-0.472 0.479 1.185 0.558 -0.411 0.000 -0.006 0.085 0.000 0.000 0.000
-0.444 0.459 1.185 0.558 -0.408 0.000 -0.004 0.001 -0.000 0.000 0.000
-0.416 0.438 1.185 0.557 -0.411 0.000 -0.003 -0.089 -0.000 0.000 0.000
-0.388 0.418 1.185 0.557 -0.417 0.000 -0.002 -0.181 -0.000 0.000 0.000
-0.361 0.397 1.185 0.557 -0.429 0.000 -0.001 -0.275 -0.000 0.000 0.000
-0.333 0.375 1.185 0.557 -0.445 0.000 -0.001 -0.367 -0.000 0.000 0.000
-0.305 0.352 1.185 0.557 -0.465 0.000 -0.001 -0.454 -0.000 0.000 0.000
-0.277 0.328 1.185 0.557 -0.490 -0.000 -0.002 -0.535 -0.000 0.000 0.000
-0.249 0.303 1.185 0.557 -0.519 -0.000 -0.003 -0.605 -0.000 0.000 0.000
-0.221 0.276 1.185 0.557 -0.550 -0.000 -0.005 -0.663 -0.000 0.000 0.000
-0.194 0.248 1.185 0.556 -0.585 -0.000 -0.008 -0.706 -0.000 0.000 0.000
-0.166 0.218 1.185 0.556 -0.621 -0.000 -0.012 -0.731 -0.000 0.000 0.000
-0.138 0.186 1.185 0.555 -0.657 -0.000 -0.017 -0.738 -0.000 0.000 0.000
-0.110 0.152 1.185 0.554 -0.694 -0.000 -0.022 -0.724 -0.000 0.000 0.000
-0.083 0.116 1.185 0.553 -0.729 -0.000 -0.029 -0.688 -0.000 0.000 0.000
-0.055 0.079 1.185 0.551 -0.763 -0.000 -0.036 -0.630 -0.000 0.000 0.000
-0.027 0.040 1.185 0.549 -0.792 -0.000 -0.044 -0.549 -0.000 0.000 0.000
0.000 -0.000 1.185 0.547 -0.817 -0.000 -0.053 -0.445 -0.000 0.000 0.000
0.027 -0.041 1.185 0.544 -0.836 -0.000 -0.062 -0.320 -0.000 0.000 0.000
0.054 -0.084 1.185 0.541 -0.849 -0.000 -0.071 -0.176 -0.000 0.000 0.000
0.081 -0.126 1.185 0.537 -0.854 -0.000 -0.081 -0.015 -0.000 0.000 0.000
0.108 -0.169 1.185 0.533 -0.850 -0.000 -0.090 0.161 -0.000 0.000 0.000
0.135 -0.211 1.185 0.528 -0.837 -0.000 -0.098 0.347 -0.000 0.000 0.000
0.161 -0.252 1.185 0.523 -0.815 -0.000 -0.106 0.541 -0.000 0.000 0.000
0.187 -0.292 1.185 0.517 -0.783 -0.000 -0.113 0.738 -0.000 0.000 0.000
0.213 -0.330 1.185 0.512 -0.741 -0.000 -0.118 0.934 0.000 0.000 0.000
0.238 -0.366 1.185 0.506 -0.690 -0.000 -0.121 1.124 0.000 0.000 0.000
0.263 -0.399 1.185 0.499 -0.629 -0.000 -0.123 1.305 0.000 0.000 0.000
0.288 -0.429 1.185 0.493 -0.560 -0.000 -0.122 1.472 0.000 0.000 0.000
0.312 -0.455 1.185 0.487 -0.482 -0.000 -0.119 1.622 0.000 0.000 0.000
0.337 -0.477 1.185 0.481 -0.398 -0.000 -0.113 1.749 0.000 0.000 0.000
0.361 -0.495 1.185 0.476 -0.308 -0.000 -0.105 1.851 0.000 0.000 0.000
0.384 -0.508 1.185 0.471 -0.213 -0.000 -0.093 1.925 0.000 0.000 0.000
0.408 -0.516 1.185 0.467 -0.116 -0.000 -0.078 1.968 0.000 0.000 0.000
0.431 -0.519 1.185 0.463 -0.017 -0.000 -0.060 1.978 0.000 0.000 0.000
0.454 -0.518 1.185 0.461 0.082 -0.000 -0.039 1.954 0.000 0.000 0.000
0.477 -0.511 1.185 0.459 0.178 -0.000 -0.015 1.896 0.000 0.000 0.000
0.500 -0.500 1.185 0.459 0.271 -0.000 0.013 1.803 0.000 0.000 0.000
0.523 -0.484 1.185 0.461 0.358 0.000 0.042 1.678 0.000 0.000 0.000
0.546 -0.464 1.185 0.464 0.438 0.000 0.075 1.521 0.000 0.000 0.000
0.569 -0.441 1.185 0.468 0.509 0.000 0.109 1.338 0.000 0.000 0.000
0.593 -0.414 1.185 0.475 0.571 0.000 0.145 1.131 0.000 0.000 0.000
0.617 -0.384 1.185 0.483 0.622 0.000 0.182 0.905 0.000 0.000 0.000
0.641 -0.352 1.185 0.493 0.662 0.000 0.219 0.665 0.000 0.000 0.000
0.666 -0.318 1.185 0.505 0.689 0.000 0.257 0.418 0.000 0.000 0.000
0.692 -0.283 1.185 0.518 0.703 0.000 0.294 0.167 0.000 0.000 0.000
0.718 -0.248 1.185 0.534 0.705 0.000 0.329 -0.080 0.000 0.000 0.000
0.745 -0.213 1.185 0.551 0.695 0.000 0.363 -0.319 0.000 0.000 0.000
0.773 -0.178 1.185 0.570 0.674 0.000 0.394 -0.543 -0.000 0.000 0.000
0.802 -0.145 1.185 0.591 0.641 0.000 0.421 -0.747 -0.000 0.000 0.000
0.832 -0.114 1.185 0.612 0.599 0.000 0.445 -0.927 -0.000 0.000 0.000
0.863 -0.086 1.185 0.635 0.549 0.000 0.463 -1.079 -0.000 0.000 0.000
0.896 -0.059 1.185 0.659 0.492 0.000 0.477 -1.198 -0.000 0.000 0.000
0.929 -0.036 1.185 0.683 0.430 0.000 0.484 -1.283 -0.000 0.000 0.000
0.964 -0.017 1.185 0.707 0.364 0.000 0.485 -1.332 -0.000 0.000 0.000
1.000 -0.000 1.185 0.731 0.297 0.000 0.479 -1.344 -0.000 0.000 0.000
1.037 0.013 1.185 0.755 0.231 0.000 0.465 -1.321 -0.000 0.000 0.000
1.075 0.023 1.185 0.777 0.166 0.000 0.444 -1.263 -0.000 0.000 0.000
1.115 0.030 1.185 0.799 0.105 0.000 0.414 -1.176 -0.000 0.000 0.000
1.155 0.034 1.185 0.819 0.049 0.000 0.375 -1.062 -0.000 0.000 0.000
1.197 0.035 1.185 0.836 -0.001 0.000 0.328 -0.927 -0.000 0.000 0.000
1.239 0.034 1.185 0.851 -0.044 0.000 0.272 -0.777 -0.000 0.000 0.000
1.282 0.031 1.185 0.863 -0.079 0.000 0.208 -0.617 -0.000 0.000 0.000
1.325 0.026 1.185 0.872 -0.105 0.000 0.135 -0.453 -0.000 0.000 0.000
1.369 0.020 1.185 0.877 -0.124 0.000 0.055 -0.291 -0.000 0.000 0.000
1.413 0.014 1.185 0.877 -0.135 0.000 -0.033 -0.137 -0.000 0.000 0.000
1.457 0.007 1.185 0.873 -0.138 0.000 -0.126 0.004 -0.000 0.000 0.000
1.500 -0.000 1.185 0.865 -0.134 0.000 -0.224 0.128 -0.000 0.000 0.000
1.543 -0.007 1.185 0.851 -0.125 0.000 -0.325 0.233 0.000 0.000 0.000
1.585 -0.012 1.185 0.832 -0.112 0.000 -0.428 0.315 0.000 0.000 0.000
1.626 -0.018 1.185 0.808 -0.094 0.000 -0.531 0.375 0.000 0.000 0.000
1.666 -0.022 1.185 0.779 -0.074 0.000 -0.631 0.412 0.000 0.000 0.000
1.704 -0.025 1.185 0.745 -0.053 0.000 -0.726 0.426 0.000 0.000 0.000
1.740 -0.027 1.185 0.707 -0.032 0.000 -0.814 0.420 -0.000 0.000 0.000
1.774 -0.028 1.185 0.664 -0.012 0.000 -0.893 0.396 -0.000 0.000 0.000
1.806 -0.028 1.185 0.617 0.007 0.000 -0.961 0.357 -0.000 0.000 0.000
1.836 -0.028 1.185 0.568 0.024 0.000 -1.015 0.305 -0.000 0.000 0.000
1.863 -0.026 1.185 0.516 0.038 0.000 -1.054 0.245 -0.000 0.000 0.000
1.888 -0.024 1.185 0.463 0.048 0.000 -1.077 0.179 -0.000 0.000 0.000
1.909 -0.021 1.185 0.409 0.055 0.000 -1.081 0.111 -0.000 0.000 0.000
1.929 -0.018 1.185 0.355 0.059 0.000 -1.068 0.044 -0.000 0.000 0.000
1.945 -0.015 1.185 0.302 0.060 0.000 -1.035 -0.017 -0.000 0.000 0.000
1.959 -0.012 1.185 0.252 0.058 0.000 -0.985 -0.071 -0.000 0.000 0.000
1.970 -0.010 1.185 0.204 0.053 0.000 -0.916 -0.114 -0.000 0.000 0.000
1.979 -0.007 1.185 0.160 0.047 0.000 -0.832 -0.145 -0.000 0.000 0.000
1.986 -0.005 1.185 0.121 0.039 0.000 -0.733 -0.163 -0.000 0.000 0.000
1.992 -0.003 1.185 0.087 0.030 -0.000 -0.624 -0.167 -0.000 0.000 0.000
1.995 -0.002 1.185 0.059 0.022 -0.000 -0.508 -0.158 -0.000 0.000 0.000
1.998 -0.001 1.185 0.037 0.015 -0.000 -0.389 -0.137 -0.000 0.000 0.000
1.999 -0.000 1.185 0.020 0.009 -0.000 -0.274 -0.108 -0.000 0.000 0.000
2.000 -0.000 1.185 0.009 0.004 -0.000 -0.169 -0.073 -0.000 0.000 0.000
2.000 -0.000 1.185 0.003 0.001 -0.000 -0.082 -0.038 -0.000 0.000 0.000
2.000 -0.000 1.185 0.000 0.000 -0.000 -0.022 -0.011 0.000 0.000 0.000
2.000 -0.000 1.185 -0.000 -0.000 -0.000 -0.000 -0.000 0.000 0.000 0.000
2.000 0.000 1.185 0.000 0.000 0.000 0.000 0.000 0.000 0.000 0.000
2.000 0.000 1.185 0.000 0.000 0.000 0.000 0.000 0.000 0.000 0.000
2.000 0.000 1.185 0.000 0.000 0.000 0.000 0.000 0.000 0.000 0.000
2.000 0.000 1.185 0.000 0.000 0.000 0.000 0.000 0.000 0.000 0.000
2.000 0.000 1.185 0.000 0.000 0.000 0.000 0.000 0.000 0.000 0.000
2.000 0.000 1.185 0.000 0.000 0.000 0.000 0.000 0.000 0.000 0.000
2.000 0.000 1.185 0.000 0.000 0.000 0.000 0.000 0.000 0.000 0.000
2.000 0.000 1.185 0.000 0.000 0.000 0.000 0.000 0.000 0.000 0.000
2.000 0.000 1.185 0.000 0.000 0.000 0.000 0.000 0.000 0.000 0.000
2.000 0.000 1.185 0.000 0.000 0.000 0.000 0.000 0.000 0.000 0.000
2.000 0.000 1.185 0.000 0.000 0.000 0.000 0.000 0.000 0.000 0.000
2.000 0.000 1.185 0.000 0.000 0.000 0.000 0.000 0.000 0.000 0.000
2.000 0.000 1.185 0.000 0.000 0.000 0.000 0.000 0.000 0.000 0.000
2.000 0.000 1.185 0.000 0.000 0.000 0.000 0.000 0.000 0.000 0.000
2.000 0.000 1.185 0.000 0.000 0.000 0.000 0.000 0.000 0.000 0.000
2.000 0.000 1.185 0.000 0.000 0.000 0.000 0.000 0.000 0.000 0.000
2.000 0.000 1.185 0.000 0.000 0.000 0.000 0.000 0.000 0.000 0.000
2.000 0.000 1.185 0.000 0.000 0.000 0.000 0.000 0.000 0.000 0.000
2.000 0.000 1.185 0.000 0.000 0.000 0.000 0.000 0.000 0.000 0.000
2.000 0.000 1.185 0.000 0.000 0.000 0.000 0.000 0.000 0.000 0.000
2.000 0.000 1.185 0.000 0.000 0.000 0.000 0.000 0.000 0.000 0.000
2.000 0.000 1.185 0.000 0.000 0.000 0.000 0.000 0.000 0.000 0.000
2.000 0.000 1.185 0.000 0.000 0.000 0.000 0.000 0.000 0.000 0.000
2.000 0.000 1.185 0.000 0.000 0.000 0.000 0.000 0.000 0.000 0.000
2.000 0.000 1.185 0.000 0.000 0.000 0.000 0.000 0.000 0.000 0.000
2.000 0.000 1.185 0.000 0.000 0.000 0.000 0.000 0.000 0.000 0.000
2.000 0.000 1.185 0.000 0.000 0.000 0.000 0.000 0.000 0.000 0.000
2.000 0.000 1.185 0.000 0.000 0.000 0.000 0.000 0.000 0.000 0.000
2.000 0.000 1.185 0.000 0.000 0.000 0.000 0.000 0.000 0.000 0.000
2.000 0.000 1.185 0.000 0.000 0.000 0.000 0.000 0.000 0.000 0.000
2.000 0.000 1.185 0.000 0.000 0.000 0.000 0.000 0.000 0.000 0.000
2.000 0.000 1.185 0.000 0.000 0.000 0.000 0.000 0.000 0.000 0.000
2.000 0.000 1.185 0.000 0.000 0.000 0.000 0.000 0.000 0.000 0.000
2.000 0.000 1.185 0.000 0.000 0.000 0.000 0.000 0.000 0.000 0.000
2.000 0.000 1.185 0.000 0.000 0.000 0.000 0.000 0.000 0.000 0.000
2.000 0.000 1.185 0.000 0.000 0.000 0.000 0.000 0.000 0.000 0.000
2.000 0.000 1.185 0.000 0.000 0.000 0.000 0.000 0.000 0.000 0.000
2.000 0.000 1.185 0.000 0.000 0.000 0.000 0.000 0.000 0.000 0.000
2.000 0.000 1.185 0.000 0.000 0.000 0.000 0.000 0.000 0.000 0.000
2.000 0.000 1.185 0.000 0.000 0.000 0.000 0.000 0.000 0.000 0.000
2.000 0.000 1.185 0.000 0.000 0.000 0.000 0.000 0.000 0.000 0.000
2.000 0.000 1.185 0.000 0.000 0.000 0.000 0.000 0.000 0.000 0.000
2.000 0.000 1.185 0.000 0.000 0.000 0.000 0.000 0.000 0.000 0.000
2.000 0.000 1.185 0.000 0.000 0.000 0.000 0.000 0.000 0.000 0.000
2.000 0.000 1.185 0.000 0.000 0.000 0.000 0.000 0.000 0.000 0.000
2.000 0.000 1.185 0.000 0.000 0.000 0.000 0.000 0.000 0.000 0.000
2.000 0.000 1.185 0.000 0.000 0.000 0.000 0.000 0.000 0.000 0.000
2.000 0.000 1.185 0.000 0.000 0.000 0.000 0.000 0.000 0.000 0.000
2.000 0.000 1.185 0.000 0.000 0.000 0.000 0.000 0.000 0.000 0.000
2.000 0.000 1.185 0.000 0.000 0.000 0.000 0.000 0.000 0.000 0.000
2.000 0.000 1.185 0.000 0.000 0.000 0.000 0.000 0.000 0.000 0.000
2.000 0.000 1.185 0.000 0.000 0.000 0.000 0.000 0.000 0.000 0.000
2.000 0.000 1.185 0.000 0.000 0.000 0.000 0.000 0.000 0.000 0.000
2.000 0.000 1.185 0.000 0.000 0.000 0.000 0.000 0.000 0.000 0.000
2.000 0.000 1.185 0.000 0.000 0.000 0.000 0.000 0.000 0.000 0.000
2.000 0.000 1.185 0.000 0.000 0.000 0.000 0.000 0.000 0.000 0.000
2.000 0.000 1.185 0.000 0.000 0.000 0.000 0.000 0.000 0.000 0.000
2.000 0.000 1.185 0.000 0.000 0.000 0.000 0.000 0.000 0.000 0.000
2.000 0.000 1.185 0.000 0.000 0.000 0.000 0.000 0.000 0.000 0.000
2.000 0.000 1.185 0.000 0.000 0.000 0.000 0.000 0.000 0.000 0.000
2.000 -0.000 1.185 -0.000 -0.000 0.000 -0.010 -0.011 0.000 0.000 0.000
2.000 -0.000 1.185 -0.001 -0.001 0.000 -0.038 -0.040 0.002 0.000 0.000
2.000 -0.000 1.185 -0.004 -0.004 0.000 -0.079 -0.082 0.003 0.000 0.000
2.000 -0.001 1.185 -0.009 -0.010 0.000 -0.130 -0.135 0.005 0.000 0.000
1.999 -0.001 1.185 -0.017 -0.018 0.001 -0.187 -0.193 0.007 0.000 0.000
1.998 -0.002 1.185 -0.028 -0.029 0.001 -0.247 -0.255 0.009 0.000 0.000
1.996 -0.004 1.185 -0.042 -0.043 0.002 -0.307 -0.316 0.011 0.000 0.000
1.993 -0.007 1.185 -0.059 -0.061 0.002 -0.367 -0.376 0.012 0.000 0.000
1.990 -0.010 1.185 -0.079 -0.081 0.003 -0.422 -0.432 0.012 0.000 0.000
1.986 -0.015 1.186 -0.101 -0.104 0.003 -0.473 -0.483 0.012 0.000 0.000
1.980 -0.021 1.186 -0.126 -0.129 0.004 -0.517 -0.527 0.011 0.000 0.000
1.973 -0.028 1.186 -0.153 -0.156 0.005 -0.554 -0.563 0.010 0.000 0.000
1.965 -0.036 1.186 -0.181 -0.185 0.005 -0.584 -0.590 0.008 0.000 0.000
1.955 -0.046 1.186 -0.211 -0.215 0.005 -0.605 -0.609 0.006 0.000 0.000
1.944 -0.058 1.187 -0.241 -0.246 0.006 -0.617 -0.620 0.003 0.000 0.000
1.931 -0.071 1.187 -0.272 -0.277 0.006 -0.621 -0.621 0.000 0.000 0.000
1.916 -0.086 1.187 -0.303 -0.308 0.006 -0.617 -0.614 -0.003 0.000 0.000
1.900 -0.102 1.188 -0.334 -0.338 0.005 -0.605 -0.599 -0.007 0.000 0.000
1.883 -0.119 1.188 -0.364 -0.368 0.005 -0.585 -0.576 -0.011 0.000 0.000
1.864 -0.139 1.188 -0.392 -0.396 0.004 -0.559 -0.546 -0.014 0.000 0.000
1.844 -0.159 1.188 -0.419 -0.422 0.003 -0.526 -0.511 -0.018 0.000 0.000
1.822 -0.181 1.188 -0.445 -0.447 0.002 -0.489 -0.471 -0.021 0.000 0.000
1.799 -0.204 1.188 -0.468 -0.469 0.001 -0.447 -0.426 -0.024 0.000 0.000
1.775 -0.228 1.189 -0.489 -0.489 0.000 -0.402 -0.379 -0.027 0.000 0.000
1.750 -0.253 1.188 -0.508 -0.507 -0.001 -0.354 -0.330 -0.029 0.000 0.000
1.725 -0.278 1.188 -0.525 -0.522 -0.003 -0.306 -0.281 -0.030 0.000 0.000
1.698 -0.305 1.188 -0.539 -0.535 -0.004 -0.257 -0.231 -0.031 0.000 0.000
1.671 -0.332 1.188 -0.551 -0.546 -0.006 -0.209 -0.184 -0.030 0.000 0.000
1.643 -0.359 1.188 -0.560 -0.554 -0.007 -0.162 -0.138 -0.029 0.000 0.000
1.615 -0.387 1.187 -0.567 -0.559 -0.009 -0.118 -0.096 -0.027 0.000 0.000
1.586 -0.415 1.187 -0.572 -0.563 -0.010 -0.078 -0.058 -0.024 0.000 0.000
1.558 -0.443 1.186 -0.575 -0.565 -0.011 -0.041 -0.025 -0.021 0.000 0.000
1.529 -0.472 1.186 -0.576 -0.566 -0.012 -0.009 0.003 -0.016 0.000 0.000
1.500 -0.500 1.185 -0.576 -0.565 -0.013 0.018 0.025 -0.010 0.000 0.000
1.471 -0.528 1.184 -0.574 -0.564 -0.013 0.040 0.041 -0.004 0.000 0.000
1.443 -0.556 1.184 -0.572 -0.561 -0.013 0.056 0.052 0.003 0.000 0.000
1.414 -0.584 1.183 -0.569 -0.558 -0.013 0.067 0.057 0.010 0.000 0.000
1.386 -0.612 1.182 -0.565 -0.556 -0.012 0.073 0.057 0.018 0.000 0.000
1.358 -0.640 1.182 -0.561 -0.553 -0.011 0.075 0.052 0.025 0.000 0.000
1.330 -0.667 1.181 -0.558 -0.550 -0.010 0.072 0.044 0.033 0.000 0.000
1.302 -0.695 1.181 -0.554 -0.548 -0.008 0.065 0.032 0.040 0.000 0.000
1.274 -0.722 1.181 -0.551 -0.547 -0.006 0.056 0.017 0.047 0.000 0.000
1.247 -0.750 1.180 -0.549 -0.547 -0.003 0.044 0.001 0.053 0.000 0.000
1.219 -0.777 1.180 -0.547 -0.547 -0.000 0.031 -0.015 0.058 0.000 0.000
1.192 -0.804 1.180 -0.546 -0.548 0.003 0.016 -0.032 0.061 0.000 0.000
1.165 -0.832 1.180 -0.545 -0.550 0.006 0.001 -0.047 0.064 0.000 0.000
1.137 -0.859 1.181 -0.546 -0.553 0.009 -0.013 -0.061 0.065 0.000 0.000
1.110 -0.887 1.181 -0.547 -0.556 0.012 -0.026 -0.072 0.064 0.000 0.000
1.083 -0.915 1.182 -0.548 -0.560 0.015 -0.037 -0.079 0.061 0.000 0.000
1.055 -0.943 1.183 -0.550 -0.564 0.018 -0.046 -0.083 0.057 0.000 0.000
1.028 -0.971 1.184 -0.553 -0.568 0.021 -0.052 -0.083 0.050 0.000 0.000
1.000 -1.000 1.185 -0.555 -0.572 0.023 -0.055 -0.078 0.042 0.000 0.000
0.972 -1.029 1.186 -0.558 -0.576 0.025 -0.056 -0.069 0.032 0.000 0.000
0.944 -1.058 1.188 -0.561 -0.579 0.026 -0.052 -0.055 0.019 0.000 0.000
0.916 -1.087 1.189 -0.563 -0.582 0.027 -0.046 -0.038 0.005 0.000 0.000
0.888 -1.116 1.190 -0.565 -0.583 0.027 -0.037 -0.017 -0.010 0.000 0.000
0.860 -1.145 1.192 -0.567 -0.583 0.026 -0.025 0.007 -0.027 0.000 0.000
0.831 -1.174 1.193 -0.568 -0.582 0.024 -0.011 0.033 -0.046 0.000 0.000
0.803 -1.203 1.194 -0.568 -0.580 0.021 0.005 0.060 -0.065 0.000 0.000
0.774 -1.232 1.195 -0.567 -0.576 0.018 0.022 0.088 -0.085 0.000 0.000
0.746 -1.261 1.196 -0.566 -0.571 0.013 0.039 0.115 -0.105 0.000 0.000
0.718 -1.289 1.196 -0.564 -0.565 0.007 0.057 0.141 -0.125 0.000 0.000
0.690 -1.317 1.196 -0.560 -0.557 0.000 0.074 0.164 -0.145 0.000 0.000
0.662 -1.345 1.196 -0.556 -0.548 -0.007 0.089 0.184 -0.165 0.000 0.000
0.634 -1.372 1.196 -0.551 -0.539 -0.016 0.103 0.200 -0.184 0.000 0.000
0.607 -1.399 1.195 -0.546 -0.528 -0.026 0.115 0.212 -0.202 0.000 0.000
0.580 -1.425 1.193 -0.540 -0.518 -0.036 0.124 0.217 -0.218 0.000 0.000
0.553 -1.450 1.191 -0.533 -0.507 -0.047 0.130 0.217 -0.233 0.000 0.000
0.526 -1.475 1.188 -0.527 -0.496 -0.059 0.133 0.210 -0.246 0.000 0.000
0.500 -1.500 1.185 -0.520 -0.486 -0.072 0.132 0.197 -0.258 0.000 0.000
0.474 -1.524 1.181 -0.514 -0.476 -0.085 0.128 0.178 -0.267 0.000 0.000
0.449 -1.548 1.176 -0.507 -0.468 -0.099 0.120 0.152 -0.274 0.000 0.000
0.423 -1.571 1.171 -0.502 -0.461 -0.113 0.109 0.121 -0.279 0.000 0.000
0.398 -1.594 1.165 -0.497 -0.456 -0.127 0.095 0.085 -0.281 0.000 0.000
0.374 -1.617 1.159 -0.492 -0.453 -0.141 0.078 0.045 -0.282 0.000 0.000
0.349 -1.639 1.151 -0.489 -0.452 -0.155 0.059 0.002 -0.280 0.000 0.000
0.325 -1.662 1.143 -0.486 -0.453 -0.169 0.039 -0.043 -0.276 0.000 0.000
0.301 -1.684 1.134 -0.485 -0.456 -0.182 0.018 -0.090 -0.270 0.000 0.000
0.276 -1.707 1.125 -0.485 -0.462 -0.196 -0.004 -0.135 -0.261 0.000 0.000
0.252 -1.731 1.115 -0.485 -0.469 -0.208 -0.025 -0.179 -0.251 0.000 0.000
0.228 -1.754 1.104 -0.487 -0.479 -0.221 -0.045 -0.220 -0.240 0.000 0.000
0.203 -1.779 1.093 -0.490 -0.491 -0.232 -0.063 -0.257 -0.227 0.000 0.000
0.179 -1.804 1.081 -0.493 -0.505 -0.243 -0.079 -0.288 -0.212 0.000 0.000
0.154 -1.829 1.068 -0.498 -0.520 -0.254 -0.093 -0.313 -0.196 0.000 0.000
0.129 -1.856 1.055 -0.503 -0.536 -0.263 -0.103 -0.330 -0.180 0.000 0.000
0.104 -1.883 1.042 -0.508 -0.553 -0.272 -0.109 -0.339 -0.163 0.000 0.000
0.078 -1.911 1.028 -0.513 -0.570 -0.279 -0.111 -0.338 -0.145 0.000 0.000
0.052 -1.940 1.014 -0.519 -0.587 -0.286 -0.109 -0.327 -0.127 0.000 0.000
0.026 -1.970 1.000 -0.524 -0.602 -0.292 -0.102 -0.305 -0.109 0.000 0.000
-0.000 -2.000 0.985 -0.529 -0.617 -0.297 -0.091 -0.273 -0.091 0.000 0.000
-0.027 -2.031 0.970 -0.533 -0.630 -0.301 -0.076 -0.230 -0.074 0.000 0.000
-0.053 -2.063 0.955 -0.537 -0.640 -0.304 -0.056 -0.176 -0.057 0.000 0.000
-0.080 -2.095 0.940 -0.539 -0.647 -0.307 -0.033 -0.113 -0.040 0.000 0.000
-0.107 -2.128 0.924 -0.540 -0.651 -0.308 -0.008 -0.040 -0.025 0.000 0.000
-0.134 -2.160 0.909 -0.540 -0.651 -0.309 0.020 0.042 -0.011 0.000 0.000
-0.161 -2.193 0.893 -0.538 -0.647 -0.309 0.049 0.130 0.002 0.000 0.000
-0.188 -2.225 0.878 -0.535 -0.638 -0.309 0.078 0.225 0.014 0.000 0.000
-0.215 -2.256 0.862 -0.530 -0.624 -0.308 0.107 0.324 0.024 0.000 0.000
-0.241 -2.287 0.847 -0.524 -0.605 -0.307 0.135 0.427 0.032 0.000 0.000
-0.267 -2.317 0.832 -0.516 -0.581 -0.305 0.160 0.532 0.039 0.000 0.000
-0.293 -2.345 0.817 -0.508 -0.552 -0.303 0.183 0.637 0.044 0.000 0.000
-0.318 -2.372 0.802 -0.498 -0.518 -0.300 0.201 0.741 0.048 0.000 0.000
-0.342 -2.397 0.787 -0.488 -0.478 -0.298 0.214 0.841 0.049 0.000 0.000
-0.366 -2.420 0.772 -0.477 -0.434 -0.295 0.222 0.938 0.049 0.000 0.000
-0.390 -2.440 0.757 -0.466 -0.384 -0.293 0.224 1.028 0.047 0.000 0.000
-0.413 -2.458 0.742 -0.455 -0.331 -0.291 0.219 1.111 0.044 0.000 0.000
-0.435 -2.473 0.728 -0.444 -0.273 -0.289 0.207 1.186 0.039 0.000 0.000
-0.457 -2.485 0.714 -0.434 -0.212 -0.287 0.188 1.250 0.032 0.000 0.000
-0.479 -2.494 0.699 -0.425 -0.149 -0.285 0.162 1.304 0.025 0.000 0.000
-0.500 -2.500 0.685 -0.418 -0.082 -0.284 0.130 1.345 0.016 0.000 0.000
-0.521 -2.502 0.671 -0.412 -0.014 -0.284 0.091 1.374 0.007 0.000 0.000
-0.541 -2.501 0.657 -0.409 0.055 -0.284 0.047 1.390 -0.004 0.000 0.000
-0.562 -2.497 0.642 -0.408 0.125 -0.284 -0.002 1.393 -0.014 0.000 0.000
-0.582 -2.489 0.628 -0.409 0.194 -0.285 -0.054 1.382 -0.024 0.000 0.000
-0.603 -2.478 0.614 -0.413 0.263 -0.287 -0.108 1.358 -0.034 0.000 0.000
-0.623 -2.463 0.599 -0.420 0.330 -0.289 -0.163 1.321 -0.043 0.000 0.000
-0.645 -2.445 0.585 -0.430 0.395 -0.291 -0.217 1.271 -0.051 0.000 0.000
-0.666 -2.423 0.570 -0.442 0.457 -0.294 -0.269 1.209 -0.057 0.000 0.000
-0.689 -2.399 0.556 -0.456 0.515 -0.297 -0.316 1.136 -0.062 0.000 0.000
-0.712 -2.372 0.541 -0.473 0.570 -0.300 -0.359 1.052 -0.065 0.000 0.000
-0.736 -2.342 0.526 -0.492 0.620 -0.303 -0.394 0.958 -0.065 0.000 0.000
-0.761 -2.310 0.510 -0.512 0.666 -0.306 -0.421 0.856 -0.063 0.000 0.000
-0.788 -2.276 0.495 -0.534 0.706 -0.309 -0.438 0.747 -0.057 0.000 0.000
-0.815 -2.239 0.480 -0.556 0.740 -0.312 -0.444 0.631 -0.049 0.000 0.000
-0.843 -2.202 0.464 -0.578 0.769 -0.314 -0.439 0.511 -0.038 0.000 0.000
-0.873 -2.163 0.448 -0.600 0.791 -0.316 -0.421 0.387 -0.023 0.000 0.000
-0.903 -2.123 0.432 -0.620 0.808 -0.316 -0.391 0.261 -0.006 0.000 0.000
-0.935 -2.082 0.416 -0.639 0.817 -0.316 -0.348 0.134 0.015 0.000 0.000
-0.967 -2.041 0.401 -0.655 0.821 -0.315 -0.292 0.007 0.038 0.000 0.000
-1.000 -2.000 0.385 -0.668 0.818 -0.312 -0.225 -0.117 0.064 0.000 0.000
-1.034 -1.959 0.369 -0.677 0.809 -0.309 -0.146 -0.238 0.092 0.000 0.000
-1.068 -1.919 0.354 -0.682 0.794 -0.303 -0.057 -0.353 0.121 0.000 0.000
-1.102 -1.880 0.339 -0.683 0.774 -0.296 0.039 -0.463 0.152 0.000 0.000
-1.136 -1.842 0.325 -0.678 0.748 -0.288 0.141 -0.564 0.183 0.000 0.000
-1.169 -1.805 0.310 -0.668 0.718 -0.278 0.246 -0.657 0.214 0.000 0.000
-1.203 -1.770 0.297 -0.654 0.683 -0.267 0.352 -0.739 0.244 0.000 0.000
-1.235 -1.737 0.284 -0.633 0.644 -0.254 0.457 -0.811 0.272 0.000 0.000
-1.266 -1.706 0.271 -0.608 0.602 -0.239 0.557 -0.870 0.298 0.000 0.000
-1.295 -1.677 0.260 -0.578 0.557 -0.224 0.650 -0.916 0.321 0.000 0.000
-1.324 -1.650 0.249 -0.543 0.511 -0.207 0.734 -0.948 0.340 0.000 0.000
-1.350 -1.626 0.239 -0.505 0.463 -0.190 0.805 -0.967 0.354 0.000 0.000
-1.374 -1.604 0.230 -0.463 0.414 -0.172 0.863 -0.971 0.364 0.000 0.000
-1.396 -1.584 0.222 -0.419 0.366 -0.154 0.904 -0.961 0.368 0.000 0.000
-1.416 -1.567 0.215 -0.373 0.318 -0.135 0.928 -0.937 0.367 0.000 0.000
-1.433 -1.553 0.208 -0.326 0.272 -0.117 0.934 -0.900 0.360 0.000 0.000
-1.448 -1.540 0.203 -0.280 0.229 -0.099 0.920 -0.849 0.347 0.000 0.000
-1.461 -1.530 0.198 -0.234 0.188 -0.083 0.887 -0.787 0.328 0.000 0.000
-1.472 -1.521 0.195 -0.191 0.150 -0.067 0.836 -0.715 0.303 0.000 0.000
-1.480 -1.515 0.192 -0.151 0.116 -0.052 0.767 -0.634 0.274 0.000 0.000
-1.487 -1.510 0.189 -0.115 0.087 -0.039 0.682 -0.547 0.240 0.000 0.000
-1.492 -1.506 0.188 -0.083 0.062 -0.028 0.586 -0.456 0.204 0.000 0.000
-1.495 -1.503 0.187 -0.056 0.041 -0.019 0.480 -0.364 0.165 0.000 0.000
-1.498 -1.502 0.186 -0.035 0.025 -0.012 0.370 -0.273 0.126 0.000 0.000
-1.499 -1.501 0.185 -0.019 0.014 -0.006 0.262 -0.189 0.089 0.000 0.000
-1.500 -1.500 0.185 -0.009 0.006 -0.003 0.163 -0.115 0.054 0.000 0.000
-1.500 -1.500 0.185 -0.003 0.002 -0.001 0.080 -0.055 0.026 0.000 0.000
-1.500 -1.500 0.185 -0.000 0.000 -0.000 0.022 -0.015 0.007 0.000 0.000
-1.500 -1.500 0.185 -0.000 -0.000 0.000 0.000 -0.000 0.000 0.000 0.000
-1.500 -1.500 0.185 -0.000 -0.000 -0.000 -0.000 -0.000 -0.000 0.000 0.000
-1.500 -1.500 0.185 -0.000 -0.000 -0.000 -0.000 -0.000 -0.001 0.000 0.000
-1.500 -1.500 0.185 -0.000 -0.000 -0.000 -0.000 -0.000 -0.002 0.000 0.000
-1.500 -1.500 0.185 -0.000 -0.000 -0.000 -0.000 -0.000 -0.003 0.000 0.000
-1.500 -1.500 0.185 -0.000 -0.000 -0.000 -0.000 -0.000 -0.004 0.000 0.000
-1.500 -1.500 0.185 -0.000 -0.000 -0.001 -0.000 -0.000 -0.006 0.000 0.000
-1.500 -1.500 0.185 -0.000 -0.000 -0.001 -0.000 -0.000 -0.008 0.000 0.000
-1.500 -1.500 0.185 -0.000 -0.000 -0.001 -0.000 -0.000 -0.011 0.000 0.000
-1.500 -1.500 0.185 -0.000 -0.000 -0.002 -0.000 -0.000 -0.013 0.000 0.000
-1.500 -1.500 0.185 -0.000 -0.000 -0.003 -0.000 -0.000 -0.016 0.000 0.000
-1.500 -1.500 0.184 -0.000 -0.000 -0.004 -0.000 -0.000 -0.018 0.000 0.000
-1.500 -1.500 0.184 -0.000 -0.000 -0.005 -0.000 -0.000 -0.021 0.000 0.000
-1.500 -1.500 0.184 -0.000 -0.000 -0.006 -0.000 -0.000 -0.024 0.000 0.000
-1.500 -1.500 0.184 -0.000 -0.000 -0.007 -0.000 -0.000 -0.027 0.000 0.000
-1.500 -1.500 0.183 -0.000 -0.000 -0.008 -0.000 -0.000 -0.030 0.000 0.000
-1.500 -1.500 0.183 -0.000 -0.000 -0.010 -0.000 -0.000 -0.033 0.000 0.000
-1.500 -1.500 0.182 -0.000 -0.000 -0.012 -0.000 -0.000 -0.036 0.000 0.000
-1.500 -1.500 0.182 -0.000 -0.000 -0.014 -0.000 -0.000 -0.040 0.000 0.000
-1.500 -1.500 0.181 -0.000 -0.000 -0.016 -0.000 -0.000 -0.043 0.000 0.000
-1.500 -1.500 0.180 -0.000 -0.000 -0.018 -0.000 -0.000 -0.046 0.000 0.000
-1.500 -1.500 0.179 -0.000 -0.000 -0.020 -0.000 -0.000 -0.049 0.000 0.000
-1.500 -1.500 0.178 -0.000 -0.000 -0.023 -0.000 -0.000 -0.052 0.000 0.000
-1.500 -1.500 0.177 -0.000 -0.000 -0.026 -0.000 -0.000 -0.055 0.000 0.000
-1.500 -1.500 0.175 -0.000 -0.000 -0.028 -0.000 -0.000 -0.058 0.000 0.000
-1.500 -1.500 0.174 -0.000 -0.000 -0.031 -0.000 -0.000 -0.061 0.000 0.000
-1.500 -1.500 0.172 -0.000 -0.000 -0.034 -0.000 -0.000 -0.063 0.000 0.000
-1.500 -1.500 0.171 -0.000 -0.000 -0.038 -0.000 -0.000 -0.066 0.000 0.000
-1.500 -1.500 0.169 -0.000 -0.000 -0.041 -0.000 -0.000 -0.068 0.000 0.000
-1.500 -1.500 0.166 -0.000 -0.000 -0.044 -0.000 -0.000 -0.071 0.000 0.000
-1.500 -1.500 0.164 -0.000 -0.000 -0.048 -0.000 -0.000 -0.073 0.000 0.000
-1.500 -1.500 0.162 -0.000 -0.000 -0.052 -0.000 -0.000 -0.075 0.000 0.000
-1.500 -1.500 0.159 -0.000 -0.000 -0.056 -0.000 -0.000 -0.077 0.000 0.000
-1.500 -1.500 0.156 -0.000 -0.000 -0.059 -0.000 -0.000 -0.079 0.000 0.000
-1.500 -1.500 0.153 -0.000 -0.000 -0.063 -0.000 -0.000 -0.080 0.000 0.000
-1.500 -1.500 0.150 -0.000 -0.000 -0.067 -0.000 -0.000 -0.082 0.000 0.000
-1.500 -1.500 0.146 -0.000 -0.000 -0.072 -0.000 -0.000 -0.083 0.000 0.000
-1.500 -1.500 0.143 -0.000 -0.000 -0.076 -0.000 -0.000 -0.084 0.000 0.000
-1.500 -1.500 0.139 -0.000 -0.000 -0.080 -0.000 -0.000 -0.085 0.000 0.000
-1.500 -1.500 0.135 -0.000 -0.000 -0.084 -0.000 -0.000 -0.086 0.000 0.000
-1.500 -1.500 0.130 -0.000 -0.000 -0.089 -0.000 -0.000 -0.086 0.000 0.000
-1.500 -1.500 0.126 -0.000 -0.000 -0.093 -0.000 -0.000 -0.087 0.000 0.000
-1.500 -1.500 0.121 -0.000 -0.000 -0.097 -0.000 -0.000 -0.087 0.000 0.000
-1.500 -1.500 0.116 -0.000 -0.000 -0.102 -0.000 -0.000 -0.087 0.000 0.000
-1.500 -1.500 0.111 -0.000 -0.000 -0.106 -0.000 -0.000 -0.087 0.000 0.000
-1.500 -1.500 0.105 -0.000 -0.000 -0.110 -0.000 -0.000 -0.086 0.000 0.000
-1.500 -1.500 0.100 -0.000 -0.000 -0.114 -0.000 -0.000 -0.086 0.000 0.000
-1.500 -1.500 0.094 -0.000 -0.000 -0.119 -0.000 -0.000 -0.085 0.000 0.000
-1.500 -1.500 0.088 -0.000 -0.000 -0.123 -0.000 -0.000 -0.084 0.000 0.000
-1.500 -1.500 0.082 -0.000 -0.000 -0.127 -0.000 -0.000 -0.083 0.000 0.000
-1.500 -1.500 0.075 -0.000 -0.000 -0.131 -0.000 -0.000 -0.082 0.000 0.000
-1.500 -1.500 0.069 -0.000 -0.000 -0.135 -0.000 -0.000 -0.080 0.000 0.000
-1.500 -1.500 0.062 -0.000 -0.000 -0.139 -0.000 -0.000 -0.079 0.000 0.000
-1.500 -1.500 0.055 -0.000 -0.000 -0.143 -0.000 -0.000 -0.077 0.000 0.000
-1.500 -1.500 0.047 -0.000 -0.000 -0.147 -0.000 -0.000 -0.075 0.000 0.000
-1.500 -1.500 0.040 -0.000 -0.000 -0.151 -0.000 -0.000 -0.073 0.000 0.000
-1.500 -1.500 0.032 -0.000 -0.000 -0.154 0.000 0.000 -0.071 0.000 0.000
-1.500 -1.500 0.024 -0.000 -0.000 -0.158 0.000 0.000 -0.069 0.000 0.000
-1.500 -1.500 0.017 -0.000 -0.000 -0.161 0.000 0.000 -0.066 0.000 0.000
-1.500 -1.500 0.008 -0.000 -0.000 -0.164 0.000 0.000 -0.063 0.000 0.000
-1.500 -1.500 0.000 -0.000 -0.000 -0.168 0.000 0.000 -0.061 0.000 0.000
-1.500 -1.500 -0.008 -0.000 -0.000 -0.170 0.000 0.000 -0.058 0.000 0.000
-1.500 -1.500 -0.017 -0.000 -0.000 -0.173 0.000 0.000 -0.055 0.000 0.000
-1.500 -1.500 -0.026 -0.000 -0.000 -0.176 0.000 0.000 -0.052 0.000 0.000
-1.500 -1.500 -0.035 -0.000 -0.000 -0.178 0.000 0.000 -0.048 0.000 0.000
-1.500 -1.500 -0.044 -0.000 -0.000 -0.181 0.000 0.000 -0.045 0.000 0.000
-1.500 -1.500 -0.053 -0.000 -0.000 -0.183 0.000 0.000 -0.042 0.000 0.000
-1.500 -1.500 -0.062 -0.000 -0.000 -0.185 0.000 0.000 -0.038 0.000 0.000
-1.500 -1.500 -0.071 -0.000 -0.000 -0.187 0.000 0.000 -0.034 0.000 0.000
-1.500 -1.500 -0.080 -0.000 -0.000 -0.188 0.000 0.000 -0.031 0.000 0.000
-1.500 -1.500 -0.090 -0.000 -0.000 -0.190 0.000 0.000 -0.027 0.000 0.000
-1.500 -1.500 -0.099 -0.000 -0.000 -0.191 0.000 0.000 -0.023 0.000 0.000
-1.500 -1.500 -0.109 -0.000 -0.000 -0.192 0.000 0.000 -0.020 0.000 0.000
-1.500 -1.500 -0.119 -0.000 -0.000 -0.193 0.000 0.000 -0.016 0.000 0.000
-1.500 -1.500 -0.128 -0.000 -0.000 -0.194 0.000 0.000 -0.012 0.000 0.000
-1.500 -1.500 -0.138 -0.000 -0.000 -0.194 0.000 0.000 -0.008 0.000 0.000
-1.500 -1.500 -0.148 -0.000 -0.000 -0.195 0.000 0.000 -0.004 0.000 0.000
-1.500 -1.500 -0.157 -0.000 -0.000 -0.195 0.000 0.000 -0.000 0.000 0.000
-1.500 -1.500 -0.167 -0.000 -0.000 -0.195 0.000 0.000 0.004 0.000 0.000
-1.500 -1.500 -0.177 -0.000 -0.000 -0.194 0.000 0.000 0.008 0.000 0.000
-1.500 -1.500 -0.187 -0.000 -0.000 -0.194 0.000 0.000 0.012 0.000 0.000
-1.500 -1.500 -0.196 -0.000 -0.000 -0.193 0.000 0.000 0.016 0.000 0.000
-1.500 -1.500 -0.206 -0.000 -0.000 -0.192 0.000 0.000 0.020 0.000 0.000
-1.500 -1.500 -0.216 -0.000 -0.000 -0.191 0.000 0.000 0.023 0.000 0.000
-1.500 -1.500 -0.225 -0.000 -0.000 -0.190 0.000 0.000 0.027 0.000 0.000
-1.500 -1.500 -0.235 0.000 0.000 -0.188 0.000 0.000 0.031 0.000 0.000
-1.500 -1.500 -0.244 0.000 0.000 -0.187 0.000 0.000 0.034 0.000 0.000
-1.500 -1.500 -0.253 0.000 0.000 -0.185 0.000 0.000 0.038 0.000 0.000
-1.500 -1.500 -0.262 0.000 0.000 -0.183 0.000 0.000 0.042 0.000 0.000
-1.500 -1.500 -0.271 0.000 0.000 -0.181 0.000 0.000 0.045 0.000 0.000
-1.500 -1.500 -0.280 0.000 0.000 -0.178 0.000 0.000 0.048 0.000 0.000
-1.500 -1.500 -0.289 0.000 0.000 -0.176 0.000 0.000 0.052 0.000 0.000
-1.500 -1.500 -0.298 0.000 0.000 -0.173 0.000 0.000 0.055 0.000 0.000
-1.500 -1.500 -0.307 0.000 0.000 -0.170 0.000 0.000 0.058 0.000 0.000
-1.500 -1.500 -0.315 0.000 0.000 -0.168 0.000 0.000 0.061 0.000 0.000
-1.500 -1.500 -0.323 0.000 0.000 -0.164 0.000 0.000 0.063 0.000 0.000
-1.500 -1.500 -0.332 0.000 0.000 -0.161 0.000 0.000 0.066 0.000 0.000
-1.500 -1.500 -0.339 0.000 0.000 -0.158 0.000 0.000 0.069 0.000 0.000
-1.500 -1.500 -0.347 0.000 0.000 -0.154 0.000 0.000 0.071 0.000 0.000
-1.500 -1.500 -0.355 0.000 0.000 -0.151 0.000 0.000 0.073 0.000 0.000
-1.500 -1.500 -0.362 0.000 0.000 -0.147 0.000 0.000 0.075 0.000 0.000
-1.500 -1.500 -0.370 0.000 0.000 -0.143 0.000 0.000 0.077 0.000 0.000
-1.500 -1.500 -0.377 0.000 0.000 -0.139 0.000 0.000 0.079 0.000 0.000
-1.500 -1.500 -0.384 0.000 0.000 -0.135 0.000 0.000 0.080 0.000 0.000
-1.500 -1.500 -0.390 0.000 0.000 -0.131 0.000 0.000 0.082 0.000 0.000
-1.500 -1.500 -0.397 0.000 0.000 -0.127 0.000 0.000 0.083 0.000 0.000
-1.500 -1.500 -0.403 0.000 0.000 -0.123 0.000 0.000 0.084 0.000 0.000
-1.500 -1.500 -0.409 0.000 0.000 -0.119 0.000 0.000 0.085 0.000 0.000
-1.500 -1.500 -0.415 0.000 0.000 -0.114 0.000 0.000 0.086 0.000 0.000
-1.500 -1.500 -0.420 0.000 0.000 -0.110 0.000 0.000 0.086 0.000 0.000
-1.500 -1.500 -0.426 0.000 0.000 -0.106 0.000 0.000 0.087 0.000 0.000
-1.500 -1.500 -0.431 0.000 0.000 -0.102 0.000 0.000 0.087 0.000 0.000
-1.500 -1.500 -0.436 0.000 0.000 -0.097 0.000 0.000 0.087 0.000 0.000
-1.500 -1.500 -0.441 0.000 0.000 -0.093 0.000 0.000 0.087 0.000 0.000
-1.500 -1.500 -0.445 0.000 0.000 -0.089 0.000 0.000 0.086 0.000 0.000
-1.500 -1.500 -0.450 0.000 0.000 -0.084 0.000 0.000 0.086 0.000 0.000
-1.500 -1.500 -0.454 0.000 0.000 -0.080 -0.000 -0.000 0.085 0.000 0.000
-1.500 -1.500 -0.458 0.000 0.000 -0.076 -0.000 -0.000 0.084 0.000 0.000
-1.500 -1.500 -0.461 0.000 0.000 -0.072 -0.000 -0.000 0.083 0.000 0.000
-1.500 -1.500 -0.465 0.000 0.000 -0.067 -0.000 -0.000 0.082 0.000 0.000
-1.500 -1.500 -0.468 0.000 0.000 -0.063 -0.000 -0.000 0.080 0.000 0.000
-1.500 -1.500 -0.471 0.000 0.000 -0.059 -0.000 -0.000 0.079 0.000 0.000
-1.500 -1.500 -0.474 0.000 0.000 -0.056 -0.000 -0.000 0.077 0.000 0.000
-1.500 -1.500 -0.477 0.000 0.000 -0.052 -0.000 -0.000 0.075 0.000 0.000
-1.500 -1.500 -0.479 0.000 0.000 -0.048 -0.000 -0.000 0.073 0.000 0.000
-1.500 -1.500 -0.481 0.000 0.000 -0.044 -0.000 -0.000 0.071 0.000 0.000
-1.500 -1.500 -0.484 0.000 0.000 -0.041 -0.000 -0.000 0.068 0.000 0.000
-1.500 -1.500 -0.486 0.000 0.000 -0.038 -0.000 -0.000 0.066 0.000 0.000
-1.500 -1.500 -0.487 0.000 0.000 -0.034 -0.000 -0.000 0.063 0.000 0.000
-1.500 -1.500 -0.489 0.000 0.000 -0.031 -0.000 -0.000 0.061 0.000 0.000
-1.500 -1.500 -0.490 0.000 0.000 -0.028 -0.000 -0.000 0.058 0.000 0.000
-1.500 -1.500 -0.492 0.000 0.000 -0.026 -0.000 -0.000 0.055 0.000 0.000
-1.500 -1.500 -0.493 0.000 0.000 -0.023 -0.000 -0.000 0.052 0.000 0.000
-1.500 -1.500 -0.494 0.000 0.000 -0.020 -0.000 -0.000 0.049 0.000 0.000
-1.500 -1.500 -0.495 0.000 0.000 -0.018 -0.000 -0.000 0.046 0.000 0.000
-1.500 -1.500 -0.496 0.000 0.000 -0.016 -0.000 -0.000 0.043 0.000 0.000
-1.500 -1.500 -0.497 0.000 0.000 -0.014 -0.000 -0.000 0.040 0.000 0.000
-1.500 -1.500 -0.497 0.000 0.000 -0.012 -0.000 -0.000 0.036 0.000 0.000
-1.500 -1.500 -0.498 0.000 0.000 -0.010 -0.000 -0.000 0.033 0.000 0.000
-1.500 -1.500 -0.498 0.000 0.000 -0.008 -0.000 -0.000 0.030 0.000 0.000
-1.500 -1.500 -0.499 0.000 0.000 -0.007 -0.000 -0.000 0.027 0.000 0.000
-1.500 -1.500 -0.499 0.000 0.000 -0.006 -0.000 -0.000 0.024 0.000 0.000
-1.500 -1.500 -0.499 0.000 0.000 -0.005 -0.000 -0.000 0.021 0.000 0.000
-1.500 -1.500 -0.499 -0.000 -0.000 -0.004 -0.000 -0.000 0.018 0.000 0.000
-1.500 -1.500 -0.500 -0.000 -0.000 -0.003 -0.000 -0.000 0.016 0.000 0.000
-1.500 -1.500 -0.500 -0.000 -0.000 -0.002 -0.000 -0.000 0.013 0.000 0.000
-1.500 -1.500 -0.500 -0.000 -0.000 -0.001 -0.000 -0.000 0.011 0.000 0.000
-1.500 -1.500 -0.500 -0.000 -0.000 -0.001 -0.000 -0.000 0.008 0.000 0.000
-1.500 -1.500 -0.500 -0.000 -0.000 -0.001 -0.000 -0.000 0.006 0.000 0.000
-1.500 -1.500 -0.500 -0.000 -0.000 -0.000 -0.000 -0.000 0.004 0.000 0.000
-1.500 -1.500 -0.500 -0.000 -0.000 -0.000 -0.000 -0.000 0.003 0.000 0.000
-1.500 -1.500 -0.500 -0.000 -0.000 -0.000 -0.000 -0.000 0.002 0.000 0.000
-1.500 -1.500 -0.500 -0.000 -0.000 -0.000 -0.000 -0.000 0.001 0.000 0.000
-1.500 -1.500 -0.500 -0.000 -0.000 -0.000 -0.000 -0.000 0.000 0.000 0.000
-1.500 -1.500 -0.500 -0.000 -0.000 -0.000 -0.000 -0.000 -0.000 0.000 0.000
