-1.500 1.500 0.185 -0.000 0.000 0.000 -0.000 0.000 0.002 0.000 0.000
-1.500 1.500 0.185 -0.000 0.000 0.000 -0.000 0.000 0.006 0.000 0.000
-1.500 1.500 0.185 -0.000 0.000 0.001 0.000 -0.000 0.013 0.000 0.000
-1.500 1.500 0.185 -0.000 0.000 0.002 0.000 -0.000 0.023 0.000 0.000
-1.500 1.500 0.185 -0.000 0.000 0.003 0.000 -0.000 0.034 0.000 0.000
-1.500 1.500 0.185 -0.000 0.000 0.005 0.000 -0.000 0.047 0.000 0.000
-1.500 1.500 0.186 -0.000 0.000 0.008 0.000 -0.000 0.061 0.000 0.000
-1.500 1.500 0.186 -0.000 0.000 0.011 0.000 -0.000 0.076 0.000 0.000
-1.500 1.500 0.187 -0.000 0.000 0.015 0.000 -0.000 0.092 0.000 0.000
-1.500 1.500 0.188 -0.000 0.000 0.020 0.000 -0.000 0.109 0.000 0.000
-1.500 1.500 0.189 -0.000 0.000 0.026 0.000 -0.000 0.126 0.000 0.000
-1.500 1.500 0.190 -0.000 0.000 0.033 0.000 -0.000 0.142 0.000 0.000
-1.500 1.500 0.192 -0.000 0.000 0.041 0.000 -0.000 0.159 0.000 0.000
-1.500 1.500 0.194 -0.000 0.000 0.049 0.000 -0.000 0.175 0.000 0.000
-1.500 1.500 0.197 -0.000 0.000 0.058 0.000 -0.000 0.191 0.000 0.000
-1.500 1.500 0.200 -0.000 0.000 0.068 0.000 -0.000 0.206 0.000 0.000
-1.500 1.500 0.204 -0.000 0.000 0.079 0.000 -0.000 0.221 0.000 0.000
-1.500 1.500 0.208 -0.000 0.000 0.090 0.000 -0.000 0.234 0.000 0.000
-1.500 1.500 0.213 -0.000 0.000 0.102 0.000 -0.000 0.247 0.000 0.000
-1.500 1.500 0.218 -0.000 0.000 0.115 0.000 -0.000 0.258 0.000 0.000
-1.500 1.500 0.224 -0.000 0.000 0.128 0.000 -0.000 0.268 0.000 0.000
-1.500 1.500 0.231 -0.000 0.000 0.141 0.000 -0.000 0.277 0.000 0.000
-1.500 1.500 0.239 -0.000 0.000 0.156 0.000 -0.000 0.285 0.000 0.000
-1.500 1.500 0.247 -0.000 0.000 0.170 0.000 -0.000 0.291 0.000 0.000
-1.500 1.500 0.256 -0.000 0.000 0.185 0.000 -0.000 0.295 0.000 0.000
-1.500 1.500 0.265 -0.000 0.000 0.199 0.000 -0.000 0.299 0.000 0.000
-1.500 1.500 0.276 -0.000 0.000 0.214 0.000 -0.000 0.300 0.000 0.000
-1.500 1.500 0.287 -0.000 0.000 0.229 0.000 -0.000 0.300 0.000 0.000
-1.500 1.500 0.298 -0.000 0.000 0.244 0.000 -0.000 0.299 0.000 0.000
-1.500 1.500 0.311 -0.000 0.000 0.259 0.000 -0.000 0.296 0.000 0.000
-1.500 1.500 0.324 -0.000 0.000 0.274 0.000 -0.000 0.292 0.000 0.000
-1.500 1.500 0.338 -0.000 0.000 0.288 0.000 -0.000 0.286 0.000 0.000
-1.500 1.500 0.353 -0.000 0.000 0.303 0.000 -0.000 0.279 0.000 0.000
-1.500 1.500 0.369 -0.000 0.000 0.316 0.000 -0.000 0.271 0.000 0.000
-1.500 1.500 0.385 -0.000 0.000 0.330 0.000 -0.000 0.261 0.000 0.000
-1.500 1.500 0.402 -0.000 0.000 0.342 0.000 -0.000 0.250 0.000 0.000
-1.500 1.500 0.419 -0.000 0.000 0.355 0.000 -0.000 0.237 0.000 0.000
-1.500 1.500 0.437 0.000 -0.000 0.366 0.000 -0.000 0.224 0.000 0.000
-1.500 1.500 0.456 0.000 -0.000 0.377 0.000 -0.000 0.209 0.000 0.000
-1.500 1.500 0.475 0.000 -0.000 0.387 0.000 -0.000 0.194 0.000 0.000
-1.500 1.500 0.494 0.000 -0.000 0.396 0.000 -0.000 0.177 0.000 0.000
-1.500 1.500 0.514 0.000 -0.000 0.405 0.000 -0.000 0.160 0.000 0.000
-1.500 1.500 0.535 0.000 -0.000 0.412 0.000 -0.000 0.141 0.000 0.000
-1.500 1.500 0.556 0.000 -0.000 0.419 0.000 -0.000 0.122 0.000 0.000
-1.500 1.500 0.577 0.000 -0.000 0.425 0.000 -0.000 0.103 0.000 0.000
-1.500 1.500 0.598 0.000 -0.000 0.429 0.000 -0.000 0.083 0.000 0.000
-1.500 1.500 0.620 0.000 -0.000 0.433 0.000 -0.000 0.063 0.000 0.000
-1.500 1.500 0.641 0.000 -0.000 0.435 0.000 -0.000 0.042 0.000 0.000
-1.500 1.500 0.663 0.000 -0.000 0.437 0.000 -0.000 0.021 0.000 0.000
-1.500 1.500 0.685 0.000 -0.000 0.438 -0.000 0.000 0.000 0.000 0.000
-1.500 1.500 0.707 0.000 -0.000 0.437 0.000 -0.000 -0.021 0.000 0.000
-1.500 1.500 0.729 0.000 -0.000 0.435 0.000 -0.000 -0.042 0.000 0.000
-1.500 1.500 0.750 0.000 -0.000 0.433 -0.000 0.000 -0.063 0.000 0.000
-1.500 1.500 0.772 0.000 -0.000 0.429 -0.000 0.000 -0.083 0.000 0.000
-1.500 1.500 0.793 0.000 -0.000 0.425 -0.000 0.000 -0.103 0.000 0.000
-1.500 1.500 0.814 0.000 -0.000 0.419 -0.000 0.000 -0.122 0.000 0.000
-1.500 1.500 0.835 0.000 -0.000 0.412 -0.000 0.000 -0.141 0.000 0.000
-1.500 1.500 0.856 0.000 -0.000 0.405 -0.000 0.000 -0.160 0.000 0.000
-1.500 1.500 0.876 0.000 -0.000 0.396 -0.000 0.000 -0.177 0.000 0.000
-1.500 1.500 0.895 0.000 -0.000 0.387 -0.000 0.000 -0.194 0.000 0.000
-1.500 1.500 0.914 0.000 -0.000 0.377 -0.000 0.000 -0.209 0.000 0.000
-1.500 1.500 0.933 0.000 -0.000 0.366 -0.000 0.000 -0.224 0.000 0.000
-1.500 1.500 0.951 0.000 -0.000 0.355 -0.000 0.000 -0.237 0.000 0.000
-1.500 1.500 0.968 0.000 -0.000 0.342 -0.000 0.000 -0.250 0.000 0.000
-1.500 1.500 0.985 0.000 -0.000 0.330 -0.000 0.000 -0.261 0.000 0.000
-1.500 1.500 1.001 0.000 -0.000 0.316 -0.000 0.000 -0.271 0.000 0.000
-1.500 1.500 1.017 0.000 -0.000 0.303 0.000 -0.000 -0.279 0.000 0.000
-1.500 1.500 1.032 0.000 -0.000 0.288 0.000 -0.000 -0.286 0.000 0.000
-1.500 1.500 1.046 0.000 -0.000 0.274 0.000 -0.000 -0.292 0.000 0.000
-1.500 1.500 1.059 0.000 -0.000 0.259 0.000 -0.000 -0.296 0.000 0.000
-1.500 1.500 1.072 0.000 -0.000 0.244 0.000 -0.000 -0.299 0.000 0.000
-1.500 1.500 1.083 0.000 -0.000 0.229 0.000 -0.000 -0.300 0.000 0.000
-1.500 1.500 1.094 0.000 -0.000 0.214 0.000 -0.000 -0.300 0.000 0.000
-1.500 1.500 1.105 0.000 -0.000 0.199 0.000 -0.000 -0.299 0.000 0.000
-1.500 1.500 1.114 0.000 -0.000 0.185 0.000 -0.000 -0.295 0.000 0.000
-1.500 1.500 1.123 0.000 -0.000 0.170 0.000 -0.000 -0.291 0.000 0.000
-1.500 1.500 1.131 0.000 -0.000 0.156 0.000 -0.000 -0.285 0.000 0.000
-1.500 1.500 1.139 0.000 -0.000 0.141 0.000 -0.000 -0.277 0.000 0.000
-1.500 1.500 1.146 0.000 -0.000 0.128 0.000 -0.000 -0.268 0.000 0.000
-1.500 1.500 1.152 0.000 -0.000 0.115 0.000 -0.000 -0.258 0.000 0.000
-1.500 1.500 1.157 0.000 -0.000 0.102 0.000 -0.000 -0.247 0.000 0.000
-1.500 1.500 1.162 0.000 -0.000 0.090 0.000 -0.000 -0.234 0.000 0.000
-1.500 1.500 1.166 0.000 -0.000 0.079 0.000 -0.000 -0.221 0.000 0.000
-1.500 1.500 1.170 0.000 -0.000 0.068 -0.000 0.000 -0.206 0.000 0.000
-1.500 1.500 1.173 0.000 -0.000 0.058 -0.000 0.000 -0.191 0.000 0.000
-1.500 1.500 1.176 0.000 -0.000 0.049 -0.000 0.000 -0.175 0.000 0.000
-1.500 1.500 1.178 0.000 -0.000 0.041 -0.000 0.000 -0.159 0.000 0.000
-1.500 1.500 1.180 0.000 -0.000 0.033 -0.000 0.000 -0.142 0.000 0.000
-1.500 1.500 1.181 0.000 -0.000 0.026 -0.000 0.000 -0.126 0.000 0.000
-1.500 1.500 1.182 0.000 -0.000 0.020 -0.000 0.000 -0.109 0.000 0.000
-1.500 1.500 1.183 0.000 -0.000 0.015 -0.000 0.000 -0.092 0.000 0.000
-1.500 1.500 1.184 0.000 -0.000 0.011 -0.000 0.000 -0.076 0.000 0.000
-1.500 1.500 1.184 0.000 -0.000 0.008 -0.000 0.000 -0.061 0.000 0.000
-1.500 1.500 1.185 0.000 -0.000 0.005 -0.000 0.000 -0.047 0.000 0.000
-1.500 1.500 1.185 0.000 -0.000 0.003 -0.000 0.000 -0.034 0.000 0.000
-1.500 1.500 1.185 0.000 -0.000 0.002 -0.000 0.000 -0.023 0.000 0.000
-1.500 1.500 1.185 0.000 -0.000 0.001 -0.000 0.000 -0.013 0.000 0.000
-1.500 1.500 1.185 0.000 -0.000 0.000 -0.000 0.000 -0.006 0.000 0.000
-1.500 1.500 1.185 0.000 -0.000 0.000 -0.000 0.000 -0.002 0.000 0.000
-1.500 1.500 1.185 0.000 -0.000 -0.000 -0.000 0.000 -0.000 0.000 0.000
-1.500 1.500 1.185 0.000 0.000 0.000 0.000 0.000 0.000 0.000 0.000
-1.500 1.500 1.185 0.000 0.000 0.000 0.000 0.000 0.000 0.000 0.000
-1.500 1.500 1.185 0.000 0.000 0.000 0.000 0.000 0.000 0.000 0.000
-1.500 1.500 1.185 0.000 0.000 0.000 0.000 0.000 0.000 0.000 0.000
-1.500 1.500 1.185 0.000 0.000 0.000 0.000 0.000 0.000 0.000 0.000
-1.500 1.500 1.185 0.000 0.000 0.000 0.000 0.000 0.000 0.000 0.000
-1.500 1.500 1.185 0.000 0.000 0.000 0.000 0.000 0.000 0.000 0.000
-1.500 1.500 1.185 0.000 0.000 0.000 0.000 0.000 0.000 0.000 0.000
-1.500 1.500 1.185 0.000 0.000 0.000 0.000 0.000 0.000 0.000 0.000
-1.500 1.500 1.185 0.000 0.000 0.000 0.000 0.000 0.000 0.000 0.000
-1.500 1.500 1.185 0.000 0.000 0.000 0.000 0.000 0.000 0.000 0.000
-1.500 1.500 1.185 0.000 0.000 0.000 0.000 0.000 0.000 0.000 0.000
-1.500 1.500 1.185 0.000 0.000 0.000 0.000 0.000 0.000 0.000 0.000
-1.500 1.500 1.185 0.000 0.000 0.000 0.000 0.000 0.000 0.000 0.000
-1.500 1.500 1.185 0.000 0.000 0.000 0.000 0.000 0.000 0.000 0.000
-1.500 1.500 1.185 0.000 0.000 0.000 0.000 0.000 0.000 0.000 0.000
-1.500 1.500 1.185 0.000 0.000 0.000 0.000 0.000 0.000 0.000 0.000
-1.500 1.500 1.185 0.000 0.000 0.000 0.000 0.000 0.000 0.000 0.000
-1.500 1.500 1.185 0.000 0.000 0.000 0.000 0.000 0.000 0.000 0.000
-1.500 1.500 1.185 0.000 0.000 0.000 0.000 0.000 0.000 0.000 0.000
-1.500 1.500 1.185 0.000 0.000 0.000 0.000 0.000 0.000 0.000 0.000
-1.500 1.500 1.185 0.000 0.000 0.000 0.000 0.000 0.000 0.000 0.000
-1.500 1.500 1.185 0.000 0.000 0.000 0.000 0.000 0.000 0.000 0.000
-1.500 1.500 1.185 0.000 0.000 0.000 0.000 0.000 0.000 0.000 0.000
-1.500 1.500 1.185 0.000 0.000 0.000 0.000 0.000 0.000 0.000 0.000
-1.500 1.500 1.185 0.000 0.000 0.000 0.000 0.000 0.000 0.000 0.000
-1.500 1.500 1.185 0.000 0.000 0.000 0.000 0.000 0.000 0.000 0.000
-1.500 1.500 1.185 0.000 0.000 0.000 0.000 0.000 0.000 0.000 0.000
-1.500 1.500 1.185 0.000 0.000 0.000 0.000 0.000 0.000 0.000 0.000
-1.500 1.500 1.185 0.000 0.000 0.000 0.000 0.000 0.000 0.000 0.000
-1.500 1.500 1.185 0.000 0.000 0.000 0.000 0.000 0.000 0.000 0.000
-1.500 1.500 1.185 0.000 0.000 0.000 0.000 0.000 0.000 0.000 0.000
-1.500 1.500 1.185 0.000 0.000 0.000 0.000 0.000 0.000 0.000 0.000
-1.500 1.500 1.185 0.000 0.000 0.000 0.000 0.000 0.000 0.000 0.000
-1.500 1.500 1.185 0.000 0.000 0.000 0.000 0.000 0.000 0.000 0.000
-1.500 1.500 1.185 0.000 0.000 0.000 0.000 0.000 0.000 0.000 0.000
-1.500 1.500 1.185 0.000 0.000 0.000 0.000 0.000 0.000 0.000 0.000
-1.500 1.500 1.185 0.000 0.000 0.000 0.000 0.000 0.000 0.000 0.000
-1.500 1.500 1.185 0.000 0.000 0.000 0.000 0.000 0.000 0.000 0.000
-1.500 1.500 1.185 0.000 0.000 0.000 0.000 0.000 0.000 0.000 0.000
-1.500 1.500 1.185 0.000 0.000 0.000 0.000 0.000 0.000 0.000 0.000
-1.500 1.500 1.185 0.000 0.000 0.000 0.000 0.000 0.000 0.000 0.000
-1.500 1.500 1.185 0.000 0.000 0.000 0.000 0.000 0.000 0.000 0.000
-1.500 1.500 1.185 0.000 0.000 0.000 0.000 0.000 0.000 0.000 0.000
-1.500 1.500 1.185 0.000 0.000 0.000 0.000 0.000 0.000 0.000 0.000
-1.500 1.500 1.185 0.000 0.000 0.000 0.000 0.000 0.000 0.000 0.000
-1.500 1.500 1.185 0.000 0.000 0.000 0.000 0.000 0.000 0.000 0.000
-1.500 1.500 1.185 0.000 0.000 0.000 0.000 0.000 0.000 0.000 0.000
-1.500 1.500 1.185 0.000 0.000 0.000 0.000 0.000 0.000 0.000 0.000
-1.500 1.500 1.185 0.000 0.000 0.000 0.000 0.000 0.000 0.000 0.000
-1.500 1.500 1.185 0.000 0.000 0.000 0.000 0.000 0.000 0.000 0.000
-1.500 1.500 1.185 0.000 0.000 0.000 0.000 0.000 0.000 0.000 0.000
-1.500 1.500 1.185 0.000 0.000 0.000 0.000 0.000 0.000 0.000 0.000
-1.500 1.500 1.185 0.000 0.000 0.000 0.000 0.000 0.000 0.000 0.000
-1.500 1.500 1.185 0.000 0.000 0.000 0.000 0.000 0.000 0.000 0.000
-1.500 1.500 1.185 0.000 0.000 0.000 0.000 0.000 0.000 0.000 0.000
-1.500 1.500 1.185 0.000 0.000 0.000 0.000 0.000 0.000 0.000 0.000
-1.500 1.500 1.185 0.000 0.000 0.000 0.000 0.000 0.000 0.000 0.000
-1.500 1.500 1.185 0.000 0.000 0.000 0.000 0.000 0.000 0.000 0.000
-1.500 1.500 1.185 0.000 0.000 0.000 0.000 0.000 0.000 0.000 0.000
-1.500 1.500 1.185 0.000 0.000 0.000 0.000 0.000 0.000 0.000 0.000
-1.500 1.500 1.185 0.000 0.000 0.000 0.000 0.000 0.000 0.000 0.000
-1.500 1.500 1.185 0.000 0.000 0.000 0.000 0.000 0.000 0.000 0.000
-1.500 1.500 1.185 0.000 0.000 0.000 0.000 0.000 0.000 0.000 0.000
-1.500 1.500 1.185 0.000 0.000 0.000 0.000 0.000 0.000 0.000 0.000
-1.500 1.500 1.185 0.000 0.000 0.000 0.000 0.000 0.000 0.000 0.000
-1.500 1.500 1.185 0.000 0.000 0.000 0.000 0.000 0.000 0.000 0.000
-1.500 1.500 1.185 0.000 0.000 0.000 0.000 0.000 0.000 0.000 0.000
-1.500 1.500 1.185 0.000 0.000 0.000 0.000 0.000 0.000 0.000 0.000
-1.500 1.500 1.185 0.000 0.000 0.000 0.000 0.000 0.000 0.000 0.000
-1.500 1.500 1.185 0.000 0.000 0.000 0.000 0.000 0.000 0.000 0.000
-1.500 1.500 1.185 0.000 0.000 0.000 0.000 0.000 0.000 0.000 0.000
-1.500 1.500 1.185 0.000 0.000 0.000 0.000 0.000 0.000 0.000 0.000
-1.500 1.500 1.185 0.000 0.000 0.000 0.000 0.000 0.000 0.000 0.000
-1.500 1.500 1.185 0.000 0.000 0.000 0.000 0.000 0.000 0.000 0.000
-1.500 1.500 1.185 0.000 0.000 0.000 0.000 0.000 0.000 0.000 0.000
-1.500 1.500 1.185 0.000 0.000 0.000 0.000 0.000 0.000 0.000 0.000
-1.500 1.500 1.185 0.000 0.000 0.000 0.000 0.000 0.000 0.000 0.000
-1.500 1.500 1.185 0.000 0.000 0.000 0.000 0.000 0.000 0.000 0.000
-1.500 1.500 1.185 0.000 0.000 0.000 0.000 0.000 0.000 0.000 0.000
-1.500 1.500 1.185 0.000 0.000 0.000 0.000 0.000 0.000 0.000 0.000
-1.500 1.500 1.185 0.000 0.000 0.000 0.000 0.000 0.000 0.000 0.000
-1.500 1.500 1.185 0.000 0.000 0.000 0.000 0.000 0.000 0.000 0.000
-1.500 1.500 1.185 0.000 0.000 0.000 0.000 0.000 0.000 0.000 0.000
-1.500 1.500 1.185 0.000 0.000 0.000 0.000 0.000 0.000 0.000 0.000
-1.500 1.500 1.185 0.000 0.000 0.000 0.000 0.000 0.000 0.000 0.000
-1.500 1.500 1.185 0.000 0.000 0.000 0.000 0.000 0.000 0.000 0.000
-1.500 1.500 1.185 0.000 0.000 0.000 0.000 0.000 0.000 0.000 0.000
-1.500 1.500 1.185 0.000 0.000 0.000 0.000 0.000 0.000 0.000 0.000
-1.500 1.500 1.185 0.000 0.000 0.000 0.000 0.000 0.000 0.000 0.000
-1.500 1.500 1.185 0.000 0.000 0.000 0.000 0.000 0.000 0.000 0.000
-1.500 1.500 1.185 0.000 0.000 0.000 0.000 0.000 0.000 0.000 0.000
-1.500 1.500 1.185 0.000 0.000 0.000 0.000 0.000 0.000 0.000 0.000
-1.500 1.500 1.185 0.000 0.000 0.000 0.000 0.000 0.000 0.000 0.000
-1.500 1.500 1.185 0.000 0.000 0.000 0.000 0.000 0.000 0.000 0.000
-1.500 1.500 1.185 0.000 0.000 0.000 0.000 0.000 0.000 0.000 0.000
-1.500 1.500 1.185 0.000 0.000 0.000 0.000 0.000 0.000 0.000 0.000
-1.500 1.500 1.185 0.000 0.000 0.000 0.000 0.000 0.000 0.000 0.000
-1.500 1.500 1.185 0.000 0.000 0.000 0.000 0.000 0.000 0.000 0.000
-1.500 1.500 1.185 0.000 0.000 0.000 0.000 0.000 0.000 0.000 0.000
-1.500 1.500 1.185 0.000 0.000 0.000 0.000 0.000 0.000 0.000 0.000
-1.500 1.500 1.185 0.000 0.000 0.000 0.000 0.000 0.000 0.000 0.000
-1.500 1.500 1.185 0.000 0.000 0.000 0.000 0.000 0.000 0.000 0.000
-1.500 1.500 1.185 0.000 0.000 0.000 0.000 0.000 0.000 0.000 0.000
-1.500 1.500 1.185 0.000 0.000 0.000 0.000 0.000 0.000 0.000 0.000
-1.500 1.500 1.185 0.000 0.000 0.000 0.000 0.000 0.000 0.000 0.000
-1.500 1.500 1.185 0.000 0.000 0.000 0.000 0.000 0.000 0.000 0.000
-1.500 1.500 1.185 0.000 0.000 0.000 0.000 0.000 0.000 0.000 0.000
-1.500 1.500 1.185 0.000 0.000 0.000 0.000 0.000 0.000 0.000 0.000
-1.500 1.500 1.185 0.000 0.000 0.000 0.000 0.000 0.000 0.000 0.000
-1.500 1.500 1.185 0.000 0.000 0.000 0.000 0.000 0.000 0.000 0.000
-1.500 1.500 1.185 0.000 0.000 0.000 0.000 0.000 0.000 0.000 0.000
-1.500 1.500 1.185 0.000 0.000 0.000 0.000 0.000 0.000 0.000 0.000
-1.500 1.500 1.185 0.000 0.000 0.000 0.000 0.000 0.000 0.000 0.000
-1.500 1.500 1.185 0.000 0.000 0.000 0.000 0.000 0.000 0.000 0.000
-1.500 1.500 1.185 0.000 0.000 0.000 0.000 0.000 0.000 0.000 0.000
-1.500 1.500 1.185 0.000 0.000 0.000 0.000 0.000 0.000 0.000 0.000
-1.500 1.500 1.185 0.000 0.000 0.000 0.000 0.000 0.000 0.000 0.000
-1.500 1.500 1.185 0.000 0.000 0.000 0.000 0.000 0.000 0.000 0.000
-1.500 1.500 1.185 0.000 0.000 0.000 0.000 0.000 0.000 0.000 0.000
-1.500 1.500 1.185 0.000 0.000 0.000 0.000 0.000 0.000 0.000 0.000
-1.500 1.500 1.185 0.000 0.000 0.000 0.000 0.000 0.000 0.000 0.000
-1.500 1.500 1.185 0.000 0.000 0.000 0.000 0.000 0.000 0.000 0.000
-1.500 1.500 1.185 0.000 0.000 0.000 0.000 0.000 0.000 0.000 0.000
-1.500 1.500 1.185 0.000 0.000 0.000 0.000 0.000 0.000 0.000 0.000
-1.500 1.500 1.185 0.000 0.000 0.000 0.000 0.000 0.000 0.000 0.000
-1.500 1.500 1.185 0.000 0.000 0.000 0.000 0.000 0.000 0.000 0.000
-1.500 1.500 1.185 0.000 0.000 0.000 0.000 0.000 0.000 0.000 0.000
-1.500 1.500 1.185 0.000 0.000 0.000 0.000 0.000 0.000 0.000 0.000
-1.500 1.500 1.185 0.000 0.000 0.000 0.000 0.000 0.000 0.000 0.000
-1.500 1.500 1.185 0.000 0.000 0.000 0.000 0.000 0.000 0.000 0.000
-1.500 1.500 1.185 0.000 0.000 0.000 0.000 0.000 0.000 0.000 0.000
-1.500 1.500 1.185 0.000 0.000 0.000 0.000 0.000 0.000 0.000 0.000
-1.500 1.500 1.185 0.000 0.000 0.000 0.000 0.000 0.000 0.000 0.000
-1.500 1.500 1.185 0.000 0.000 0.000 0.000 0.000 0.000 0.000 0.000
-1.500 1.500 1.185 0.000 0.000 0.000 0.000 0.000 0.000 0.000 0.000
-1.500 1.500 1.185 0.000 0.000 0.000 0.000 0.000 0.000 0.000 0.000
-1.500 1.500 1.185 0.000 0.000 0.000 0.000 0.000 0.000 0.000 0.000
-1.500 1.500 1.185 0.000 0.000 0.000 0.000 0.000 0.000 0.000 0.000
-1.500 1.500 1.185 0.000 0.000 0.000 0.000 0.000 0.000 0.000 0.000
-1.500 1.500 1.185 0.000 0.000 0.000 0.000 0.000 0.000 0.000 0.000
-1.500 1.500 1.185 0.000 0.000 0.000 0.000 0.000 0.000 0.000 0.000
-1.500 1.500 1.185 0.000 0.000 0.000 0.000 0.000 0.000 0.000 0.000
-1.500 1.500 1.185 0.000 0.000 0.000 0.000 0.000 0.000 0.000 0.000
-1.500 1.500 1.185 0.000 0.000 0.000 0.000 0.000 0.000 0.000 0.000
-1.500 1.500 1.185 0.000 0.000 0.000 0.000 0.000 0.000 0.000 0.000
-1.500 1.500 1.185 0.000 0.000 0.000 0.000 0.000 0.000 0.000 0.000
-1.500 1.500 1.185 0.000 0.000 0.000 0.000 0.000 0.000 0.000 0.000
-1.500 1.500 1.185 0.000 0.000 0.000 0.000 0.000 0.000 0.000 0.000
-1.500 1.500 1.185 0.000 0.000 0.000 0.000 0.000 0.000 0.000 0.000
-1.500 1.500 1.185 0.000 0.000 0.000 0.000 0.000 0.000 0.000 0.000
-1.500 1.500 1.185 0.000 0.000 0.000 0.000 0.000 0.000 0.000 0.000
-1.500 1.500 1.185 0.000 0.000 0.000 0.000 0.000 0.000 0.000 0.000
-1.500 1.500 1.185 0.000 0.000 0.000 0.000 0.000 0.000 0.000 0.000
-1.500 1.500 1.185 0.000 0.000 0.000 0.000 0.000 0.000 0.000 0.000
-1.500 1.500 1.185 0.000 0.000 0.000 0.000 0.000 0.000 0.000 0.000
-1.500 1.500 1.185 0.000 0.000 0.000 0.000 0.000 0.000 0.000 0.000
-1.500 1.500 1.185 0.000 0.000 0.000 0.000 0.000 0.000 0.000 0.000
-1.500 1.500 1.185 0.000 0.000 0.000 0.000 0.000 0.000 0.000 0.000
-1.500 1.500 1.185 0.000 0.000 0.000 0.000 0.000 0.000 0.000 0.000
-1.500 1.500 1.185 0.000 0.000 0.000 0.000 0.000 0.000 0.000 0.000
-1.500 1.500 1.185 0.000 0.000 0.000 0.000 0.000 0.000 0.000 0.000
-1.500 1.500 1.185 0.000 0.000 0.000 0.000 0.000 0.000 0.000 0.000
-1.500 1.500 1.185 0.000 0.000 0.000 0.000 0.000 0.000 0.000 0.000
-1.500 1.500 1.185 0.000 0.000 0.000 0.000 0.000 0.000 0.000 0.000
-1.500 1.500 1.185 0.000 0.000 0.000 0.000 0.000 0.000 0.000 0.000
-1.500 1.500 1.185 0.000 0.000 0.000 0.000 0.000 0.000 0.000 0.000
-1.500 1.500 1.185 0.000 0.000 0.000 0.000 0.000 0.000 0.000 0.000
-1.500 1.500 1.185 0.000 0.000 0.000 0.000 0.000 0.000 0.000 0.000
-1.500 1.500 1.185 0.000 0.000 0.000 0.000 0.000 0.000 0.000 0.000
-1.500 1.500 1.185 0.000 0.000 0.000 0.000 0.000 0.000 0.000 0.000
-1.500 1.500 1.185 0.000 0.000 0.000 0.000 0.000 0.000 0.000 0.000
-1.500 1.500 1.185 0.000 0.000 0.000 0.000 0.000 0.000 0.000 0.000
-1.500 1.500 1.185 0.000 0.000 0.000 0.000 0.000 0.000 0.000 0.000
-1.500 1.500 1.185 0.000 0.000 0.000 0.000 0.000 0.000 0.000 0.000
-1.500 1.500 1.185 0.000 0.000 0.000 0.000 0.000 0.000 0.000 0.000
-1.500 1.500 1.185 0.000 0.000 0.000 0.000 0.000 0.000 0.000 0.000
-1.500 1.500 1.185 0.000 0.000 0.000 0.000 0.000 0.000 0.000 0.000
-1.500 1.500 1.185 0.000 0.000 0.000 0.000 0.000 0.000 0.000 0.000
-1.500 1.500 1.185 0.000 0.000 0.000 0.000 0.000 0.000 0.000 0.000
-1.500 1.500 1.185 0.000 0.000 0.000 0.000 0.000 0.000 0.000 0.000
-1.500 1.500 1.185 0.000 0.000 0.000 0.000 0.000 0.000 0.000 0.000
-1.500 1.500 1.185 0.000 0.000 0.000 0.000 0.000 0.000 0.000 0.000
-1.500 1.500 1.185 0.000 0.000 0.000 0.000 0.000 0.000 0.000 0.000
-1.500 1.500 1.185 0.000 0.000 0.000 0.000 0.000 0.000 0.000 0.000
-1.500 1.500 1.185 0.000 0.000 0.000 0.000 0.000 0.000 0.000 0.000
-1.500 1.500 1.185 0.000 0.000 0.000 0.000 0.000 0.000 0.000 0.000
-1.500 1.500 1.185 0.000 0.000 0.000 0.000 0.000 0.000 0.000 0.000
-1.500 1.500 1.185 0.000 0.000 0.000 0.000 0.000 0.000 0.000 0.000
-1.500 1.500 1.185 0.000 0.000 0.000 0.000 0.000 0.000 0.000 0.000
-1.500 1.500 1.185 0.000 0.000 0.000 0.000 0.000 0.000 0.000 0.000
-1.500 1.500 1.185 0.000 0.000 0.000 0.000 0.000 0.000 0.000 0.000
-1.500 1.500 1.185 0.000 0.000 0.000 0.000 0.000 0.000 0.000 0.000
-1.500 1.500 1.185 0.000 0.000 0.000 0.000 0.000 0.000 0.000 0.000
-1.500 1.500 1.185 0.000 0.000 0.000 0.000 0.000 0.000 0.000 0.000
-1.500 1.500 1.185 0.000 0.000 0.000 0.000 0.000 0.000 0.000 0.000
-1.500 1.500 1.185 0.000 0.000 0.000 0.000 0.000 0.000 0.000 0.000
-1.500 1.500 1.185 0.000 0.000 0.000 0.000 0.000 0.000 0.000 0.000
-1.500 1.500 1.185 0.000 0.000 0.000 0.000 0.000 0.000 0.000 0.000
-1.500 1.500 1.185 0.000 0.000 0.000 0.000 0.000 0.000 0.000 0.000
-1.500 1.500 1.185 0.000 0.000 -0.000 0.003 0.001 0.000 0.000 0.000
-1.500 1.500 1.185 0.000 0.000 -0.000 0.010 0.002 0.000 0.000 0.000
-1.500 1.500 1.185 0.001 0.000 -0.000 0.022 0.003 0.000 0.000 0.000
-1.500 1.500 1.185 0.003 0.000 -0.000 0.037 0.002 0.000 0.000 0.000
-1.500 1.500 1.185 0.005 0.000 -0.000 0.055 0.000 0.000 0.000 0.000
-1.499 1.500 1.185 0.008 0.000 -0.000 0.075 -0.004 0.000 0.000 0.000
-1.499 1.500 1.185 0.012 -0.000 -0.000 0.097 -0.011 0.000 0.000 0.000
-1.498 1.500 1.185 0.018 -0.001 -0.000 0.120 -0.021 0.000 0.000 0.000
-1.497 1.500 1.185 0.024 -0.002 -0.000 0.143 -0.034 0.000 0.000 0.000
-1.496 1.500 1.185 0.032 -0.004 -0.000 0.167 -0.050 0.000 0.000 0.000
-1.494 1.500 1.185 0.041 -0.007 -0.000 0.191 -0.069 0.000 0.000 0.000
-1.492 1.499 1.185 0.051 -0.011 -0.000 0.214 -0.092 0.000 0.000 0.000
-1.489 1.498 1.185 0.062 -0.016 -0.000 0.236 -0.117 0.000 0.000 0.000
-1.485 1.497 1.185 0.075 -0.023 -0.000 0.257 -0.146 0.000 0.000 0.000
-1.481 1.496 1.185 0.088 -0.031 -0.000 0.277 -0.176 0.000 0.000 0.000
-1.476 1.494 1.185 0.103 -0.041 -0.000 0.296 -0.209 0.000 0.000 0.000
-1.471 1.492 1.185 0.118 -0.052 0.000 0.313 -0.243 0.000 0.000 0.000
-1.465 1.489 1.185 0.134 -0.065 0.000 0.328 -0.278 0.000 0.000 0.000
-1.458 1.485 1.185 0.151 -0.080 0.000 0.341 -0.315 0.000 0.000 0.000
-1.450 1.481 1.185 0.168 -0.097 0.000 0.353 -0.351 0.000 0.000 0.000
-1.441 1.476 1.185 0.186 -0.115 0.000 0.362 -0.387 0.000 0.000 0.000
-1.431 1.469 1.185 0.204 -0.135 0.000 0.369 -0.422 0.000 0.000 0.000
-1.420 1.462 1.185 0.223 -0.157 0.000 0.374 -0.456 0.000 0.000 0.000
-1.409 1.454 1.185 0.241 -0.181 0.000 0.377 -0.488 0.000 0.000 0.000
-1.396 1.444 1.185 0.260 -0.206 0.000 0.378 -0.517 -0.000 0.000 0.000
-1.383 1.433 1.185 0.279 -0.232 0.000 0.378 -0.543 -0.000 0.000 0.000
-1.368 1.421 1.185 0.298 -0.260 0.000 0.375 -0.565 -0.000 0.000 0.000
-1.353 1.407 1.185 0.317 -0.289 0.000 0.370 -0.583 -0.000 0.000 0.000
-1.337 1.392 1.185 0.335 -0.318 0.000 0.364 -0.597 -0.000 0.000 0.000
-1.319 1.375 1.185 0.353 -0.348 0.000 0.356 -0.606 -0.000 0.000 0.000
-1.301 1.357 1.185 0.371 -0.379 0.000 0.346 -0.609 -0.000 0.000 0.000
-1.282 1.337 1.185 0.388 -0.409 0.000 0.335 -0.607 -0.000 0.000 0.000
-1.263 1.316 1.185 0.404 -0.439 -0.000 0.323 -0.598 -0.000 0.000 0.000
-1.242 1.293 1.185 0.420 -0.469 -0.000 0.309 -0.583 -0.000 0.000 0.000
-1.221 1.269 1.185 0.435 -0.498 -0.000 0.295 -0.562 -0.000 0.000 0.000
-1.198 1.244 1.185 0.449 -0.525 -0.000 0.279 -0.535 -0.000 0.000 0.000
-1.176 1.217 1.185 0.463 -0.551 -0.000 0.263 -0.501 -0.000 0.000 0.000
-1.152 1.189 1.185 0.476 -0.575 -0.000 0.247 -0.461 -0.000 0.000 0.000
-1.128 1.159 1.185 0.487 -0.597 -0.000 0.230 -0.415 -0.000 0.000 0.000
-1.103 1.129 1.185 0.499 -0.616 -0.000 0.212 -0.363 -0.000 0.000 0.000
-1.078 1.098 1.185 0.509 -0.633 -0.000 0.194 -0.307 -0.000 0.000 0.000
-1.053 1.066 1.185 0.518 -0.647 -0.000 0.177 -0.245 -0.000 0.000 0.000
-1.027 1.033 1.185 0.526 -0.658 -0.000 0.159 -0.180 -0.000 0.000 0.000
-1.000 1.000 1.185 0.534 -0.665 -0.000 0.141 -0.111 -0.000 0.000 0.000
-0.973 0.967 1.185 0.541 -0.669 -0.000 0.124 -0.040 -0.000 0.000 0.000
-0.946 0.933 1.185 0.546 -0.669 -0.000 0.107 0.031 0.000 0.000 0.000
-0.919 0.900 1.185 0.551 -0.666 -0.000 0.090 0.103 0.000 0.000 0.000
-0.891 0.867 1.185 0.555 -0.659 -0.000 0.074 0.173 0.000 0.000 0.000
-0.863 0.834 1.185 0.559 -0.648 -0.000 0.058 0.240 0.000 0.000 0.000
-0.835 0.802 1.185 0.561 -0.635 -0.000 0.043 0.302 0.000 0.000 0.000
-0.807 0.771 1.185 0.563 -0.618 -0.000 0.028 0.359 0.000 0.000 0.000
-0.779 0.740 1.185 0.564 -0.599 -0.000 0.014 0.409 0.000 0.000 0.000
-0.751 0.711 1.185 0.564 -0.578 -0.000 0.001 0.451 0.000 0.000 0.000
-0.722 0.682 1.185 0.564 -0.554 -0.000 -0.012 0.483 0.000 0.000 0.000
-0.694 0.655 1.185 0.563 -0.529 -0.000 -0.024 0.504 0.000 0.000 0.000
-0.666 0.629 1.185 0.562 -0.504 -0.000 -0.036 0.514 0.000 0.000 0.000
-0.638 0.605 1.185 0.560 -0.478 -0.000 -0.047 0.512 0.000 0.000 0.000
-0.610 0.582 1.185 0.557 -0.453 0.000 -0.057 0.496 0.000 0.000 0.000
-0.582 0.560 1.185 0.554 -0.429 0.000 -0.066 0.468 0.000 0.000 0.000
-0.555 0.539 1.185 0.550 -0.406 0.000 -0.075 0.427 0.000 0.000 0.000
-0.527 0.519 1.185 0.546 -0.386 0.000 -0.082 0.373 0.000 0.000 0.000
-0.500 0.500 1.185 0.542 -0.369 0.000 -0.089 0.307 0.000 0.000 0.000
-0.473 0.482 1.185 0.538 -0.356 0.000 -0.095 0.231 0.000 0.000 0.000
-0.446 0.464 1.185 0.533 -0.346 0.000 -0.099 0.144 -0.000 0.000 0.000
-0.420 0.447 1.185 0.528 -0.341 0.000 -0.103 0.050 -0.000 0.000 0.000
-0.393 0.430 1.185 0.523 -0.341 0.000 -0.105 -0.049 -0.000 0.000 0.000
-0.367 0.413 1.185 0.517 -0.346 0.000 -0.105 -0.153 -0.000 0.000 0.000
-0.342 0.395 1.185 0.512 -0.357 0.000 -0.104 -0.257 -0.000 0.000 0.000
-0.316 0.377 1.185 0.507 -0.372 0.000 -0.102 -0.359 -0.000 0.000 0.000
-0.291 0.358 1.185 0.502 -0.393 -0.000 -0.097 -0.457 -0.000 0.000 0.000
-0.266 0.338 1.185 0.497 -0.418 -0.000 -0.092 -0.548 -0.000 0.000 0.000
-0.241 0.316 1.185 0.493 -0.447 -0.000 -0.084 -0.629 -0.000 0.000 0.000
-0.217 0.293 1.185 0.489 -0.480 -0.000 -0.074 -0.697 -0.000 0.000 0.000
-0.192 0.268 1.185 0.485 -0.517 -0.000 -0.063 -0.751 -0.000 0.000 0.000
-0.168 0.241 1.185 0.483 -0.555 -0.000 -0.050 -0.788 -0.000 0.000 0.000
-0.144 0.213 1.185 0.480 -0.595 -0.000 -0.035 -0.807 -0.000 0.000 0.000
-0.120 0.182 1.185 0.479 -0.636 -0.000 -0.018 -0.804 -0.000 0.000 0.000
-0.096 0.149 1.185 0.479 -0.675 -0.000 -0.000 -0.780 -0.000 0.000 0.000
-0.072 0.114 1.185 0.479 -0.713 -0.000 0.019 -0.733 -0.000 0.000 0.000
-0.048 0.078 1.185 0.481 -0.748 -0.000 0.039 -0.663 -0.000 0.000 0.000
-0.024 0.040 1.185 0.483 -0.779 -0.000 0.060 -0.571 -0.000 0.000 0.000
-0.000 -0.000 1.185 0.487 -0.805 -0.000 0.081 -0.456 -0.000 0.000 0.000
0.024 -0.041 1.185 0.491 -0.824 -0.000 0.102 -0.320 -0.000 0.000 0.000
0.049 -0.082 1.185 0.497 -0.837 -0.000 0.123 -0.166 -0.000 0.000 0.000
0.074 -0.124 1.185 0.503 -0.841 -0.000 0.142 0.004 -0.000 0.000 0.000
0.100 -0.166 1.185 0.511 -0.836 -0.000 0.160 0.187 -0.000 0.000 0.000
0.125 -0.208 1.185 0.519 -0.822 -0.000 0.175 0.379 0.000 0.000 0.000
0.151 -0.248 1.185 0.528 -0.798 -0.000 0.187 0.576 0.000 0.000 0.000
0.178 -0.287 1.185 0.538 -0.764 -0.000 0.196 0.774 0.000 0.000 0.000
0.205 -0.325 1.185 0.548 -0.721 -0.000 0.200 0.969 0.000 0.000 0.000
0.233 -0.359 1.185 0.558 -0.667 -0.000 0.201 1.157 0.000 0.000 0.000
0.261 -0.391 1.185 0.568 -0.605 -0.000 0.196 1.332 0.000 0.000 0.000
0.290 -0.420 1.185 0.577 -0.534 -0.000 0.186 1.492 0.000 0.000 0.000
0.319 -0.444 1.185 0.586 -0.456 -0.000 0.170 1.631 0.000 0.000 0.000
0.348 -0.465 1.185 0.594 -0.372 -0.000 0.149 1.747 0.000 0.000 0.000
0.378 -0.481 1.185 0.601 -0.282 -0.000 0.122 1.836 0.000 0.000 0.000
0.408 -0.493 1.185 0.607 -0.189 -0.000 0.091 1.896 0.000 0.000 0.000
0.439 -0.500 1.185 0.610 -0.093 -0.000 0.054 1.924 0.000 0.000 0.000
0.469 -0.503 1.185 0.612 0.003 -0.000 0.013 1.919 0.000 0.000 0.000
0.500 -0.500 1.185 0.611 0.098 -0.000 -0.032 1.880 0.000 0.000 0.000
0.531 -0.493 1.185 0.609 0.191 0.000 -0.079 1.809 0.000 0.000 0.000
0.561 -0.481 1.185 0.603 0.279 0.000 -0.127 1.705 0.000 0.000 0.000
0.591 -0.465 1.185 0.596 0.361 0.000 -0.175 1.572 0.000 0.000 0.000
0.620 -0.445 1.185 0.586 0.435 0.000 -0.221 1.412 0.000 0.000 0.000
0.649 -0.422 1.185 0.574 0.502 0.000 -0.264 1.228 0.000 0.000 0.000
0.678 -0.395 1.185 0.560 0.558 0.000 -0.301 1.024 0.000 0.000 0.000
0.705 -0.366 1.185 0.544 0.604 0.000 -0.332 0.806 0.000 0.000 0.000
0.732 -0.335 1.185 0.527 0.638 0.000 -0.353 0.578 0.000 0.000 0.000
0.758 -0.302 1.185 0.509 0.661 0.000 -0.364 0.345 -0.000 0.000 0.000
0.783 -0.269 1.185 0.490 0.673 0.000 -0.364 0.111 -0.000 0.000 0.000
0.807 -0.235 1.185 0.472 0.673 0.000 -0.351 -0.117 -0.000 0.000 0.000
0.830 -0.202 1.185 0.456 0.661 0.000 -0.323 -0.335 -0.000 0.000 0.000
0.853 -0.169 1.185 0.440 0.639 0.000 -0.282 -0.538 -0.000 0.000 0.000
0.874 -0.138 1.185 0.428 0.608 0.000 -0.225 -0.722 -0.000 0.000 0.000
0.895 -0.109 1.185 0.418 0.568 0.000 -0.154 -0.882 -0.000 0.000 0.000
0.916 -0.081 1.185 0.412 0.520 0.000 -0.069 -1.015 -0.000 0.000 0.000
0.937 -0.057 1.185 0.411 0.467 0.000 0.028 -1.118 -0.000 0.000 0.000
0.957 -0.035 1.185 0.415 0.409 0.000 0.138 -1.190 -0.000 0.000 0.000
0.978 -0.016 1.185 0.425 0.348 0.000 0.255 -1.229 -0.000 0.000 0.000
1.000 -0.000 1.185 0.441 0.286 0.000 0.379 -1.235 -0.000 0.000 0.000
1.023 0.013 1.185 0.463 0.225 0.000 0.505 -1.209 -0.000 0.000 0.000
1.046 0.023 1.185 0.492 0.166 0.000 0.629 -1.152 -0.000 0.000 0.000
1.072 0.029 1.185 0.526 0.110 0.000 0.745 -1.069 -0.000 0.000 0.000
1.099 0.034 1.185 0.566 0.060 -0.000 0.849 -0.963 -0.000 0.000 0.000
1.129 0.036 1.185 0.611 0.015 -0.000 0.935 -0.838 -0.000 0.000 0.000
1.160 0.035 1.185 0.659 -0.024 -0.000 0.999 -0.700 -0.000 0.000 0.000
1.194 0.033 1.185 0.710 -0.055 -0.000 1.034 -0.554 -0.000 0.000 0.000
1.231 0.030 1.185 0.762 -0.079 -0.000 1.037 -0.405 0.000 0.000 0.000
1.271 0.025 1.185 0.813 -0.096 -0.000 1.004 -0.259 0.000 0.000 0.000
1.313 0.020 1.185 0.862 -0.105 -0.000 0.933 -0.121 0.000 0.000 0.000
1.357 0.015 1.185 0.906 -0.108 -0.000 0.822 0.005 0.000 0.000 0.000
1.403 0.010 1.185 0.943 -0.105 -0.000 0.671 0.113 0.000 0.000 0.000
1.451 0.005 1.185 0.972 -0.097 0.000 0.483 0.203 0.000 0.000 0.000
1.500 -0.000 1.185 0.991 -0.085 0.000 0.262 0.270 0.000 0.000 0.000
1.550 -0.004 1.185 0.998 -0.071 0.000 0.012 0.314 0.000 0.000 0.000
1.600 -0.007 1.185 0.992 -0.054 0.000 -0.257 0.335 0.000 0.000 0.000
1.649 -0.009 1.185 0.972 -0.037 0.000 -0.537 0.335 0.000 0.000 0.000
1.697 -0.011 1.185 0.938 -0.021 0.000 -0.815 0.316 0.000 0.000 0.000
1.742 -0.011 1.185 0.891 -0.006 0.000 -1.080 0.281 0.000 0.000 0.000
1.785 -0.011 1.185 0.830 0.007 0.000 -1.321 0.234 -0.000 0.000 0.000
1.825 -0.011 1.185 0.759 0.017 0.000 -1.525 0.179 -0.000 0.000 0.000
1.861 -0.010 1.185 0.679 0.025 0.000 -1.682 0.120 -0.000 0.000 0.000
1.893 -0.008 1.185 0.592 0.029 0.000 -1.784 0.061 -0.000 0.000 0.000
1.920 -0.007 1.185 0.501 0.031 0.000 -1.824 0.007 -0.000 0.000 0.000
1.943 -0.005 1.185 0.411 0.030 0.000 -1.798 -0.039 -0.000 0.000 0.000
1.961 -0.004 1.185 0.323 0.027 0.000 -1.705 -0.075 -0.000 0.000 0.000
1.975 -0.003 1.185 0.241 0.023 -0.000 -1.549 -0.098 -0.000 0.000 0.000
1.986 -0.002 1.185 0.169 0.018 -0.000 -1.336 -0.107 -0.000 0.000 0.000
1.993 -0.001 1.185 0.108 0.012 -0.000 -1.080 -0.103 -0.000 0.000 0.000
1.997 -0.000 1.185 0.061 0.007 -0.000 -0.798 -0.087 -0.000 0.000 0.000
1.999 -0.000 1.185 0.028 0.004 -0.000 -0.515 -0.062 -0.000 0.000 0.000
2.000 -0.000 1.185 0.009 0.001 -0.000 -0.261 -0.034 -0.000 0.000 0.000
2.000 -0.000 1.185 0.001 0.000 -0.000 -0.074 -0.010 -0.000 0.000 0.000
2.000 -0.000 1.185 0.000 0.000 -0.000 -0.000 0.000 0.000 0.000 0.000
2.000 0.000 1.185 0.000 0.000 0.000 0.000 0.000 0.000 0.000 0.000
2.000 0.000 1.185 0.000 0.000 0.000 0.000 0.000 0.000 0.000 0.000
2.000 0.000 1.185 0.000 0.000 0.000 0.000 0.000 0.000 0.000 0.000
2.000 0.000 1.185 0.000 0.000 0.000 0.000 0.000 0.000 0.000 0.000
2.000 0.000 1.185 0.000 0.000 0.000 0.000 0.000 0.000 0.000 0.000
2.000 0.000 1.185 0.000 0.000 0.000 0.000 0.000 0.000 0.000 0.000
2.000 0.000 1.185 0.000 0.000 0.000 0.000 0.000 0.000 0.000 0.000
2.000 0.000 1.185 0.000 0.000 0.000 0.000 0.000 0.000 0.000 0.000
2.000 0.000 1.185 0.000 0.000 0.000 0.000 0.000 0.000 0.000 0.000
2.000 0.000 1.185 0.000 0.000 0.000 0.000 0.000 0.000 0.000 0.000
2.000 0.000 1.185 0.000 0.000 0.000 0.000 0.000 0.000 0.000 0.000
2.000 0.000 1.185 0.000 0.000 0.000 0.000 0.000 0.000 0.000 0.000
2.000 0.000 1.185 0.000 0.000 0.000 0.000 0.000 0.000 0.000 0.000
2.000 0.000 1.185 0.000 0.000 0.000 0.000 0.000 0.000 0.000 0.000
2.000 0.000 1.185 0.000 0.000 0.000 0.000 0.000 0.000 0.000 0.000
2.000 0.000 1.185 0.000 0.000 0.000 0.000 0.000 0.000 0.000 0.000
2.000 0.000 1.185 0.000 0.000 0.000 0.000 0.000 0.000 0.000 0.000
2.000 0.000 1.185 0.000 0.000 0.000 0.000 0.000 0.000 0.000 0.000
2.000 0.000 1.185 0.000 0.000 0.000 0.000 0.000 0.000 0.000 0.000
2.000 0.000 1.185 0.000 0.000 0.000 0.000 0.000 0.000 0.000 0.000
2.000 0.000 1.185 0.000 0.000 0.000 0.000 0.000 0.000 0.000 0.000
2.000 0.000 1.185 0.000 0.000 0.000 0.000 0.000 0.000 0.000 0.000
2.000 0.000 1.185 0.000 0.000 0.000 0.000 0.000 0.000 0.000 0.000
2.000 0.000 1.185 0.000 0.000 0.000 0.000 0.000 0.000 0.000 0.000
2.000 0.000 1.185 0.000 0.000 0.000 0.000 0.000 0.000 0.000 0.000
2.000 0.000 1.185 0.000 0.000 0.000 0.000 0.000 0.000 0.000 0.000
2.000 0.000 1.185 0.000 0.000 0.000 0.000 0.000 0.000 0.000 0.000
2.000 0.000 1.185 0.000 0.000 0.000 0.000 0.000 0.000 0.000 0.000
2.000 0.000 1.185 0.000 0.000 0.000 0.000 0.000 0.000 0.000 0.000
2.000 0.000 1.185 0.000 0.000 0.000 0.000 0.000 0.000 0.000 0.000
2.000 0.000 1.185 0.000 0.000 0.000 0.000 0.000 0.000 0.000 0.000
2.000 0.000 1.185 0.000 0.000 0.000 0.000 0.000 0.000 0.000 0.000
2.000 0.000 1.185 0.000 0.000 0.000 0.000 0.000 0.000 0.000 0.000
2.000 0.000 1.185 0.000 0.000 0.000 0.000 0.000 0.000 0.000 0.000
2.000 0.000 1.185 0.000 0.000 0.000 0.000 0.000 0.000 0.000 0.000
2.000 0.000 1.185 0.000 0.000 0.000 0.000 0.000 0.000 0.000 0.000
2.000 0.000 1.185 0.000 0.000 0.000 0.000 0.000 0.000 0.000 0.000
2.000 0.000 1.185 0.000 0.000 0.000 0.000 0.000 0.000 0.000 0.000
2.000 0.000 1.185 0.000 0.000 0.000 0.000 0.000 0.000 0.000 0.000
2.000 0.000 1.185 0.000 0.000 0.000 0.000 0.000 0.000 0.000 0.000
2.000 0.000 1.185 0.000 0.000 0.000 0.000 0.000 0.000 0.000 0.000
2.000 0.000 1.185 0.000 0.000 0.000 0.000 0.000 0.000 0.000 0.000
2.000 0.000 1.185 0.000 0.000 0.000 0.000 0.000 0.000 0.000 0.000
2.000 0.000 1.185 0.000 0.000 0.000 0.000 0.000 0.000 0.000 0.000
2.000 0.000 1.185 0.000 0.000 0.000 0.000 0.000 0.000 0.000 0.000
2.000 0.000 1.185 0.000 0.000 0.000 0.000 0.000 0.000 0.000 0.000
2.000 0.000 1.185 0.000 0.000 0.000 0.000 0.000 0.000 0.000 0.000
2.000 0.000 1.185 0.000 0.000 0.000 0.000 0.000 0.000 0.000 0.000
2.000 0.000 1.185 0.000 0.000 0.000 0.000 0.000 0.000 0.000 0.000
2.000 0.000 1.185 0.000 0.000 0.000 0.000 0.000 0.000 0.000 0.000
2.000 0.000 1.185 0.000 0.000 0.000 0.000 0.000 0.000 0.000 0.000
2.000 0.000 1.185 0.000 0.000 0.000 0.000 0.000 0.000 0.000 0.000
2.000 0.000 1.185 0.000 0.000 0.000 0.000 0.000 0.000 0.000 0.000
2.000 0.000 1.185 0.000 0.000 0.000 0.000 0.000 0.000 0.000 0.000
2.000 0.000 1.185 0.000 0.000 0.000 0.000 0.000 0.000 0.000 0.000
2.000 0.000 1.185 0.000 0.000 0.000 0.000 0.000 0.000 0.000 0.000
2.000 0.000 1.185 0.000 0.000 0.000 0.000 0.000 0.000 0.000 0.000
2.000 0.000 1.185 0.000 0.000 0.000 0.000 0.000 0.000 0.000 0.000
2.000 0.000 1.185 0.000 0.000 0.000 0.000 0.000 0.000 0.000 0.000
2.000 0.000 1.185 0.000 0.000 0.000 0.000 0.000 0.000 0.000 0.000
2.000 -0.000 1.185 -0.000 -0.000 0.000 -0.008 -0.008 0.000 0.000 0.000
2.000 -0.000 1.185 -0.001 -0.001 0.000 -0.028 -0.029 0.001 0.000 0.000
2.000 -0.000 1.185 -0.003 -0.003 0.000 -0.059 -0.061 0.003 0.000 0.000
2.000 -0.000 1.185 -0.007 -0.007 0.000 -0.098 -0.100 0.004 0.000 0.000
1.999 -0.001 1.185 -0.013 -0.013 0.001 -0.142 -0.145 0.006 0.000 0.000
1.998 -0.002 1.185 -0.021 -0.022 0.001 -0.189 -0.193 0.007 0.000 0.000
1.997 -0.003 1.185 -0.032 -0.033 0.001 -0.238 -0.242 0.009 0.000 0.000
1.995 -0.005 1.185 -0.045 -0.046 0.002 -0.286 -0.291 0.010 0.000 0.000
1.992 -0.008 1.185 -0.061 -0.062 0.002 -0.333 -0.339 0.010 0.000 0.000
1.989 -0.011 1.185 -0.078 -0.080 0.003 -0.377 -0.383 0.010 0.000 0.000
1.985 -0.016 1.186 -0.098 -0.100 0.003 -0.418 -0.423 0.010 0.000 0.000
1.979 -0.021 1.186 -0.120 -0.122 0.004 -0.454 -0.459 0.009 0.000 0.000
1.973 -0.028 1.186 -0.144 -0.146 0.004 -0.485 -0.489 0.008 0.000 0.000
1.965 -0.036 1.186 -0.168 -0.171 0.005 -0.510 -0.514 0.007 0.000 0.000
1.956 -0.045 1.186 -0.194 -0.197 0.005 -0.530 -0.532 0.005 0.000 0.000
1.945 -0.056 1.187 -0.221 -0.224 0.005 -0.543 -0.544 0.002 0.000 0.000
1.934 -0.067 1.187 -0.249 -0.251 0.005 -0.550 -0.550 -0.000 0.000 0.000
1.920 -0.081 1.187 -0.276 -0.279 0.005 -0.552 -0.550 -0.003 0.000 0.000
1.906 -0.095 1.187 -0.304 -0.306 0.005 -0.547 -0.544 -0.006 0.000 0.000
1.890 -0.111 1.188 -0.331 -0.333 0.004 -0.537 -0.532 -0.009 0.000 0.000
1.873 -0.129 1.188 -0.357 -0.359 0.004 -0.521 -0.515 -0.012 0.000 0.000
1.854 -0.147 1.188 -0.383 -0.385 0.003 -0.501 -0.493 -0.015 0.000 0.000
1.835 -0.167 1.188 -0.407 -0.409 0.002 -0.476 -0.467 -0.018 0.000 0.000
1.814 -0.188 1.188 -0.430 -0.431 0.002 -0.448 -0.437 -0.020 0.000 0.000
1.792 -0.210 1.188 -0.452 -0.452 0.000 -0.416 -0.405 -0.022 0.000 0.000
1.768 -0.233 1.188 -0.472 -0.472 -0.001 -0.382 -0.370 -0.024 0.000 0.000
1.744 -0.257 1.188 -0.490 -0.489 -0.002 -0.346 -0.333 -0.025 0.000 0.000
1.719 -0.282 1.188 -0.507 -0.505 -0.003 -0.309 -0.296 -0.026 0.000 0.000
1.694 -0.308 1.188 -0.521 -0.519 -0.005 -0.271 -0.258 -0.026 0.000 0.000
1.667 -0.334 1.188 -0.534 -0.531 -0.006 -0.233 -0.221 -0.025 0.000 0.000
1.640 -0.361 1.187 -0.544 -0.541 -0.007 -0.196 -0.184 -0.024 0.000 0.000
1.613 -0.388 1.187 -0.553 -0.549 -0.008 -0.160 -0.149 -0.022 0.000 0.000
1.585 -0.416 1.187 -0.560 -0.556 -0.009 -0.126 -0.116 -0.019 0.000 0.000
1.557 -0.444 1.186 -0.566 -0.561 -0.010 -0.094 -0.086 -0.016 0.000 0.000
1.529 -0.472 1.186 -0.570 -0.564 -0.011 -0.064 -0.059 -0.012 0.000 0.000
1.500 -0.500 1.185 -0.572 -0.567 -0.011 -0.037 -0.034 -0.007 0.000 0.000
1.471 -0.528 1.184 -0.574 -0.568 -0.012 -0.013 -0.013 -0.002 0.000 0.000
1.443 -0.557 1.184 -0.574 -0.568 -0.012 0.007 0.004 0.004 0.000 0.000
1.414 -0.585 1.183 -0.573 -0.567 -0.011 0.024 0.019 0.010 0.000 0.000
1.385 -0.614 1.183 -0.571 -0.566 -0.011 0.038 0.030 0.016 0.000 0.000
1.357 -0.642 1.182 -0.569 -0.565 -0.010 0.050 0.038 0.022 0.000 0.000
1.328 -0.670 1.182 -0.566 -0.563 -0.008 0.058 0.043 0.028 0.000 0.000
1.300 -0.698 1.181 -0.563 -0.560 -0.007 0.063 0.046 0.034 0.000 0.000
1.272 -0.726 1.181 -0.560 -0.558 -0.005 0.067 0.046 0.040 0.000 0.000
1.244 -0.754 1.181 -0.557 -0.556 -0.003 0.068 0.046 0.045 0.000 0.000
1.216 -0.782 1.181 -0.553 -0.553 -0.000 0.068 0.044 0.050 0.000 0.000
1.189 -0.809 1.181 -0.550 -0.551 0.002 0.066 0.041 0.053 0.000 0.000
1.161 -0.837 1.181 -0.547 -0.549 0.005 0.064 0.038 0.056 0.000 0.000
1.134 -0.864 1.181 -0.544 -0.548 0.008 0.061 0.035 0.057 0.000 0.000
1.107 -0.891 1.182 -0.541 -0.546 0.011 0.057 0.033 0.057 0.000 0.000
1.080 -0.919 1.182 -0.538 -0.544 0.013 0.054 0.031 0.056 0.000 0.000
1.053 -0.946 1.183 -0.535 -0.543 0.016 0.052 0.030 0.053 0.000 0.000
1.027 -0.973 1.184 -0.533 -0.541 0.019 0.049 0.031 0.048 0.000 0.000
1.000 -1.000 1.185 -0.530 -0.540 0.021 0.048 0.034 0.043 0.000 0.000
0.974 -1.027 1.186 -0.528 -0.538 0.023 0.048 0.037 0.035 0.000 0.000
0.947 -1.054 1.187 -0.526 -0.536 0.024 0.048 0.043 0.026 0.000 0.000
0.921 -1.081 1.189 -0.523 -0.534 0.025 0.050 0.050 0.016 0.000 0.000
0.895 -1.107 1.190 -0.521 -0.531 0.026 0.052 0.058 0.004 0.000 0.000
0.869 -1.134 1.191 -0.518 -0.528 0.026 0.055 0.067 -0.009 0.000 0.000
0.843 -1.160 1.192 -0.515 -0.524 0.025 0.059 0.077 -0.024 0.000 0.000
0.817 -1.186 1.194 -0.512 -0.520 0.023 0.063 0.087 -0.039 0.000 0.000
0.792 -1.212 1.195 -0.509 -0.515 0.021 0.067 0.097 -0.055 0.000 0.000
0.767 -1.238 1.196 -0.505 -0.510 0.018 0.071 0.106 -0.072 0.000 0.000
0.741 -1.263 1.196 -0.502 -0.505 0.014 0.074 0.115 -0.090 0.000 0.000
0.716 -1.288 1.197 -0.498 -0.499 0.009 0.077 0.122 -0.107 0.000 0.000
0.692 -1.313 1.197 -0.494 -0.493 0.003 0.079 0.127 -0.125 0.000 0.000
0.667 -1.337 1.197 -0.490 -0.486 -0.004 0.080 0.130 -0.142 0.000 0.000
0.643 -1.361 1.197 -0.486 -0.480 -0.011 0.079 0.130 -0.160 0.000 0.000
0.618 -1.385 1.196 -0.482 -0.473 -0.020 0.076 0.128 -0.176 0.000 0.000
0.594 -1.409 1.195 -0.478 -0.467 -0.029 0.072 0.123 -0.192 0.000 0.000
0.571 -1.432 1.193 -0.475 -0.461 -0.039 0.066 0.114 -0.207 0.000 0.000
0.547 -1.455 1.191 -0.472 -0.456 -0.050 0.057 0.102 -0.221 0.000 0.000
0.523 -1.478 1.188 -0.469 -0.451 -0.061 0.047 0.086 -0.234 0.000 0.000
0.500 -1.500 1.185 -0.467 -0.447 -0.073 0.035 0.067 -0.245 0.000 0.000
0.477 -1.522 1.181 -0.466 -0.444 -0.085 0.021 0.045 -0.254 0.000 0.000
0.453 -1.544 1.176 -0.465 -0.443 -0.098 0.005 0.020 -0.262 0.000 0.000
0.430 -1.567 1.171 -0.465 -0.442 -0.112 -0.012 -0.008 -0.268 0.000 0.000
0.407 -1.589 1.165 -0.466 -0.443 -0.125 -0.030 -0.037 -0.273 0.000 0.000
0.384 -1.611 1.159 -0.468 -0.446 -0.139 -0.048 -0.068 -0.275 0.000 0.000
0.360 -1.633 1.151 -0.471 -0.450 -0.153 -0.067 -0.099 -0.275 0.000 0.000
0.336 -1.656 1.143 -0.475 -0.456 -0.166 -0.085 -0.130 -0.274 0.000 0.000
0.313 -1.679 1.135 -0.480 -0.463 -0.180 -0.102 -0.161 -0.271 0.000 0.000
0.288 -1.702 1.125 -0.485 -0.472 -0.193 -0.117 -0.190 -0.265 0.000 0.000
0.264 -1.726 1.115 -0.491 -0.482 -0.206 -0.131 -0.216 -0.258 0.000 0.000
0.239 -1.751 1.105 -0.498 -0.494 -0.219 -0.143 -0.240 -0.249 0.000 0.000
0.214 -1.776 1.094 -0.505 -0.506 -0.231 -0.151 -0.259 -0.239 0.000 0.000
0.189 -1.801 1.082 -0.513 -0.519 -0.243 -0.157 -0.274 -0.226 0.000 0.000
0.163 -1.828 1.069 -0.521 -0.533 -0.254 -0.158 -0.283 -0.213 0.000 0.000
0.137 -1.855 1.056 -0.529 -0.548 -0.264 -0.156 -0.287 -0.198 0.000 0.000
0.110 -1.882 1.043 -0.537 -0.562 -0.274 -0.150 -0.284 -0.181 0.000 0.000
0.083 -1.911 1.029 -0.544 -0.576 -0.282 -0.139 -0.274 -0.164 0.000 0.000
0.056 -1.940 1.015 -0.550 -0.589 -0.290 -0.124 -0.257 -0.145 0.000 0.000
0.028 -1.970 1.000 -0.556 -0.601 -0.297 -0.105 -0.232 -0.126 0.000 0.000
-0.000 -2.000 0.985 -0.561 -0.612 -0.303 -0.082 -0.199 -0.107 0.000 0.000
-0.028 -2.031 0.970 -0.564 -0.621 -0.307 -0.055 -0.159 -0.087 0.000 0.000
-0.056 -2.062 0.954 -0.566 -0.628 -0.311 -0.024 -0.112 -0.067 0.000 0.000
-0.085 -2.094 0.939 -0.567 -0.632 -0.314 0.009 -0.058 -0.047 0.000 0.000
-0.113 -2.125 0.923 -0.565 -0.634 -0.316 0.044 0.003 -0.028 0.000 0.000
-0.141 -2.157 0.907 -0.562 -0.632 -0.317 0.080 0.070 -0.009 0.000 0.000
-0.169 -2.188 0.891 -0.557 -0.627 -0.317 0.117 0.142 0.009 0.000 0.000
-0.197 -2.220 0.875 -0.551 -0.618 -0.316 0.154 0.219 0.026 0.000 0.000
-0.224 -2.250 0.860 -0.542 -0.605 -0.314 0.189 0.299 0.041 0.000 0.000
-0.251 -2.280 0.844 -0.532 -0.588 -0.312 0.222 0.382 0.056 0.000 0.000
-0.277 -2.309 0.828 -0.520 -0.566 -0.309 0.251 0.466 0.068 0.000 0.000
-0.303 -2.336 0.813 -0.507 -0.541 -0.305 0.277 0.551 0.078 0.000 0.000
-0.328 -2.363 0.798 -0.492 -0.511 -0.301 0.298 0.636 0.087 0.000 0.000
-0.352 -2.388 0.783 -0.477 -0.477 -0.297 0.314 0.718 0.093 0.000 0.000
-0.376 -2.411 0.768 -0.461 -0.440 -0.292 0.323 0.799 0.097 0.000 0.000
-0.398 -2.431 0.754 -0.445 -0.398 -0.287 0.325 0.875 0.099 0.000 0.000
-0.420 -2.450 0.740 -0.429 -0.352 -0.282 0.320 0.947 0.098 0.000 0.000
-0.441 -2.467 0.726 -0.413 -0.303 -0.277 0.307 1.014 0.095 0.000 0.000
-0.462 -2.480 0.712 -0.398 -0.251 -0.272 0.287 1.074 0.090 0.000 0.000
-0.481 -2.492 0.698 -0.384 -0.196 -0.268 0.259 1.126 0.083 0.000 0.000
-0.500 -2.500 0.685 -0.372 -0.138 -0.264 0.223 1.170 0.073 0.000 0.000
-0.518 -2.505 0.672 -0.362 -0.079 -0.261 0.181 1.206 0.062 0.000 0.000
-0.536 -2.508 0.659 -0.354 -0.018 -0.258 0.132 1.233 0.049 0.000 0.000
-0.554 -2.507 0.646 -0.349 0.044 -0.256 0.078 1.249 0.035 0.000 0.000
-0.571 -2.503 0.633 -0.347 0.107 -0.255 0.019 1.256 0.020 0.000 0.000
-0.589 -2.497 0.621 -0.347 0.170 -0.254 -0.042 1.253 0.004 0.000 0.000
-0.606 -2.486 0.608 -0.351 0.232 -0.254 -0.106 1.239 -0.011 0.000 0.000
-0.624 -2.473 0.595 -0.358 0.293 -0.255 -0.169 1.215 -0.027 0.000 0.000
-0.642 -2.457 0.582 -0.368 0.353 -0.257 -0.232 1.181 -0.042 0.000 0.000
-0.660 -2.438 0.569 -0.381 0.411 -0.259 -0.292 1.137 -0.055 0.000 0.000
-0.680 -2.416 0.556 -0.397 0.467 -0.262 -0.348 1.083 -0.067 0.000 0.000
-0.700 -2.391 0.543 -0.416 0.519 -0.266 -0.398 1.020 -0.077 0.000 0.000
-0.722 -2.364 0.530 -0.437 0.569 -0.270 -0.441 0.948 -0.085 0.000 0.000
-0.744 -2.335 0.516 -0.459 0.614 -0.274 -0.475 0.868 -0.089 0.000 0.000
-0.767 -2.303 0.502 -0.484 0.655 -0.279 -0.500 0.781 -0.091 0.000 0.000
-0.792 -2.269 0.488 -0.509 0.692 -0.283 -0.513 0.687 -0.090 0.000 0.000
-0.818 -2.234 0.474 -0.535 0.724 -0.288 -0.516 0.586 -0.085 0.000 0.000
-0.846 -2.197 0.460 -0.561 0.751 -0.292 -0.505 0.481 -0.076 0.000 0.000
-0.874 -2.159 0.445 -0.585 0.772 -0.295 -0.482 0.371 -0.064 0.000 0.000
-0.904 -2.120 0.430 -0.609 0.788 -0.298 -0.445 0.259 -0.047 0.000 0.000
-0.935 -2.080 0.415 -0.630 0.798 -0.300 -0.396 0.144 -0.028 0.000 0.000
-0.967 -2.040 0.400 -0.648 0.802 -0.301 -0.334 0.029 -0.004 0.000 0.000
-1.000 -2.000 0.385 -0.663 0.801 -0.300 -0.260 -0.086 0.022 0.000 0.000
-1.033 -1.960 0.370 -0.674 0.793 -0.299 -0.175 -0.199 0.051 0.000 0.000
-1.067 -1.921 0.355 -0.680 0.781 -0.295 -0.081 -0.310 0.083 0.000 0.000
-1.101 -1.882 0.341 -0.682 0.763 -0.290 0.020 -0.415 0.116 0.000 0.000
-1.135 -1.845 0.326 -0.678 0.739 -0.284 0.127 -0.515 0.150 0.000 0.000
-1.169 -1.808 0.312 -0.669 0.711 -0.275 0.236 -0.608 0.184 0.000 0.000
-1.202 -1.774 0.299 -0.654 0.679 -0.265 0.346 -0.692 0.217 0.000 0.000
-1.234 -1.740 0.286 -0.634 0.642 -0.254 0.454 -0.766 0.249 0.000 0.000
-1.266 -1.709 0.273 -0.609 0.602 -0.240 0.556 -0.830 0.279 0.000 0.000
-1.295 -1.680 0.262 -0.579 0.559 -0.226 0.651 -0.881 0.305 0.000 0.000
-1.323 -1.653 0.251 -0.544 0.514 -0.210 0.736 -0.920 0.328 0.000 0.000
-1.350 -1.629 0.241 -0.506 0.468 -0.193 0.808 -0.945 0.346 0.000 0.000
-1.374 -1.607 0.231 -0.464 0.420 -0.175 0.866 -0.956 0.359 0.000 0.000
-1.396 -1.587 0.223 -0.419 0.372 -0.157 0.908 -0.952 0.367 0.000 0.000
-1.416 -1.569 0.216 -0.373 0.325 -0.139 0.932 -0.935 0.368 0.000 0.000
-1.433 -1.554 0.209 -0.326 0.279 -0.121 0.937 -0.903 0.363 0.000 0.000
-1.448 -1.542 0.204 -0.280 0.235 -0.103 0.923 -0.857 0.352 0.000 0.000
-1.461 -1.531 0.199 -0.234 0.194 -0.085 0.889 -0.799 0.335 0.000 0.000
-1.472 -1.522 0.195 -0.191 0.155 -0.069 0.837 -0.730 0.311 0.000 0.000
-1.480 -1.515 0.192 -0.151 0.121 -0.054 0.767 -0.651 0.282 0.000 0.000
-1.487 -1.510 0.190 -0.115 0.090 -0.041 0.683 -0.565 0.249 0.000 0.000
-1.492 -1.506 0.188 -0.083 0.064 -0.030 0.585 -0.473 0.212 0.000 0.000
-1.495 -1.503 0.187 -0.056 0.043 -0.020 0.480 -0.379 0.172 0.000 0.000
-1.498 -1.502 0.186 -0.035 0.026 -0.012 0.370 -0.286 0.132 0.000 0.000
-1.499 -1.501 0.185 -0.019 0.014 -0.007 0.262 -0.199 0.093 0.000 0.000
-1.500 -1.500 0.185 -0.009 0.006 -0.003 0.162 -0.121 0.057 0.000 0.000
-1.500 -1.500 0.185 -0.003 0.002 -0.001 0.079 -0.058 0.028 0.000 0.000
-1.500 -1.500 0.185 -0.000 0.000 -0.000 0.022 -0.016 0.008 0.000 0.000
-1.500 -1.500 0.185 0.000 -0.000 -0.000 0.000 -0.000 -0.000 0.000 0.000
-1.500 -1.500 0.185 -0.000 -0.000 -0.000 -0.000 -0.000 -0.000 0.000 0.000
-1.500 -1.500 0.185 -0.000 -0.000 -0.000 -0.000 -0.000 -0.001 0.000 0.000
-1.500 -1.500 0.185 -0.000 -0.000 -0.000 -0.000 -0.000 -0.002 0.000 0.000
-1.500 -1.500 0.185 -0.000 -0.000 -0.000 -0.000 -0.000 -0.003 0.000 0.000
-1.500 -1.500 0.185 -0.000 -0.000 -0.000 -0.000 -0.000 -0.004 0.000 0.000
-1.500 -1.500 0.185 -0.000 -0.000 -0.001 -0.000 -0.000 -0.006 0.000 0.000
-1.500 -1.500 0.185 -0.000 -0.000 -0.001 -0.000 -0.000 -0.008 0.000 0.000
-1.500 -1.500 0.185 -0.000 -0.000 -0.001 -0.000 -0.000 -0.011 0.000 0.000
-1.500 -1.500 0.185 -0.000 -0.000 -0.002 -0.000 -0.000 -0.013 0.000 0.000
-1.500 -1.500 0.185 -0.000 -0.000 -0.003 -0.000 -0.000 -0.016 0.000 0.000
-1.500 -1.500 0.184 -0.000 -0.000 -0.004 -0.000 -0.000 -0.018 0.000 0.000
-1.500 -1.500 0.184 -0.000 -0.000 -0.005 -0.000 -0.000 -0.021 0.000 0.000
-1.500 -1.500 0.184 -0.000 -0.000 -0.006 -0.000 -0.000 -0.024 0.000 0.000
-1.500 -1.500 0.184 -0.000 -0.000 -0.007 -0.000 -0.000 -0.027 0.000 0.000
-1.500 -1.500 0.183 -0.000 -0.000 -0.008 -0.000 -0.000 -0.030 0.000 0.000
-1.500 -1.500 0.183 -0.000 -0.000 -0.010 -0.000 -0.000 -0.033 0.000 0.000
-1.500 -1.500 0.182 -0.000 -0.000 -0.012 -0.000 -0.000 -0.036 0.000 0.000
-1.500 -1.500 0.182 -0.000 -0.000 -0.014 -0.000 -0.000 -0.040 0.000 0.000
-1.500 -1.500 0.181 -0.000 -0.000 -0.016 -0.000 -0.000 -0.043 0.000 0.000
-1.500 -1.500 0.180 -0.000 -0.000 -0.018 -0.000 -0.000 -0.046 0.000 0.000
-1.500 -1.500 0.179 -0.000 -0.000 -0.020 -0.000 -0.000 -0.049 0.000 0.000
-1.500 -1.500 0.178 -0.000 -0.000 -0.023 -0.000 -0.000 -0.052 0.000 0.000
-1.500 -1.500 0.177 -0.000 -0.000 -0.026 -0.000 -0.000 -0.055 0.000 0.000
-1.500 -1.500 0.175 -0.000 -0.000 -0.028 -0.000 -0.000 -0.058 0.000 0.000
-1.500 -1.500 0.174 -0.000 -0.000 -0.031 -0.000 -0.000 -0.061 0.000 0.000
-1.500 -1.500 0.172 -0.000 -0.000 -0.034 -0.000 -0.000 -0.063 0.000 0.000
-1.500 -1.500 0.171 -0.000 -0.000 -0.038 -0.000 -0.000 -0.066 0.000 0.000
-1.500 -1.500 0.169 -0.000 -0.000 -0.041 -0.000 -0.000 -0.068 0.000 0.000
-1.500 -1.500 0.166 -0.000 -0.000 -0.044 -0.000 -0.000 -0.071 0.000 0.000
-1.500 -1.500 0.164 -0.000 -0.000 -0.048 -0.000 -0.000 -0.073 0.000 0.000
-1.500 -1.500 0.162 -0.000 -0.000 -0.052 -0.000 -0.000 -0.075 0.000 0.000
-1.500 -1.500 0.159 -0.000 -0.000 -0.056 -0.000 -0.000 -0.077 0.000 0.000
-1.500 -1.500 0.156 -0.000 -0.000 -0.059 -0.000 -0.000 -0.079 0.000 0.000
-1.500 -1.500 0.153 -0.000 -0.000 -0.063 -0.000 -0.000 -0.080 0.000 0.000
-1.500 -1.500 0.150 -0.000 -0.000 -0.067 -0.000 -0.000 -0.082 0.000 0.000
-1.500 -1.500 0.146 -0.000 -0.000 -0.072 -0.000 -0.000 -0.083 0.000 0.000
-1.500 -1.500 0.143 -0.000 -0.000 -0.076 -0.000 -0.000 -0.084 0.000 0.000
-1.500 -1.500 0.139 -0.000 -0.000 -0.080 -0.000 -0.000 -0.085 0.000 0.000
-1.500 -1.500 0.135 -0.000 -0.000 -0.084 -0.000 -0.000 -0.086 0.000 0.000
-1.500 -1.500 0.130 -0.000 -0.000 -0.089 -0.000 -0.000 -0.086 0.000 0.000
-1.500 -1.500 0.126 -0.000 -0.000 -0.093 -0.000 -0.000 -0.087 0.000 0.000
-1.500 -1.500 0.121 -0.000 -0.000 -0.097 -0.000 -0.000 -0.087 0.000 0.000
-1.500 -1.500 0.116 -0.000 -0.000 -0.102 -0.000 -0.000 -0.087 0.000 0.000
-1.500 -1.500 0.111 -0.000 -0.000 -0.106 -0.000 -0.000 -0.087 0.000 0.000
-1.500 -1.500 0.105 -0.000 -0.000 -0.110 -0.000 -0.000 -0.086 0.000 0.000
-1.500 -1.500 0.100 -0.000 -0.000 -0.114 -0.000 -0.000 -0.086 0.000 0.000
-1.500 -1.500 0.094 -0.000 -0.000 -0.119 -0.000 -0.000 -0.085 0.000 0.000
-1.500 -1.500 0.088 -0.000 -0.000 -0.123 -0.000 -0.000 -0.084 0.000 0.000
-1.500 -1.500 0.082 -0.000 -0.000 -0.127 -0.000 -0.000 -0.083 0.000 0.000
-1.500 -1.500 0.075 -0.000 -0.000 -0.131 -0.000 -0.000 -0.082 0.000 0.000
-1.500 -1.500 0.069 -0.000 -0.000 -0.135 -0.000 -0.000 -0.080 0.000 0.000
-1.500 -1.500 0.062 -0.000 -0.000 -0.139 -0.000 -0.000 -0.079 0.000 0.000
-1.500 -1.500 0.055 -0.000 -0.000 -0.143 -0.000 -0.000 -0.077 0.000 0.000
-1.500 -1.500 0.047 -0.000 -0.000 -0.147 -0.000 -0.000 -0.075 0.000 0.000
-1.500 -1.500 0.040 -0.000 -0.000 -0.151 -0.000 -0.000 -0.073 0.000 0.000
-1.500 -1.500 0.032 -0.000 -0.000 -0.154 0.000 0.000 -0.071 0.000 0.000
-1.500 -1.500 0.024 -0.000 -0.000 -0.158 0.000 0.000 -0.069 0.000 0.000
-1.500 -1.500 0.017 -0.000 -0.000 -0.161 0.000 0.000 -0.066 0.000 0.000
-1.500 -1.500 0.008 -0.000 -0.000 -0.164 0.000 0.000 -0.063 0.000 0.000
-1.500 -1.500 0.000 -0.000 -0.000 -0.168 0.000 0.000 -0.061 0.000 0.000
-1.500 -1.500 -0.008 -0.000 -0.000 -0.170 0.000 0.000 -0.058 0.000 0.000
-1.500 -1.500 -0.017 -0.000 -0.000 -0.173 0.000 0.000 -0.055 0.000 0.000
-1.500 -1.500 -0.026 -0.000 -0.000 -0.176 0.000 0.000 -0.052 0.000 0.000
-1.500 -1.500 -0.035 -0.000 -0.000 -0.178 0.000 0.000 -0.048 0.000 0.000
-1.500 -1.500 -0.044 -0.000 -0.000 -0.181 0.000 0.000 -0.045 0.000 0.000
-1.500 -1.500 -0.053 -0.000 -0.000 -0.183 0.000 0.000 -0.042 0.000 0.000
-1.500 -1.500 -0.062 -0.000 -0.000 -0.185 0.000 0.000 -0.038 0.000 0.000
-1.500 -1.500 -0.071 -0.000 -0.000 -0.187 0.000 0.000 -0.034 0.000 0.000
-1.500 -1.500 -0.080 -0.000 -0.000 -0.188 0.000 0.000 -0.031 0.000 0.000
-1.500 -1.500 -0.090 -0.000 -0.000 -0.190 0.000 0.000 -0.027 0.000 0.000
-1.500 -1.500 -0.099 -0.000 -0.000 -0.191 0.000 0.000 -0.023 0.000 0.000
-1.500 -1.500 -0.109 -0.000 -0.000 -0.192 0.000 0.000 -0.020 0.000 0.000
-1.500 -1.500 -0.119 -0.000 -0.000 -0.193 0.000 0.000 -0.016 0.000 0.000
-1.500 -1.500 -0.128 -0.000 -0.000 -0.194 0.000 0.000 -0.012 0.000 0.000
-1.500 -1.500 -0.138 -0.000 -0.000 -0.194 0.000 0.000 -0.008 0.000 0.000
-1.500 -1.500 -0.148 -0.000 -0.000 -0.195 0.000 0.000 -0.004 0.000 0.000
-1.500 -1.500 -0.157 -0.000 -0.000 -0.195 0.000 0.000 -0.000 0.000 0.000
-1.500 -1.500 -0.167 -0.000 -0.000 -0.195 0.000 0.000 0.004 0.000 0.000
-1.500 -1.500 -0.177 -0.000 -0.000 -0.194 0.000 0.000 0.008 0.000 0.000
-1.500 -1.500 -0.187 -0.000 -0.000 -0.194 0.000 0.000 0.012 0.000 0.000
-1.500 -1.500 -0.196 -0.000 -0.000 -0.193 0.000 0.000 0.016 0.000 0.000
-1.500 -1.500 -0.206 -0.000 -0.000 -0.192 0.000 0.000 0.020 0.000 0.000
-1.500 -1.500 -0.216 -0.000 -0.000 -0.191 0.000 0.000 0.023 0.000 0.000
-1.500 -1.500 -0.225 -0.000 -0.000 -0.190 0.000 0.000 0.027 0.000 0.000
-1.500 -1.500 -0.235 0.000 0.000 -0.188 0.000 0.000 0.031 0.000 0.000
-1.500 -1.500 -0.244 0.000 0.000 -0.187 0.000 0.000 0.034 0.000 0.000
-1.500 -1.500 -0.253 0.000 0.000 -0.185 0.000 0.000 0.038 0.000 0.000
-1.500 -1.500 -0.262 0.000 0.000 -0.183 0.000 0.000 0.042 0.000 0.000
-1.500 -1.500 -0.271 0.000 0.000 -0.181 0.000 0.000 0.045 0.000 0.000
-1.500 -1.500 -0.280 0.000 0.000 -0.178 0.000 0.000 0.048 0.000 0.000
-1.500 -1.500 -0.289 0.000 0.000 -0.176 0.000 0.000 0.052 0.000 0.000
-1.500 -1.500 -0.298 0.000 0.000 -0.173 0.000 0.000 0.055 0.000 0.000
-1.500 -1.500 -0.307 0.000 0.000 -0.170 0.000 0.000 0.058 0.000 0.000
-1.500 -1.500 -0.315 0.000 0.000 -0.168 0.000 0.000 0.061 0.000 0.000
-1.500 -1.500 -0.323 0.000 0.000 -0.164 0.000 0.000 0.063 0.000 0.000
-1.500 -1.500 -0.332 0.000 0.000 -0.161 0.000 0.000 0.066 0.000 0.000
-1.500 -1.500 -0.339 0.000 0.000 -0.158 0.000 0.000 0.069 0.000 0.000
-1.500 -1.500 -0.347 0.000 0.000 -0.154 0.000 0.000 0.071 0.000 0.000
-1.500 -1.500 -0.355 0.000 0.000 -0.151 0.000 0.000 0.073 0.000 0.000
-1.500 -1.500 -0.362 0.000 0.000 -0.147 0.000 0.000 0.075 0.000 0.000
-1.500 -1.500 -0.370 0.000 0.000 -0.143 0.000 0.000 0.077 0.000 0.000
-1.500 -1.500 -0.377 0.000 0.000 -0.139 0.000 0.000 0.079 0.000 0.000
-1.500 -1.500 -0.384 0.000 0.000 -0.135 0.000 0.000 0.080 0.000 0.000
-1.500 -1.500 -0.390 0.000 0.000 -0.131 0.000 0.000 0.082 0.000 0.000
-1.500 -1.500 -0.397 0.000 0.000 -0.127 0.000 0.000 0.083 0.000 0.000
-1.500 -1.500 -0.403 0.000 0.000 -0.123 0.000 0.000 0.084 0.000 0.000
-1.500 -1.500 -0.409 0.000 0.000 -0.119 0.000 0.000 0.085 0.000 0.000
-1.500 -1.500 -0.415 0.000 0.000 -0.114 0.000 0.000 0.086 0.000 0.000
-1.500 -1.500 -0.420 0.000 0.000 -0.110 0.000 0.000 0.086 0.000 0.000
-1.500 -1.500 -0.426 0.000 0.000 -0.106 0.000 0.000 0.087 0.000 0.000
-1.500 -1.500 -0.431 0.000 0.000 -0.102 0.000 0.000 0.087 0.000 0.000
-1.500 -1.500 -0.436 0.000 0.000 -0.097 0.000 0.000 0.087 0.000 0.000
-1.500 -1.500 -0.441 0.000 0.000 -0.093 0.000 0.000 0.087 0.000 0.000
-1.500 -1.500 -0.445 0.000 0.000 -0.089 0.000 0.000 0.086 0.000 0.000
-1.500 -1.500 -0.450 0.000 0.000 -0.084 0.000 0.000 0.086 0.000 0.000
-1.500 -1.500 -0.454 0.000 0.000 -0.080 -0.000 -0.000 0.085 0.000 0.000
-1.500 -1.500 -0.458 0.000 0.000 -0.076 -0.000 -0.000 0.084 0.000 0.000
-1.500 -1.500 -0.461 0.000 0.000 -0.072 -0.000 -0.000 0.083 0.000 0.000
-1.500 -1.500 -0.465 0.000 0.000 -0.067 -0.000 -0.000 0.082 0.000 0.000
-1.500 -1.500 -0.468 0.000 0.000 -0.063 -0.000 -0.000 0.080 0.000 0.000
-1.500 -1.500 -0.471 0.000 0.000 -0.059 -0.000 -0.000 0.079 0.000 0.000
-1.500 -1.500 -0.474 0.000 0.000 -0.056 -0.000 -0.000 0.077 0.000 0.000
-1.500 -1.500 -0.477 0.000 0.000 -0.052 -0.000 -0.000 0.075 0.000 0.000
-1.500 -1.500 -0.479 0.000 0.000 -0.048 -0.000 -0.000 0.073 0.000 0.000
-1.500 -1.500 -0.481 0.000 0.000 -0.044 -0.000 -0.000 0.071 0.000 0.000
-1.500 -1.500 -0.484 0.000 0.000 -0.041 -0.000 -0.000 0.068 0.000 0.000
-1.500 -1.500 -0.486 0.000 0.000 -0.038 -0.000 -0.000 0.066 0.000 0.000
-1.500 -1.500 -0.487 0.000 0.000 -0.034 -0.000 -0.000 0.063 0.000 0.000
-1.500 -1.500 -0.489 0.000 0.000 -0.031 -0.000 -0.000 0.061 0.000 0.000
-1.500 -1.500 -0.490 0.000 0.000 -0.028 -0.000 -0.000 0.058 0.000 0.000
-1.500 -1.500 -0.492 0.000 0.000 -0.026 -0.000 -0.000 0.055 0.000 0.000
-1.500 -1.500 -0.493 0.000 0.000 -0.023 -0.000 -0.000 0.052 0.000 0.000
-1.500 -1.500 -0.494 0.000 0.000 -0.020 -0.000 -0.000 0.049 0.000 0.000
-1.500 -1.500 -0.495 0.000 0.000 -0.018 -0.000 -0.000 0.046 0.000 0.000
-1.500 -1.500 -0.496 0.000 0.000 -0.016 -0.000 -0.000 0.043 0.000 0.000
-1.500 -1.500 -0.497 0.000 0.000 -0.014 -0.000 -0.000 0.040 0.000 0.000
-1.500 -1.500 -0.497 0.000 0.000 -0.012 -0.000 -0.000 0.036 0.000 0.000
-1.500 -1.500 -0.498 0.000 0.000 -0.010 -0.000 -0.000 0.033 0.000 0.000
-1.500 -1.500 -0.498 0.000 0.000 -0.008 -0.000 -0.000 0.030 0.000 0.000
-1.500 -1.500 -0.499 0.000 0.000 -0.007 -0.000 -0.000 0.027 0.000 0.000
-1.500 -1.500 -0.499 0.000 0.000 -0.006 -0.000 -0.000 0.024 0.000 0.000
-1.500 -1.500 -0.499 0.000 0.000 -0.005 -0.000 -0.000 0.021 0.000 0.000
-1.500 -1.500 -0.499 -0.000 -0.000 -0.004 -0.000 -0.000 0.018 0.000 0.000
-1.500 -1.500 -0.500 -0.000 -0.000 -0.003 -0.000 -0.000 0.016 0.000 0.000
-1.500 -1.500 -0.500 -0.000 -0.000 -0.002 -0.000 -0.000 0.013 0.000 0.000
-1.500 -1.500 -0.500 -0.000 -0.000 -0.001 -0.000 -0.000 0.011 0.000 0.000
-1.500 -1.500 -0.500 -0.000 -0.000 -0.001 -0.000 -0.000 0.008 0.000 0.000
-1.500 -1.500 -0.500 -0.000 -0.000 -0.001 -0.000 -0.000 0.006 0.000 0.000
-1.500 -1.500 -0.500 -0.000 -0.000 -0.000 -0.000 -0.000 0.004 0.000 0.000
-1.500 -1.500 -0.500 -0.000 -0.000 -0.000 -0.000 -0.000 0.003 0.000 0.000
-1.500 -1.500 -0.500 -0.000 -0.000 -0.000 -0.000 -0.000 0.002 0.000 0.000
-1.500 -1.500 -0.500 -0.000 -0.000 -0.000 -0.000 -0.000 0.001 0.000 0.000
-1.500 -1.500 -0.500 -0.000 -0.000 -0.000 -0.000 -0.000 0.000 0.000 0.000
-1.500 -1.500 -0.500 -0.000 -0.000 -0.000 -0.000 -0.000 -0.000 0.000 0.000
