-1.500 1.500 0.185 -0.000 0.000 0.000 -0.000 0.000 0.002 0.000 0.000
-1.500 1.500 0.185 -0.000 0.000 0.000 -0.000 0.000 0.006 0.000 0.000
-1.500 1.500 0.185 -0.000 0.000 0.001 0.000 -0.000 0.013 0.000 0.000
-1.500 1.500 0.185 -0.000 0.000 0.002 0.000 -0.000 0.023 0.000 0.000
-1.500 1.500 0.185 -0.000 0.000 0.003 0.000 -0.000 0.034 0.000 0.000
-1.500 1.500 0.185 -0.000 0.000 0.005 0.000 -0.000 0.047 0.000 0.000
-1.500 1.500 0.186 -0.000 0.000 0.008 0.000 -0.000 0.061 0.000 0.000
-1.500 1.500 0.186 -0.000 0.000 0.011 0.000 -0.000 0.076 0.000 0.000
-1.500 1.500 0.187 -0.000 0.000 0.015 0.000 -0.000 0.092 0.000 0.000
-1.500 1.500 0.188 -0.000 0.000 0.020 0.000 -0.000 0.109 0.000 0.000
-1.500 1.500 0.189 -0.000 0.000 0.026 0.000 -0.000 0.126 0.000 0.000
-1.500 1.500 0.190 -0.000 0.000 0.033 0.000 -0.000 0.142 0.000 0.000
-1.500 1.500 0.192 -0.000 0.000 0.041 0.000 -0.000 0.159 0.000 0.000
-1.500 1.500 0.194 -0.000 0.000 0.049 0.000 -0.000 0.175 0.000 0.000
-1.500 1.500 0.197 -0.000 0.000 0.058 0.000 -0.000 0.191 0.000 0.000
-1.500 1.500 0.200 -0.000 0.000 0.068 0.000 -0.000 0.206 0.000 0.000
-1.500 1.500 0.204 -0.000 0.000 0.079 0.000 -0.000 0.221 0.000 0.000
-1.500 1.500 0.208 -0.000 0.000 0.090 0.000 -0.000 0.234 0.000 0.000
-1.500 1.500 0.213 -0.000 0.000 0.102 0.000 -0.000 0.247 0.000 0.000
-1.500 1.500 0.218 -0.000 0.000 0.115 0.000 -0.000 0.258 0.000 0.000
-1.500 1.500 0.224 -0.000 0.000 0.128 0.000 -0.000 0.268 0.000 0.000
-1.500 1.500 0.231 -0.000 0.000 0.141 0.000 -0.000 0.277 0.000 0.000
-1.500 1.500 0.239 -0.000 0.000 0.156 0.000 -0.000 0.285 0.000 0.000
-1.500 1.500 0.247 -0.000 0.000 0.170 0.000 -0.000 0.291 0.000 0.000
-1.500 1.500 0.256 -0.000 0.000 0.185 0.000 -0.000 0.295 0.000 0.000
-1.500 1.500 0.265 -0.000 0.000 0.199 0.000 -0.000 0.299 0.000 0.000
-1.500 1.500 0.276 -0.000 0.000 0.214 0.000 -0.000 0.300 0.000 0.000
-1.500 1.500 0.287 -0.000 0.000 0.229 0.000 -0.000 0.300 0.000 0.000
-1.500 1.500 0.298 -0.000 0.000 0.244 0.000 -0.000 0.299 0.000 0.000
-1.500 1.500 0.311 -0.000 0.000 0.259 0.000 -0.000 0.296 0.000 0.000
-1.500 1.500 0.324 -0.000 0.000 0.274 0.000 -0.000 0.292 0.000 0.000
-1.500 1.500 0.338 -0.000 0.000 0.288 0.000 -0.000 0.286 0.000 0.000
-1.500 1.500 0.353 -0.000 0.000 0.303 0.000 -0.000 0.279 0.000 0.000
-1.500 1.500 0.369 -0.000 0.000 0.316 0.000 -0.000 0.271 0.000 0.000
-1.500 1.500 0.385 -0.000 0.000 0.330 0.000 -0.000 0.261 0.000 0.000
-1.500 1.500 0.402 -0.000 0.000 0.342 0.000 -0.000 0.250 0.000 0.000
-1.500 1.500 0.419 -0.000 0.000 0.355 0.000 -0.000 0.237 0.000 0.000
-1.500 1.500 0.437 0.000 -0.000 0.366 0.000 -0.000 0.224 0.000 0.000
-1.500 1.500 0.456 0.000 -0.000 0.377 0.000 -0.000 0.209 0.000 0.000
-1.500 1.500 0.475 0.000 -0.000 0.387 0.000 -0.000 0.194 0.000 0.000
-1.500 1.500 0.494 0.000 -0.000 0.396 0.000 -0.000 0.177 0.000 0.000
-1.500 1.500 0.514 0.000 -0.000 0.405 0.000 -0.000 0.160 0.000 0.000
-1.500 1.500 0.535 0.000 -0.000 0.412 0.000 -0.000 0.141 0.000 0.000
-1.500 1.500 0.556 0.000 -0.000 0.419 0.000 -0.000 0.122 0.000 0.000
-1.500 1.500 0.577 0.000 -0.000 0.425 0.000 -0.000 0.103 0.000 0.000
-1.500 1.500 0.598 0.000 -0.000 0.429 0.000 -0.000 0.083 0.000 0.000
-1.500 1.500 0.620 0.000 -0.000 0.433 0.000 -0.000 0.063 0.000 0.000
-1.500 1.500 0.641 0.000 -0.000 0.435 0.000 -0.000 0.042 0.000 0.000
-1.500 1.500 0.663 0.000 -0.000 0.437 0.000 -0.000 0.021 0.000 0.000
-1.500 1.500 0.685 0.000 -0.000 0.438 -0.000 0.000 0.000 0.000 0.000
-1.500 1.500 0.707 0.000 -0.000 0.437 0.000 -0.000 -0.021 0.000 0.000
-1.500 1.500 0.729 0.000 -0.000 0.435 0.000 -0.000 -0.042 0.000 0.000
-1.500 1.500 0.750 0.000 -0.000 0.433 -0.000 0.000 -0.063 0.000 0.000
-1.500 1.500 0.772 0.000 -0.000 0.429 -0.000 0.000 -0.083 0.000 0.000
-1.500 1.500 0.793 0.000 -0.000 0.425 -0.000 0.000 -0.103 0.000 0.000
-1.500 1.500 0.814 0.000 -0.000 0.419 -0.000 0.000 -0.122 0.000 0.000
-1.500 1.500 0.835 0.000 -0.000 0.412 -0.000 0.000 -0.141 0.000 0.000
-1.500 1.500 0.856 0.000 -0.000 0.405 -0.000 0.000 -0.160 0.000 0.000
-1.500 1.500 0.876 0.000 -0.000 0.396 -0.000 0.000 -0.177 0.000 0.000
-1.500 1.500 0.895 0.000 -0.000 0.387 -0.000 0.000 -0.194 0.000 0.000
-1.500 1.500 0.914 0.000 -0.000 0.377 -0.000 0.000 -0.209 0.000 0.000
-1.500 1.500 0.933 0.000 -0.000 0.366 -0.000 0.000 -0.224 0.000 0.000
-1.500 1.500 0.951 0.000 -0.000 0.355 -0.000 0.000 -0.237 0.000 0.000
-1.500 1.500 0.968 0.000 -0.000 0.342 -0.000 0.000 -0.250 0.000 0.000
-1.500 1.500 0.985 0.000 -0.000 0.330 -0.000 0.000 -0.261 0.000 0.000
-1.500 1.500 1.001 0.000 -0.000 0.316 -0.000 0.000 -0.271 0.000 0.000
-1.500 1.500 1.017 0.000 -0.000 0.303 0.000 -0.000 -0.279 0.000 0.000
-1.500 1.500 1.032 0.000 -0.000 0.288 0.000 -0.000 -0.286 0.000 0.000
-1.500 1.500 1.046 0.000 -0.000 0.274 0.000 -0.000 -0.292 0.000 0.000
-1.500 1.500 1.059 0.000 -0.000 0.259 0.000 -0.000 -0.296 0.000 0.000
-1.500 1.500 1.072 0.000 -0.000 0.244 0.000 -0.000 -0.299 0.000 0.000
-1.500 1.500 1.083 0.000 -0.000 0.229 0.000 -0.000 -0.300 0.000 0.000
-1.500 1.500 1.094 0.000 -0.000 0.214 0.000 -0.000 -0.300 0.000 0.000
-1.500 1.500 1.105 0.000 -0.000 0.199 0.000 -0.000 -0.299 0.000 0.000
-1.500 1.500 1.114 0.000 -0.000 0.185 0.000 -0.000 -0.295 0.000 0.000
-1.500 1.500 1.123 0.000 -0.000 0.170 0.000 -0.000 -0.291 0.000 0.000
-1.500 1.500 1.131 0.000 -0.000 0.156 0.000 -0.000 -0.285 0.000 0.000
-1.500 1.500 1.139 0.000 -0.000 0.141 0.000 -0.000 -0.277 0.000 0.000
-1.500 1.500 1.146 0.000 -0.000 0.128 0.000 -0.000 -0.268 0.000 0.000
-1.500 1.500 1.152 0.000 -0.000 0.115 0.000 -0.000 -0.258 0.000 0.000
-1.500 1.500 1.157 0.000 -0.000 0.102 0.000 -0.000 -0.247 0.000 0.000
-1.500 1.500 1.162 0.000 -0.000 0.090 0.000 -0.000 -0.234 0.000 0.000
-1.500 1.500 1.166 0.000 -0.000 0.079 0.000 -0.000 -0.221 0.000 0.000
-1.500 1.500 1.170 0.000 -0.000 0.068 -0.000 0.000 -0.206 0.000 0.000
-1.500 1.500 1.173 0.000 -0.000 0.058 -0.000 0.000 -0.191 0.000 0.000
-1.500 1.500 1.176 0.000 -0.000 0.049 -0.000 0.000 -0.175 0.000 0.000
-1.500 1.500 1.178 0.000 -0.000 0.041 -0.000 0.000 -0.159 0.000 0.000
-1.500 1.500 1.180 0.000 -0.000 0.033 -0.000 0.000 -0.142 0.000 0.000
-1.500 1.500 1.181 0.000 -0.000 0.026 -0.000 0.000 -0.126 0.000 0.000
-1.500 1.500 1.182 0.000 -0.000 0.020 -0.000 0.000 -0.109 0.000 0.000
-1.500 1.500 1.183 0.000 -0.000 0.015 -0.000 0.000 -0.092 0.000 0.000
-1.500 1.500 1.184 0.000 -0.000 0.011 -0.000 0.000 -0.076 0.000 0.000
-1.500 1.500 1.184 0.000 -0.000 0.008 -0.000 0.000 -0.061 0.000 0.000
-1.500 1.500 1.185 0.000 -0.000 0.005 -0.000 0.000 -0.047 0.000 0.000
-1.500 1.500 1.185 0.000 -0.000 0.003 -0.000 0.000 -0.034 0.000 0.000
-1.500 1.500 1.185 0.000 -0.000 0.002 -0.000 0.000 -0.023 0.000 0.000
-1.500 1.500 1.185 0.000 -0.000 0.001 -0.000 0.000 -0.013 0.000 0.000
-1.500 1.500 1.185 0.000 -0.000 0.000 -0.000 0.000 -0.006 0.000 0.000
-1.500 1.500 1.185 0.000 -0.000 0.000 -0.000 0.000 -0.002 0.000 0.000
-1.500 1.500 1.185 0.000 -0.000 -0.000 -0.000 0.000 -0.000 0.000 0.000
-1.500 1.500 1.185 0.000 0.000 0.000 0.000 0.000 0.000 0.000 0.000
-1.500 1.500 1.185 0.000 0.000 0.000 0.000 0.000 0.000 0.000 0.000
-1.500 1.500 1.185 0.000 0.000 0.000 0.000 0.000 0.000 0.000 0.000
-1.500 1.500 1.185 0.000 0.000 0.000 0.000 0.000 0.000 0.000 0.000
-1.500 1.500 1.185 0.000 0.000 0.000 0.000 0.000 0.000 0.000 0.000
-1.500 1.500 1.185 0.000 0.000 0.000 0.000 0.000 0.000 0.000 0.000
-1.500 1.500 1.185 0.000 0.000 0.000 0.000 0.000 0.000 0.000 0.000
-1.500 1.500 1.185 0.000 0.000 0.000 0.000 0.000 0.000 0.000 0.000
-1.500 1.500 1.185 0.000 0.000 0.000 0.000 0.000 0.000 0.000 0.000
-1.500 1.500 1.185 0.000 0.000 0.000 0.000 0.000 0.000 0.000 0.000
-1.500 1.500 1.185 0.000 0.000 0.000 0.000 0.000 0.000 0.000 0.000
-1.500 1.500 1.185 0.000 0.000 0.000 0.000 0.000 0.000 0.000 0.000
-1.500 1.500 1.185 0.000 0.000 0.000 0.000 0.000 0.000 0.000 0.000
-1.500 1.500 1.185 0.000 0.000 0.000 0.000 0.000 0.000 0.000 0.000
-1.500 1.500 1.185 0.000 0.000 0.000 0.000 0.000 0.000 0.000 0.000
-1.500 1.500 1.185 0.000 0.000 0.000 0.000 0.000 0.000 0.000 0.000
-1.500 1.500 1.185 0.000 0.000 0.000 0.000 0.000 0.000 0.000 0.000
-1.500 1.500 1.185 0.000 0.000 0.000 0.000 0.000 0.000 0.000 0.000
-1.500 1.500 1.185 0.000 0.000 0.000 0.000 0.000 0.000 0.000 0.000
-1.500 1.500 1.185 0.000 0.000 0.000 0.000 0.000 0.000 0.000 0.000
-1.500 1.500 1.185 0.000 0.000 0.000 0.000 0.000 0.000 0.000 0.000
-1.500 1.500 1.185 0.000 0.000 0.000 0.000 0.000 0.000 0.000 0.000
-1.500 1.500 1.185 0.000 0.000 0.000 0.000 0.000 0.000 0.000 0.000
-1.500 1.500 1.185 0.000 0.000 0.000 0.000 0.000 0.000 0.000 0.000
-1.500 1.500 1.185 0.000 0.000 0.000 0.000 0.000 0.000 0.000 0.000
-1.500 1.500 1.185 0.000 0.000 0.000 0.000 0.000 0.000 0.000 0.000
-1.500 1.500 1.185 0.000 0.000 0.000 0.000 0.000 0.000 0.000 0.000
-1.500 1.500 1.185 0.000 0.000 0.000 0.000 0.000 0.000 0.000 0.000
-1.500 1.500 1.185 0.000 0.000 0.000 0.000 0.000 0.000 0.000 0.000
-1.500 1.500 1.185 0.000 0.000 0.000 0.000 0.000 0.000 0.000 0.000
-1.500 1.500 1.185 0.000 0.000 0.000 0.000 0.000 0.000 0.000 0.000
-1.500 1.500 1.185 0.000 0.000 0.000 0.000 0.000 0.000 0.000 0.000
-1.500 1.500 1.185 0.000 0.000 0.000 0.000 0.000 0.000 0.000 0.000
-1.500 1.500 1.185 0.000 0.000 0.000 0.000 0.000 0.000 0.000 0.000
-1.500 1.500 1.185 0.000 0.000 0.000 0.000 0.000 0.000 0.000 0.000
-1.500 1.500 1.185 0.000 0.000 0.000 0.000 0.000 0.000 0.000 0.000
-1.500 1.500 1.185 0.000 0.000 0.000 0.000 0.000 0.000 0.000 0.000
-1.500 1.500 1.185 0.000 0.000 0.000 0.000 0.000 0.000 0.000 0.000
-1.500 1.500 1.185 0.000 0.000 0.000 0.000 0.000 0.000 0.000 0.000
-1.500 1.500 1.185 0.000 0.000 0.000 0.000 0.000 0.000 0.000 0.000
-1.500 1.500 1.185 0.000 0.000 0.000 0.000 0.000 0.000 0.000 0.000
-1.500 1.500 1.185 0.000 0.000 0.000 0.000 0.000 0.000 0.000 0.000
-1.500 1.500 1.185 0.000 0.000 0.000 0.000 0.000 0.000 0.000 0.000
-1.500 1.500 1.185 0.000 0.000 0.000 0.000 0.000 0.000 0.000 0.000
-1.500 1.500 1.185 0.000 0.000 0.000 0.000 0.000 0.000 0.000 0.000
-1.500 1.500 1.185 0.000 0.000 0.000 0.000 0.000 0.000 0.000 0.000
-1.500 1.500 1.185 0.000 0.000 0.000 0.000 0.000 0.000 0.000 0.000
-1.500 1.500 1.185 0.000 0.000 0.000 0.000 0.000 0.000 0.000 0.000
-1.500 1.500 1.185 0.000 0.000 0.000 0.000 0.000 0.000 0.000 0.000
-1.500 1.500 1.185 0.000 0.000 0.000 0.000 0.000 0.000 0.000 0.000
-1.500 1.500 1.185 0.000 0.000 0.000 0.000 0.000 0.000 0.000 0.000
-1.500 1.500 1.185 0.000 0.000 0.000 0.000 0.000 0.000 0.000 0.000
-1.500 1.500 1.185 0.000 0.000 0.000 0.000 0.000 0.000 0.000 0.000
-1.500 1.500 1.185 0.000 0.000 0.000 0.000 0.000 0.000 0.000 0.000
-1.500 1.500 1.185 0.000 0.000 0.000 0.000 0.000 0.000 0.000 0.000
-1.500 1.500 1.185 0.000 0.000 0.000 0.000 0.000 0.000 0.000 0.000
-1.500 1.500 1.185 0.000 0.000 0.000 0.000 0.000 0.000 0.000 0.000
-1.500 1.500 1.185 0.000 0.000 0.000 0.000 0.000 0.000 0.000 0.000
-1.500 1.500 1.185 0.000 0.000 0.000 0.000 0.000 0.000 0.000 0.000
-1.500 1.500 1.185 0.000 0.000 0.000 0.000 0.000 0.000 0.000 0.000
-1.500 1.500 1.185 0.000 0.000 0.000 0.000 0.000 0.000 0.000 0.000
-1.500 1.500 1.185 0.000 0.000 0.000 0.000 0.000 0.000 0.000 0.000
-1.500 1.500 1.185 0.000 0.000 0.000 0.000 0.000 0.000 0.000 0.000
-1.500 1.500 1.185 0.000 0.000 0.000 0.000 0.000 0.000 0.000 0.000
-1.500 1.500 1.185 0.000 0.000 0.000 0.000 0.000 0.000 0.000 0.000
-1.500 1.500 1.185 0.000 0.000 0.000 0.000 0.000 0.000 0.000 0.000
-1.500 1.500 1.185 0.000 0.000 0.000 0.000 0.000 0.000 0.000 0.000
-1.500 1.500 1.185 0.000 0.000 0.000 0.000 0.000 0.000 0.000 0.000
-1.500 1.500 1.185 0.000 0.000 0.000 0.000 0.000 0.000 0.000 0.000
-1.500 1.500 1.185 0.000 0.000 0.000 0.000 0.000 0.000 0.000 0.000
-1.500 1.500 1.185 0.000 0.000 0.000 0.000 0.000 0.000 0.000 0.000
-1.500 1.500 1.185 0.000 0.000 0.000 0.000 0.000 0.000 0.000 0.000
-1.500 1.500 1.185 0.000 0.000 0.000 0.000 0.000 0.000 0.000 0.000
-1.500 1.500 1.185 0.000 0.000 0.000 0.000 0.000 0.000 0.000 0.000
-1.500 1.500 1.185 0.000 0.000 0.000 0.000 0.000 0.000 0.000 0.000
-1.500 1.500 1.185 0.000 0.000 0.000 0.000 0.000 0.000 0.000 0.000
-1.500 1.500 1.185 0.000 0.000 0.000 0.000 0.000 0.000 0.000 0.000
-1.500 1.500 1.185 0.000 0.000 0.000 0.000 0.000 0.000 0.000 0.000
-1.500 1.500 1.185 0.000 0.000 0.000 0.000 0.000 0.000 0.000 0.000
-1.500 1.500 1.185 0.000 0.000 0.000 0.000 0.000 0.000 0.000 0.000
-1.500 1.500 1.185 0.000 0.000 0.000 0.000 0.000 0.000 0.000 0.000
-1.500 1.500 1.185 0.000 0.000 0.000 0.000 0.000 0.000 0.000 0.000
-1.500 1.500 1.185 0.000 0.000 0.000 0.000 0.000 0.000 0.000 0.000
-1.500 1.500 1.185 0.000 0.000 0.000 0.000 0.000 0.000 0.000 0.000
-1.500 1.500 1.185 0.000 0.000 0.000 0.000 0.000 0.000 0.000 0.000
-1.500 1.500 1.185 0.000 0.000 0.000 0.000 0.000 0.000 0.000 0.000
-1.500 1.500 1.185 0.000 0.000 0.000 0.000 0.000 0.000 0.000 0.000
-1.500 1.500 1.185 0.000 0.000 0.000 0.000 0.000 0.000 0.000 0.000
-1.500 1.500 1.185 0.000 0.000 0.000 0.000 0.000 0.000 0.000 0.000
-1.500 1.500 1.185 0.000 0.000 0.000 0.000 0.000 0.000 0.000 0.000
-1.500 1.500 1.185 0.000 0.000 0.000 0.000 0.000 0.000 0.000 0.000
-1.500 1.500 1.185 0.000 0.000 0.000 0.000 0.000 0.000 0.000 0.000
-1.500 1.500 1.185 0.000 0.000 0.000 0.000 0.000 0.000 0.000 0.000
-1.500 1.500 1.185 0.000 0.000 0.000 0.000 0.000 0.000 0.000 0.000
-1.500 1.500 1.185 0.000 0.000 0.000 0.000 0.000 0.000 0.000 0.000
-1.500 1.500 1.185 0.000 0.000 0.000 0.000 0.000 0.000 0.000 0.000
-1.500 1.500 1.185 0.000 0.000 0.000 0.000 0.000 0.000 0.000 0.000
-1.500 1.500 1.185 0.000 0.000 0.000 0.000 0.000 0.000 0.000 0.000
-1.500 1.500 1.185 0.000 0.000 0.000 0.000 0.000 0.000 0.000 0.000
-1.500 1.500 1.185 0.000 0.000 0.000 0.000 0.000 0.000 0.000 0.000
-1.500 1.500 1.185 0.000 0.000 0.000 0.000 0.000 0.000 0.000 0.000
-1.500 1.500 1.185 0.000 0.000 0.000 0.000 0.000 0.000 0.000 0.000
-1.500 1.500 1.185 0.000 0.000 0.000 0.000 0.000 0.000 0.000 0.000
-1.500 1.500 1.185 0.000 0.000 0.000 0.000 0.000 0.000 0.000 0.000
-1.500 1.500 1.185 0.000 0.000 0.000 0.000 0.000 0.000 0.000 0.000
-1.500 1.500 1.185 0.000 0.000 0.000 0.000 0.000 0.000 0.000 0.000
-1.500 1.500 1.185 0.000 0.000 0.000 0.000 0.000 0.000 0.000 0.000
-1.500 1.500 1.185 0.000 0.000 0.000 0.000 0.000 0.000 0.000 0.000
-1.500 1.500 1.185 0.000 0.000 0.000 0.000 0.000 0.000 0.000 0.000
-1.500 1.500 1.185 0.000 0.000 0.000 0.000 0.000 0.000 0.000 0.000
-1.500 1.500 1.185 0.000 0.000 0.000 0.000 0.000 0.000 0.000 0.000
-1.500 1.500 1.185 0.000 0.000 0.000 0.000 0.000 0.000 0.000 0.000
-1.500 1.500 1.185 0.000 0.000 0.000 0.000 0.000 0.000 0.000 0.000
-1.500 1.500 1.185 0.000 0.000 0.000 0.000 0.000 0.000 0.000 0.000
-1.500 1.500 1.185 0.000 0.000 0.000 0.000 0.000 0.000 0.000 0.000
-1.500 1.500 1.185 0.000 0.000 0.000 0.000 0.000 0.000 0.000 0.000
-1.500 1.500 1.185 0.000 0.000 0.000 0.000 0.000 0.000 0.000 0.000
-1.500 1.500 1.185 0.000 0.000 0.000 0.000 0.000 0.000 0.000 0.000
-1.500 1.500 1.185 0.000 0.000 0.000 0.000 0.000 0.000 0.000 0.000
-1.500 1.500 1.185 0.000 0.000 0.000 0.000 0.000 0.000 0.000 0.000
-1.500 1.500 1.185 0.000 0.000 0.000 0.000 0.000 0.000 0.000 0.000
-1.500 1.500 1.185 0.000 0.000 0.000 0.000 0.000 0.000 0.000 0.000
-1.500 1.500 1.185 0.000 0.000 0.000 0.000 0.000 0.000 0.000 0.000
-1.500 1.500 1.185 0.000 0.000 0.000 0.000 0.000 0.000 0.000 0.000
-1.500 1.500 1.185 0.000 0.000 0.000 0.000 0.000 0.000 0.000 0.000
-1.500 1.500 1.185 0.000 0.000 0.000 0.000 0.000 0.000 0.000 0.000
-1.500 1.500 1.185 0.000 0.000 0.000 0.000 0.000 0.000 0.000 0.000
-1.500 1.500 1.185 0.000 0.000 0.000 0.000 0.000 0.000 0.000 0.000
-1.500 1.500 1.185 0.000 0.000 0.000 0.000 0.000 0.000 0.000 0.000
-1.500 1.500 1.185 0.000 0.000 0.000 0.000 0.000 0.000 0.000 0.000
-1.500 1.500 1.185 0.000 0.000 0.000 0.000 0.000 0.000 0.000 0.000
-1.500 1.500 1.185 0.000 0.000 0.000 0.000 0.000 0.000 0.000 0.000
-1.500 1.500 1.185 0.000 0.000 0.000 0.000 0.000 0.000 0.000 0.000
-1.500 1.500 1.185 0.000 0.000 0.000 0.000 0.000 0.000 0.000 0.000
-1.500 1.500 1.185 0.000 0.000 0.000 0.000 0.000 0.000 0.000 0.000
-1.500 1.500 1.185 0.000 0.000 0.000 0.000 0.000 0.000 0.000 0.000
-1.500 1.500 1.185 0.000 0.000 0.000 0.000 0.000 0.000 0.000 0.000
-1.500 1.500 1.185 0.000 0.000 0.000 0.000 0.000 0.000 0.000 0.000
-1.500 1.500 1.185 0.000 0.000 0.000 0.000 0.000 0.000 0.000 0.000
-1.500 1.500 1.185 0.000 0.000 0.000 0.000 0.000 0.000 0.000 0.000
-1.500 1.500 1.185 0.000 0.000 0.000 0.000 0.000 0.000 0.000 0.000
-1.500 1.500 1.185 0.000 0.000 0.000 0.000 0.000 0.000 0.000 0.000
-1.500 1.500 1.185 0.000 0.000 0.000 0.000 0.000 0.000 0.000 0.000
-1.500 1.500 1.185 0.000 0.000 0.000 0.000 0.000 0.000 0.000 0.000
-1.500 1.500 1.185 0.000 0.000 0.000 0.000 0.000 0.000 0.000 0.000
-1.500 1.500 1.185 0.000 0.000 0.000 0.000 0.000 0.000 0.000 0.000
-1.500 1.500 1.185 0.000 0.000 0.000 0.000 0.000 0.000 0.000 0.000
-1.500 1.500 1.185 0.000 0.000 0.000 0.000 0.000 0.000 0.000 0.000
-1.500 1.500 1.185 0.000 0.000 0.000 0.000 0.000 0.000 0.000 0.000
-1.500 1.500 1.185 0.000 0.000 0.000 0.000 0.000 0.000 0.000 0.000
-1.500 1.500 1.185 0.000 0.000 0.000 0.000 0.000 0.000 0.000 0.000
-1.500 1.500 1.185 0.000 0.000 0.000 0.000 0.000 0.000 0.000 0.000
-1.500 1.500 1.185 0.000 0.000 0.000 0.000 0.000 0.000 0.000 0.000
-1.500 1.500 1.185 0.000 0.000 0.000 0.000 0.000 0.000 0.000 0.000
-1.500 1.500 1.185 0.000 0.000 0.000 0.000 0.000 0.000 0.000 0.000
-1.500 1.500 1.185 0.000 0.000 0.000 0.000 0.000 0.000 0.000 0.000
-1.500 1.500 1.185 0.000 0.000 0.000 0.000 0.000 0.000 0.000 0.000
-1.500 1.500 1.185 0.000 0.000 0.000 0.000 0.000 0.000 0.000 0.000
-1.500 1.500 1.185 0.000 0.000 0.000 0.000 0.000 0.000 0.000 0.000
-1.500 1.500 1.185 0.000 0.000 0.000 0.000 0.000 0.000 0.000 0.000
-1.500 1.500 1.185 0.000 0.000 0.000 0.000 0.000 0.000 0.000 0.000
-1.500 1.500 1.185 0.000 0.000 0.000 0.000 0.000 0.000 0.000 0.000
-1.500 1.500 1.185 0.000 0.000 0.000 0.000 0.000 0.000 0.000 0.000
-1.500 1.500 1.185 0.000 0.000 0.000 0.000 0.000 0.000 0.000 0.000
-1.500 1.500 1.185 0.000 0.000 0.000 0.000 0.000 0.000 0.000 0.000
-1.500 1.500 1.185 0.000 0.000 0.000 0.000 0.000 0.000 0.000 0.000
-1.500 1.500 1.185 0.000 0.000 0.000 0.000 0.000 0.000 0.000 0.000
-1.500 1.500 1.185 0.000 0.000 0.000 0.000 0.000 0.000 0.000 0.000
-1.500 1.500 1.185 0.000 0.000 0.000 0.000 0.000 0.000 0.000 0.000
-1.500 1.500 1.185 0.000 0.000 0.000 0.000 0.000 0.000 0.000 0.000
-1.500 1.500 1.185 0.000 0.000 0.000 0.000 0.000 0.000 0.000 0.000
-1.500 1.500 1.185 0.000 0.000 0.000 0.000 0.000 0.000 0.000 0.000
-1.500 1.500 1.185 0.000 0.000 0.000 0.000 0.000 0.000 0.000 0.000
-1.500 1.500 1.185 0.000 0.000 0.000 0.000 0.000 0.000 0.000 0.000
-1.500 1.500 1.185 0.000 0.000 0.000 0.000 0.000 0.000 0.000 0.000
-1.500 1.500 1.185 0.000 0.000 0.000 0.000 0.000 0.000 0.000 0.000
-1.500 1.500 1.185 0.000 0.000 0.000 0.000 0.000 0.000 0.000 0.000
-1.500 1.500 1.185 0.000 0.000 0.000 0.000 0.000 0.000 0.000 0.000
-1.500 1.500 1.185 0.000 0.000 0.000 0.000 0.000 0.000 0.000 0.000
-1.500 1.500 1.185 0.000 0.000 0.000 0.000 0.000 0.000 0.000 0.000
-1.500 1.500 1.185 0.000 0.000 0.000 0.000 0.000 0.000 0.000 0.000
-1.500 1.500 1.185 0.000 0.000 0.000 0.000 0.000 0.000 0.000 0.000
-1.500 1.500 1.185 0.000 0.000 0.000 0.000 0.000 0.000 0.000 0.000
-1.500 1.500 1.185 0.000 0.000 0.000 0.000 0.000 0.000 0.000 0.000
-1.500 1.500 1.185 0.000 0.000 0.000 0.000 0.000 0.000 0.000 0.000
-1.500 1.500 1.185 0.000 0.000 0.000 0.000 0.000 0.000 0.000 0.000
-1.500 1.500 1.185 0.000 0.000 0.000 0.000 0.000 0.000 0.000 0.000
-1.500 1.500 1.185 0.000 0.000 0.000 0.000 0.000 0.000 0.000 0.000
-1.500 1.500 1.185 0.000 0.000 0.000 0.000 0.000 0.000 0.000 0.000
-1.500 1.500 1.185 0.000 0.000 0.000 0.000 0.000 0.000 0.000 0.000
-1.500 1.500 1.185 0.000 0.000 0.000 0.000 0.000 0.000 0.000 0.000
-1.500 1.500 1.185 0.000 0.000 0.000 0.000 0.000 0.000 0.000 0.000
-1.500 1.500 1.185 0.000 0.000 0.000 0.000 0.000 0.000 0.000 0.000
-1.500 1.500 1.185 0.000 0.000 0.000 0.000 0.000 0.000 0.000 0.000
-1.500 1.500 1.185 0.000 0.000 0.000 0.000 0.000 0.000 0.000 0.000
-1.500 1.500 1.185 0.000 0.000 0.000 0.000 0.000 0.000 0.000 0.000
-1.500 1.500 1.185 0.000 0.000 0.000 0.000 0.000 0.000 0.000 0.000
-1.500 1.500 1.185 0.000 0.000 0.000 0.000 0.000 0.000 0.000 0.000
-1.500 1.500 1.185 0.000 0.000 0.000 0.000 0.000 0.000 0.000 0.000
-1.500 1.500 1.185 0.000 0.000 0.000 0.000 0.000 0.000 0.000 0.000
-1.500 1.500 1.185 0.000 -0.000 -0.000 0.006 -0.009 0.000 0.000 0.000
-1.500 1.500 1.185 0.001 -0.001 -0.000 0.022 -0.034 0.000 0.000 0.000
-1.500 1.500 1.185 0.002 -0.004 -0.000 0.046 -0.070 0.000 0.000 0.000
-1.500 1.500 1.185 0.005 -0.008 -0.000 0.076 -0.114 0.000 0.000 0.000
-1.499 1.499 1.185 0.010 -0.015 -0.000 0.111 -0.163 0.000 0.000 0.000
-1.499 1.498 1.185 0.017 -0.025 -0.000 0.149 -0.215 0.000 0.000 0.000
-1.498 1.496 1.185 0.025 -0.037 -0.000 0.189 -0.267 0.000 0.000 0.000
-1.496 1.494 1.185 0.035 -0.051 -0.000 0.229 -0.317 0.000 0.000 0.000
-1.494 1.491 1.185 0.048 -0.068 -0.000 0.269 -0.363 0.000 0.000 0.000
-1.491 1.487 1.185 0.062 -0.088 -0.000 0.307 -0.404 0.000 0.000 0.000
-1.488 1.483 1.185 0.079 -0.109 -0.000 0.343 -0.439 0.000 0.000 0.000
-1.483 1.477 1.185 0.097 -0.131 -0.000 0.377 -0.468 0.000 0.000 0.000
-1.478 1.469 1.185 0.116 -0.155 -0.000 0.406 -0.489 0.000 0.000 0.000
-1.472 1.461 1.185 0.137 -0.180 -0.000 0.432 -0.503 0.000 0.000 0.000
-1.464 1.451 1.185 0.159 -0.206 -0.000 0.454 -0.509 0.000 0.000 0.000
-1.456 1.440 1.185 0.183 -0.231 -0.000 0.471 -0.508 0.000 0.000 0.000
-1.446 1.428 1.185 0.206 -0.256 -0.000 0.484 -0.499 0.000 0.000 0.000
-1.435 1.415 1.185 0.231 -0.281 -0.000 0.492 -0.483 0.000 0.000 0.000
-1.423 1.400 1.185 0.256 -0.304 0.000 0.496 -0.462 0.000 0.000 0.000
-1.410 1.384 1.185 0.280 -0.327 0.000 0.495 -0.435 0.000 0.000 0.000
-1.395 1.368 1.185 0.305 -0.348 0.000 0.489 -0.403 0.000 0.000 0.000
-1.379 1.350 1.185 0.329 -0.367 0.000 0.480 -0.367 0.000 0.000 0.000
-1.362 1.331 1.185 0.353 -0.384 0.000 0.466 -0.328 0.000 0.000 0.000
-1.344 1.311 1.185 0.376 -0.400 0.000 0.449 -0.288 0.000 0.000 0.000
-1.325 1.291 1.185 0.398 -0.413 0.000 0.429 -0.247 0.000 0.000 0.000
-1.304 1.270 1.185 0.419 -0.425 0.000 0.406 -0.206 0.000 0.000 0.000
-1.283 1.248 1.185 0.438 -0.434 0.000 0.381 -0.166 0.000 0.000 0.000
-1.260 1.227 1.185 0.457 -0.441 0.000 0.354 -0.129 -0.000 0.000 0.000
-1.237 1.204 1.185 0.474 -0.447 0.000 0.325 -0.094 -0.000 0.000 0.000
-1.213 1.182 1.185 0.489 -0.451 0.000 0.296 -0.064 -0.000 0.000 0.000
-1.188 1.159 1.185 0.503 -0.453 0.000 0.265 -0.039 -0.000 0.000 0.000
-1.163 1.137 1.185 0.516 -0.455 0.000 0.234 -0.019 -0.000 0.000 0.000
-1.137 1.114 1.185 0.527 -0.455 0.000 0.204 -0.005 -0.000 0.000 0.000
-1.110 1.091 1.185 0.536 -0.455 0.000 0.174 0.002 -0.000 0.000 0.000
-1.083 1.068 1.185 0.544 -0.455 0.000 0.146 0.002 -0.000 0.000 0.000
-1.056 1.046 1.185 0.551 -0.455 0.000 0.118 -0.004 -0.000 0.000 0.000
-1.028 1.023 1.185 0.556 -0.456 -0.000 0.092 -0.017 -0.000 0.000 0.000
-1.000 1.000 1.185 0.560 -0.457 -0.000 0.069 -0.037 -0.000 0.000 0.000
-0.972 0.977 1.185 0.563 -0.460 0.000 0.047 -0.063 -0.000 0.000 0.000
-0.944 0.954 1.185 0.565 -0.463 0.000 0.027 -0.093 -0.000 0.000 0.000
-0.915 0.931 1.185 0.566 -0.469 0.000 0.010 -0.128 -0.000 0.000 0.000
-0.887 0.907 1.185 0.566 -0.476 0.000 -0.005 -0.165 -0.000 0.000 0.000
-0.859 0.883 1.185 0.565 -0.485 0.000 -0.018 -0.204 -0.000 0.000 0.000
-0.831 0.859 1.185 0.564 -0.497 0.000 -0.028 -0.243 -0.000 0.000 0.000
-0.803 0.833 1.185 0.562 -0.510 0.000 -0.036 -0.280 -0.000 0.000 0.000
-0.774 0.808 1.185 0.560 -0.525 0.000 -0.042 -0.315 -0.000 0.000 0.000
-0.746 0.781 1.185 0.558 -0.541 -0.000 -0.047 -0.344 -0.000 0.000 0.000
-0.719 0.753 1.185 0.556 -0.559 -0.000 -0.049 -0.368 -0.000 0.000 0.000
-0.691 0.725 1.185 0.553 -0.578 -0.000 -0.050 -0.384 -0.000 0.000 0.000
-0.663 0.696 1.185 0.551 -0.597 -0.000 -0.049 -0.392 -0.000 0.000 0.000
-0.636 0.665 1.185 0.548 -0.617 -0.000 -0.047 -0.390 -0.000 0.000 0.000
-0.608 0.634 1.185 0.546 -0.636 -0.000 -0.044 -0.376 -0.000 0.000 0.000
-0.581 0.602 1.185 0.544 -0.654 -0.000 -0.040 -0.352 -0.000 0.000 0.000
-0.554 0.569 1.185 0.542 -0.671 -0.000 -0.036 -0.316 -0.000 0.000 0.000
-0.527 0.535 1.185 0.540 -0.686 -0.000 -0.030 -0.268 -0.000 0.000 0.000
-0.500 0.500 1.185 0.539 -0.698 -0.000 -0.024 -0.208 -0.000 0.000 0.000
-0.473 0.465 1.185 0.538 -0.706 -0.000 -0.017 -0.137 0.000 0.000 0.000
-0.446 0.429 1.185 0.537 -0.711 -0.000 -0.009 -0.056 0.000 0.000 0.000
-0.419 0.394 1.185 0.537 -0.712 -0.000 -0.001 0.033 0.000 0.000 0.000
-0.392 0.358 1.185 0.537 -0.708 -0.000 0.008 0.128 0.000 0.000 0.000
-0.366 0.323 1.185 0.538 -0.699 -0.000 0.017 0.229 0.000 0.000 0.000
-0.339 0.289 1.185 0.539 -0.685 -0.000 0.028 0.332 0.000 0.000 0.000
-0.312 0.255 1.185 0.541 -0.666 0.000 0.039 0.435 0.000 0.000 0.000
-0.285 0.222 1.185 0.543 -0.641 0.000 0.052 0.535 0.000 0.000 0.000
-0.257 0.191 1.185 0.546 -0.612 0.000 0.065 0.631 0.000 0.000 0.000
-0.230 0.161 1.185 0.550 -0.578 0.000 0.080 0.721 0.000 0.000 0.000
-0.202 0.133 1.185 0.554 -0.540 0.000 0.096 0.800 0.000 0.000 0.000
-0.175 0.107 1.185 0.559 -0.499 0.000 0.113 0.869 0.000 0.000 0.000
-0.146 0.083 1.185 0.565 -0.454 0.000 0.131 0.924 0.000 0.000 0.000
-0.118 0.062 1.185 0.572 -0.406 0.000 0.150 0.964 0.000 0.000 0.000
-0.089 0.043 1.185 0.580 -0.358 0.000 0.170 0.988 0.000 0.000 0.000
-0.060 0.026 1.185 0.589 -0.308 0.000 0.191 0.994 0.000 0.000 0.000
-0.030 0.012 1.185 0.599 -0.258 0.000 0.212 0.984 0.000 0.000 0.000
0.000 0.000 1.185 0.611 -0.210 0.000 0.233 0.955 0.000 0.000 0.000
0.031 -0.009 1.185 0.623 -0.163 0.000 0.254 0.910 0.000 0.000 0.000
0.062 -0.016 1.185 0.636 -0.119 0.000 0.273 0.850 0.000 0.000 0.000
0.094 -0.021 1.185 0.650 -0.078 0.000 0.291 0.776 0.000 0.000 0.000
0.127 -0.024 1.185 0.665 -0.042 0.000 0.307 0.690 0.000 0.000 0.000
0.161 -0.026 1.185 0.681 -0.010 0.000 0.320 0.595 0.000 0.000 0.000
0.195 -0.025 1.185 0.697 0.018 0.000 0.329 0.494 0.000 0.000 0.000
0.231 -0.024 1.185 0.714 0.040 0.000 0.335 0.390 0.000 0.000 0.000
0.267 -0.021 1.185 0.730 0.057 0.000 0.335 0.286 0.000 0.000 0.000
0.304 -0.018 1.185 0.747 0.068 0.000 0.330 0.185 0.000 0.000 0.000
0.341 -0.015 1.185 0.763 0.075 0.000 0.320 0.090 0.000 0.000 0.000
0.380 -0.011 1.185 0.779 0.078 0.000 0.304 0.003 0.000 0.000 0.000
0.419 -0.007 1.185 0.794 0.076 0.000 0.282 -0.074 0.000 0.000 0.000
0.459 -0.003 1.185 0.807 0.070 0.000 0.254 -0.138 0.000 0.000 0.000
0.500 0.000 1.185 0.819 0.062 0.000 0.221 -0.188 0.000 0.000 0.000
0.541 0.003 1.185 0.829 0.052 0.000 0.183 -0.224 -0.000 0.000 0.000
0.583 0.005 1.185 0.837 0.040 0.000 0.140 -0.245 -0.000 0.000 0.000
0.625 0.007 1.185 0.843 0.027 0.000 0.095 -0.253 -0.000 0.000 0.000
0.667 0.008 1.185 0.847 0.015 0.000 0.048 -0.247 -0.000 0.000 0.000
0.709 0.008 1.185 0.848 0.003 0.000 0.000 -0.230 -0.000 0.000 0.000
0.752 0.008 1.185 0.847 -0.008 0.000 -0.047 -0.204 -0.000 0.000 0.000
0.794 0.008 1.185 0.843 -0.017 0.000 -0.092 -0.171 -0.000 0.000 0.000
0.836 0.007 1.185 0.837 -0.025 0.000 -0.134 -0.132 -0.000 0.000 0.000
0.878 0.005 1.185 0.830 -0.030 0.000 -0.171 -0.090 -0.000 0.000 0.000
0.919 0.003 1.185 0.820 -0.034 0.000 -0.203 -0.048 -0.000 0.000 0.000
0.960 0.002 1.185 0.810 -0.035 0.000 -0.229 -0.007 -0.000 0.000 0.000
1.000 0.000 1.185 0.798 -0.035 0.000 -0.248 0.030 -0.000 0.000 0.000
1.040 -0.002 1.185 0.785 -0.032 0.000 -0.261 0.063 -0.000 0.000 0.000
1.078 -0.003 1.185 0.772 -0.028 0.000 -0.266 0.090 -0.000 0.000 0.000
1.117 -0.005 1.185 0.758 -0.023 0.000 -0.266 0.111 -0.000 0.000 0.000
1.154 -0.006 1.185 0.745 -0.017 0.000 -0.260 0.125 -0.000 0.000 0.000
1.191 -0.006 1.185 0.732 -0.011 0.000 -0.249 0.133 -0.000 0.000 0.000
1.228 -0.007 1.185 0.720 -0.004 0.000 -0.235 0.134 -0.000 0.000 0.000
1.263 -0.007 1.185 0.709 0.002 0.000 -0.220 0.129 -0.000 0.000 0.000
1.298 -0.006 1.185 0.698 0.009 -0.000 -0.203 0.119 -0.000 0.000 0.000
1.333 -0.006 1.185 0.689 0.014 -0.000 -0.187 0.105 -0.000 0.000 0.000
1.367 -0.005 1.185 0.680 0.019 -0.000 -0.173 0.088 -0.000 0.000 0.000
1.401 -0.004 1.185 0.671 0.023 -0.000 -0.163 0.068 -0.000 0.000 0.000
1.434 -0.003 1.185 0.663 0.026 -0.000 -0.157 0.047 -0.000 0.000 0.000
1.467 -0.001 1.185 0.655 0.028 -0.000 -0.156 0.026 -0.000 0.000 0.000
1.500 -0.000 1.185 0.648 0.028 -0.000 -0.161 0.005 -0.000 0.000 0.000
1.532 0.001 1.185 0.639 0.028 -0.000 -0.173 -0.015 0.000 0.000 0.000
1.564 0.003 1.185 0.630 0.027 -0.000 -0.191 -0.033 0.000 0.000 0.000
1.595 0.004 1.185 0.620 0.025 -0.000 -0.215 -0.048 0.000 0.000 0.000
1.626 0.005 1.185 0.609 0.022 -0.000 -0.245 -0.060 0.000 0.000 0.000
1.656 0.006 1.185 0.595 0.019 -0.000 -0.281 -0.070 0.000 0.000 0.000
1.685 0.007 1.185 0.580 0.015 -0.000 -0.321 -0.076 0.000 0.000 0.000
1.714 0.008 1.185 0.563 0.011 -0.000 -0.364 -0.080 0.000 0.000 0.000
1.742 0.008 1.185 0.544 0.007 -0.000 -0.408 -0.080 0.000 0.000 0.000
1.768 0.009 1.185 0.522 0.003 -0.000 -0.454 -0.078 0.000 0.000 0.000
1.794 0.009 1.185 0.499 -0.000 -0.000 -0.499 -0.074 0.000 0.000 0.000
1.818 0.009 1.185 0.473 -0.004 0.000 -0.542 -0.067 0.000 0.000 0.000
1.841 0.008 1.185 0.444 -0.007 0.000 -0.582 -0.058 0.000 0.000 0.000
1.863 0.008 1.185 0.414 -0.010 0.000 -0.616 -0.048 0.000 0.000 0.000
1.883 0.007 1.185 0.383 -0.012 0.000 -0.645 -0.038 0.000 0.000 0.000
1.901 0.007 1.185 0.350 -0.014 0.000 -0.667 -0.026 0.000 0.000 0.000
1.918 0.006 1.185 0.316 -0.015 0.000 -0.680 -0.015 0.000 0.000 0.000
1.932 0.005 1.185 0.282 -0.015 0.000 -0.684 -0.004 0.000 0.000 0.000
1.946 0.004 1.185 0.248 -0.015 0.000 -0.679 0.006 0.000 0.000 0.000
1.957 0.004 1.185 0.214 -0.014 0.000 -0.663 0.015 -0.000 0.000 0.000
1.967 0.003 1.185 0.182 -0.013 0.000 -0.637 0.023 -0.000 0.000 0.000
1.976 0.002 1.185 0.151 -0.012 0.000 -0.601 0.029 -0.000 0.000 0.000
1.982 0.002 1.185 0.122 -0.011 0.000 -0.555 0.033 -0.000 0.000 0.000
1.988 0.001 1.185 0.096 -0.009 0.000 -0.501 0.035 -0.000 0.000 0.000
1.992 0.001 1.185 0.072 -0.007 0.000 -0.439 0.035 -0.000 0.000 0.000
1.995 0.001 1.185 0.052 -0.005 0.000 -0.372 0.033 -0.000 0.000 0.000
1.997 0.000 1.185 0.035 -0.004 0.000 -0.301 0.029 -0.000 0.000 0.000
1.999 0.000 1.185 0.022 -0.002 0.000 -0.230 0.024 -0.000 0.000 0.000
1.999 0.000 1.185 0.012 -0.001 0.000 -0.161 0.018 -0.000 0.000 0.000
2.000 0.000 1.185 0.005 -0.001 0.000 -0.099 0.012 -0.000 0.000 0.000
2.000 0.000 1.185 0.002 -0.000 0.000 -0.048 0.006 -0.000 0.000 0.000
2.000 0.000 1.185 0.000 -0.000 0.000 -0.013 0.002 -0.000 0.000 0.000
2.000 -0.000 1.185 -0.000 -0.000 0.000 0.000 -0.000 -0.000 0.000 0.000
2.000 0.000 1.185 0.000 0.000 0.000 0.000 0.000 0.000 0.000 0.000
2.000 0.000 1.185 0.000 0.000 0.000 0.000 0.000 0.000 0.000 0.000
2.000 0.000 1.185 0.000 0.000 0.000 0.000 0.000 0.000 0.000 0.000
2.000 0.000 1.185 0.000 0.000 0.000 0.000 0.000 0.000 0.000 0.000
2.000 0.000 1.185 0.000 0.000 0.000 0.000 0.000 0.000 0.000 0.000
2.000 0.000 1.185 0.000 0.000 0.000 0.000 0.000 0.000 0.000 0.000
2.000 0.000 1.185 0.000 0.000 0.000 0.000 0.000 0.000 0.000 0.000
2.000 0.000 1.185 0.000 0.000 0.000 0.000 0.000 0.000 0.000 0.000
2.000 0.000 1.185 0.000 0.000 0.000 0.000 0.000 0.000 0.000 0.000
2.000 0.000 1.185 0.000 0.000 0.000 0.000 0.000 0.000 0.000 0.000
2.000 0.000 1.185 0.000 0.000 0.000 0.000 0.000 0.000 0.000 0.000
2.000 0.000 1.185 0.000 0.000 0.000 0.000 0.000 0.000 0.000 0.000
2.000 0.000 1.185 0.000 0.000 0.000 0.000 0.000 0.000 0.000 0.000
2.000 0.000 1.185 0.000 0.000 0.000 0.000 0.000 0.000 0.000 0.000
2.000 0.000 1.185 0.000 0.000 0.000 0.000 0.000 0.000 0.000 0.000
2.000 0.000 1.185 0.000 0.000 0.000 0.000 0.000 0.000 0.000 0.000
2.000 0.000 1.185 0.000 0.000 0.000 0.000 0.000 0.000 0.000 0.000
2.000 0.000 1.185 0.000 0.000 0.000 0.000 0.000 0.000 0.000 0.000
2.000 0.000 1.185 0.000 0.000 0.000 0.000 0.000 0.000 0.000 0.000
2.000 0.000 1.185 0.000 0.000 0.000 0.000 0.000 0.000 0.000 0.000
2.000 0.000 1.185 0.000 0.000 0.000 0.000 0.000 0.000 0.000 0.000
2.000 0.000 1.185 0.000 0.000 0.000 0.000 0.000 0.000 0.000 0.000
2.000 0.000 1.185 0.000 0.000 0.000 0.000 0.000 0.000 0.000 0.000
2.000 0.000 1.185 0.000 0.000 0.000 0.000 0.000 0.000 0.000 0.000
2.000 0.000 1.185 0.000 0.000 0.000 0.000 0.000 0.000 0.000 0.000
2.000 0.000 1.185 0.000 0.000 0.000 0.000 0.000 0.000 0.000 0.000
2.000 0.000 1.185 0.000 0.000 0.000 0.000 0.000 0.000 0.000 0.000
2.000 0.000 1.185 0.000 0.000 0.000 0.000 0.000 0.000 0.000 0.000
2.000 0.000 1.185 0.000 0.000 0.000 0.000 0.000 0.000 0.000 0.000
2.000 0.000 1.185 0.000 0.000 0.000 0.000 0.000 0.000 0.000 0.000
2.000 0.000 1.185 0.000 0.000 0.000 0.000 0.000 0.000 0.000 0.000
2.000 0.000 1.185 0.000 0.000 0.000 0.000 0.000 0.000 0.000 0.000
2.000 0.000 1.185 0.000 0.000 0.000 0.000 0.000 0.000 0.000 0.000
2.000 0.000 1.185 0.000 0.000 0.000 0.000 0.000 0.000 0.000 0.000
2.000 0.000 1.185 0.000 0.000 0.000 0.000 0.000 0.000 0.000 0.000
2.000 0.000 1.185 0.000 0.000 0.000 0.000 0.000 0.000 0.000 0.000
2.000 0.000 1.185 0.000 0.000 0.000 0.000 0.000 0.000 0.000 0.000
2.000 0.000 1.185 0.000 0.000 0.000 0.000 0.000 0.000 0.000 0.000
2.000 0.000 1.185 0.000 0.000 0.000 0.000 0.000 0.000 0.000 0.000
2.000 0.000 1.185 0.000 0.000 0.000 0.000 0.000 0.000 0.000 0.000
2.000 0.000 1.185 0.000 0.000 0.000 0.000 0.000 0.000 0.000 0.000
2.000 0.000 1.185 0.000 0.000 0.000 0.000 0.000 0.000 0.000 0.000
2.000 0.000 1.185 0.000 0.000 0.000 0.000 0.000 0.000 0.000 0.000
2.000 0.000 1.185 0.000 0.000 0.000 0.000 0.000 0.000 0.000 0.000
2.000 0.000 1.185 0.000 0.000 0.000 0.000 0.000 0.000 0.000 0.000
2.000 0.000 1.185 0.000 0.000 0.000 0.000 0.000 0.000 0.000 0.000
2.000 0.000 1.185 0.000 0.000 0.000 0.000 0.000 0.000 0.000 0.000
2.000 0.000 1.185 0.000 0.000 0.000 0.000 0.000 0.000 0.000 0.000
2.000 0.000 1.185 0.000 0.000 0.000 0.000 0.000 0.000 0.000 0.000
2.000 0.000 1.185 0.000 0.000 0.000 0.000 0.000 0.000 0.000 0.000
2.000 0.000 1.185 0.000 0.000 0.000 0.000 0.000 0.000 0.000 0.000
2.000 0.000 1.185 0.000 0.000 0.000 0.000 0.000 0.000 0.000 0.000
2.000 0.000 1.185 0.000 0.000 0.000 0.000 0.000 0.000 0.000 0.000
2.000 0.000 1.185 0.000 0.000 0.000 0.000 0.000 0.000 0.000 0.000
2.000 0.000 1.185 0.000 0.000 0.000 0.000 0.000 0.000 0.000 0.000
2.000 0.000 1.185 0.000 0.000 0.000 0.000 0.000 0.000 0.000 0.000
2.000 0.000 1.185 0.000 0.000 0.000 0.000 0.000 0.000 0.000 0.000
2.000 0.000 1.185 0.000 0.000 0.000 0.000 0.000 0.000 0.000 0.000
2.000 0.000 1.185 0.000 0.000 0.000 0.000 0.000 0.000 0.000 0.000
2.000 0.000 1.185 0.000 0.000 0.000 0.000 0.000 0.000 0.000 0.000
2.000 -0.000 1.185 -0.000 -0.000 0.000 -0.010 -0.006 0.001 0.000 0.000
2.000 -0.000 1.185 -0.001 -0.001 0.000 -0.036 -0.022 0.002 0.000 0.000
2.000 -0.000 1.185 -0.004 -0.002 0.000 -0.075 -0.043 0.005 0.000 0.000
2.000 -0.000 1.185 -0.009 -0.005 0.001 -0.124 -0.067 0.007 0.000 0.000
1.999 -0.001 1.185 -0.016 -0.009 0.001 -0.180 -0.089 0.009 0.000 0.000
1.998 -0.001 1.185 -0.027 -0.014 0.001 -0.241 -0.109 0.011 0.000 0.000
1.996 -0.002 1.185 -0.041 -0.020 0.002 -0.303 -0.124 0.013 0.000 0.000
1.994 -0.003 1.185 -0.057 -0.026 0.003 -0.365 -0.133 0.014 0.000 0.000
1.990 -0.005 1.185 -0.077 -0.033 0.003 -0.426 -0.135 0.014 0.000 0.000
1.986 -0.006 1.186 -0.100 -0.040 0.004 -0.483 -0.130 0.013 0.000 0.000
1.980 -0.009 1.186 -0.125 -0.046 0.005 -0.536 -0.117 0.012 0.000 0.000
1.973 -0.011 1.186 -0.153 -0.051 0.005 -0.584 -0.097 0.010 0.000 0.000
1.965 -0.014 1.186 -0.184 -0.055 0.006 -0.624 -0.071 0.007 0.000 0.000
1.955 -0.017 1.187 -0.216 -0.058 0.006 -0.658 -0.038 0.003 0.000 0.000
1.943 -0.020 1.187 -0.249 -0.059 0.006 -0.685 -0.001 -0.001 0.000 0.000
1.930 -0.022 1.187 -0.284 -0.058 0.006 -0.703 0.040 -0.005 0.000 0.000
1.915 -0.025 1.188 -0.320 -0.055 0.005 -0.714 0.083 -0.009 0.000 0.000
1.898 -0.028 1.188 -0.355 -0.050 0.005 -0.717 0.128 -0.014 0.000 0.000
1.879 -0.030 1.188 -0.391 -0.042 0.004 -0.713 0.171 -0.018 0.000 0.000
1.859 -0.032 1.188 -0.427 -0.033 0.003 -0.701 0.213 -0.022 0.000 0.000
1.837 -0.034 1.188 -0.461 -0.021 0.002 -0.682 0.251 -0.026 0.000 0.000
1.813 -0.034 1.188 -0.495 -0.008 0.001 -0.657 0.283 -0.029 0.000 0.000
1.787 -0.034 1.188 -0.527 0.007 -0.001 -0.626 0.309 -0.031 0.000 0.000
1.760 -0.034 1.188 -0.557 0.023 -0.003 -0.589 0.327 -0.032 0.000 0.000
1.732 -0.032 1.188 -0.586 0.040 -0.004 -0.548 0.335 -0.033 0.000 0.000
1.702 -0.030 1.188 -0.612 0.056 -0.006 -0.503 0.333 -0.032 0.000 0.000
1.671 -0.026 1.188 -0.636 0.073 -0.007 -0.455 0.319 -0.030 0.000 0.000
1.638 -0.022 1.187 -0.657 0.088 -0.009 -0.405 0.294 -0.027 0.000 0.000
1.605 -0.018 1.187 -0.676 0.102 -0.010 -0.353 0.256 -0.023 0.000 0.000
1.571 -0.012 1.186 -0.693 0.113 -0.011 -0.301 0.206 -0.017 0.000 0.000
1.536 -0.006 1.186 -0.706 0.122 -0.012 -0.248 0.144 -0.011 0.000 0.000
1.500 0.000 1.185 -0.717 0.128 -0.012 -0.195 0.071 -0.003 0.000 0.000
1.464 0.006 1.184 -0.726 0.129 -0.012 -0.144 -0.012 0.005 0.000 0.000
1.427 0.013 1.184 -0.732 0.126 -0.012 -0.094 -0.103 0.014 0.000 0.000
1.391 0.019 1.183 -0.735 0.119 -0.011 -0.047 -0.202 0.023 0.000 0.000
1.354 0.025 1.183 -0.737 0.106 -0.009 -0.002 -0.304 0.033 0.000 0.000
1.317 0.030 1.182 -0.736 0.088 -0.007 0.040 -0.408 0.042 0.000 0.000
1.280 0.033 1.182 -0.733 0.065 -0.005 0.079 -0.512 0.050 0.000 0.000
1.244 0.036 1.182 -0.728 0.037 -0.002 0.114 -0.612 0.057 0.000 0.000
1.208 0.037 1.182 -0.721 0.004 0.001 0.146 -0.706 0.064 0.000 0.000
1.172 0.036 1.182 -0.713 -0.033 0.004 0.174 -0.791 0.068 0.000 0.000
1.136 0.034 1.182 -0.704 -0.075 0.007 0.198 -0.865 0.070 0.000 0.000
1.101 0.029 1.183 -0.694 -0.119 0.011 0.218 -0.925 0.071 0.000 0.000
1.067 0.022 1.183 -0.682 -0.167 0.014 0.235 -0.970 0.069 0.000 0.000
1.033 0.012 1.184 -0.670 -0.216 0.018 0.248 -0.999 0.064 0.000 0.000
1.000 0.000 1.185 -0.658 -0.267 0.021 0.257 -1.009 0.057 0.000 0.000
0.967 -0.015 1.186 -0.645 -0.317 0.023 0.263 -1.002 0.047 0.000 0.000
0.936 -0.032 1.187 -0.631 -0.366 0.025 0.265 -0.976 0.034 0.000 0.000
0.904 -0.051 1.189 -0.618 -0.414 0.027 0.264 -0.933 0.019 0.000 0.000
0.874 -0.073 1.190 -0.605 -0.459 0.027 0.260 -0.874 0.002 0.000 0.000
0.844 -0.097 1.191 -0.592 -0.501 0.027 0.253 -0.800 -0.017 0.000 0.000
0.815 -0.123 1.193 -0.580 -0.539 0.025 0.244 -0.713 -0.038 0.000 0.000
0.786 -0.151 1.194 -0.568 -0.572 0.023 0.233 -0.616 -0.060 0.000 0.000
0.758 -0.180 1.195 -0.556 -0.601 0.019 0.219 -0.512 -0.083 0.000 0.000
0.730 -0.211 1.196 -0.546 -0.624 0.015 0.205 -0.402 -0.106 0.000 0.000
0.703 -0.243 1.196 -0.536 -0.641 0.009 0.188 -0.289 -0.130 0.000 0.000
0.677 -0.275 1.197 -0.527 -0.652 0.002 0.171 -0.178 -0.153 0.000 0.000
0.650 -0.308 1.197 -0.519 -0.659 -0.006 0.154 -0.069 -0.175 0.000 0.000
0.625 -0.341 1.196 -0.512 -0.659 -0.016 0.135 0.034 -0.196 0.000 0.000
0.599 -0.374 1.195 -0.505 -0.655 -0.026 0.117 0.128 -0.216 0.000 0.000
0.574 -0.406 1.193 -0.500 -0.647 -0.037 0.099 0.212 -0.233 0.000 0.000
0.549 -0.438 1.191 -0.496 -0.634 -0.049 0.081 0.283 -0.248 0.000 0.000
0.525 -0.470 1.188 -0.492 -0.619 -0.062 0.063 0.340 -0.261 0.000 0.000
0.500 -0.500 1.185 -0.489 -0.601 -0.075 0.047 0.382 -0.271 0.000 0.000
0.476 -0.530 1.181 -0.487 -0.581 -0.089 0.031 0.408 -0.278 0.000 0.000
0.451 -0.558 1.176 -0.486 -0.560 -0.103 0.017 0.417 -0.282 0.000 0.000
0.427 -0.586 1.171 -0.486 -0.539 -0.117 0.004 0.411 -0.284 0.000 0.000
0.403 -0.612 1.164 -0.486 -0.519 -0.131 -0.009 0.390 -0.283 0.000 0.000
0.378 -0.637 1.157 -0.486 -0.500 -0.146 -0.019 0.356 -0.279 0.000 0.000
0.354 -0.662 1.150 -0.488 -0.484 -0.159 -0.029 0.309 -0.272 0.000 0.000
0.330 -0.686 1.142 -0.489 -0.470 -0.173 -0.037 0.252 -0.264 0.000 0.000
0.305 -0.709 1.133 -0.491 -0.459 -0.186 -0.044 0.187 -0.254 0.000 0.000
0.281 -0.732 1.123 -0.494 -0.451 -0.198 -0.050 0.116 -0.242 0.000 0.000
0.256 -0.754 1.113 -0.496 -0.447 -0.210 -0.055 0.041 -0.229 0.000 0.000
0.231 -0.777 1.102 -0.499 -0.447 -0.221 -0.058 -0.034 -0.215 0.000 0.000
0.206 -0.799 1.091 -0.502 -0.451 -0.231 -0.061 -0.107 -0.201 0.000 0.000
0.181 -0.822 1.079 -0.505 -0.458 -0.241 -0.063 -0.177 -0.186 0.000 0.000
0.155 -0.845 1.067 -0.508 -0.468 -0.250 -0.064 -0.240 -0.172 0.000 0.000
0.130 -0.869 1.054 -0.511 -0.482 -0.258 -0.064 -0.295 -0.158 0.000 0.000
0.104 -0.893 1.041 -0.515 -0.497 -0.266 -0.064 -0.339 -0.145 0.000 0.000
0.078 -0.918 1.027 -0.518 -0.515 -0.273 -0.063 -0.370 -0.133 0.000 0.000
0.052 -0.945 1.013 -0.521 -0.534 -0.279 -0.062 -0.388 -0.122 0.000 0.000
0.026 -0.972 0.999 -0.524 -0.554 -0.285 -0.061 -0.391 -0.113 0.000 0.000
-0.000 -1.000 0.985 -0.527 -0.573 -0.290 -0.060 -0.379 -0.105 0.000 0.000
-0.026 -1.029 0.970 -0.530 -0.591 -0.296 -0.059 -0.351 -0.099 0.000 0.000
-0.053 -1.059 0.955 -0.533 -0.608 -0.300 -0.059 -0.308 -0.095 0.000 0.000
-0.080 -1.090 0.940 -0.536 -0.622 -0.305 -0.058 -0.250 -0.092 0.000 0.000
-0.107 -1.121 0.925 -0.539 -0.633 -0.310 -0.058 -0.180 -0.090 0.000 0.000
-0.134 -1.153 0.909 -0.542 -0.640 -0.314 -0.058 -0.098 -0.090 0.000 0.000
-0.161 -1.185 0.894 -0.545 -0.642 -0.319 -0.059 -0.006 -0.091 0.000 0.000
-0.188 -1.217 0.878 -0.548 -0.640 -0.323 -0.060 0.092 -0.092 0.000 0.000
-0.216 -1.249 0.861 -0.551 -0.633 -0.328 -0.062 0.196 -0.094 0.000 0.000
-0.243 -1.280 0.845 -0.554 -0.621 -0.333 -0.064 0.302 -0.097 0.000 0.000
-0.271 -1.311 0.828 -0.557 -0.603 -0.337 -0.067 0.408 -0.099 0.000 0.000
-0.299 -1.341 0.811 -0.561 -0.580 -0.342 -0.070 0.511 -0.101 0.000 0.000
-0.327 -1.369 0.794 -0.564 -0.552 -0.347 -0.074 0.609 -0.102 0.000 0.000
-0.355 -1.396 0.776 -0.568 -0.519 -0.353 -0.078 0.699 -0.102 0.000 0.000
-0.384 -1.421 0.758 -0.572 -0.482 -0.358 -0.082 0.780 -0.101 0.000 0.000
-0.413 -1.444 0.740 -0.576 -0.441 -0.363 -0.087 0.849 -0.099 0.000 0.000
-0.441 -1.465 0.722 -0.581 -0.397 -0.368 -0.091 0.904 -0.095 0.000 0.000
-0.471 -1.484 0.704 -0.585 -0.351 -0.372 -0.095 0.944 -0.089 0.000 0.000
-0.500 -1.500 0.685 -0.590 -0.303 -0.376 -0.099 0.968 -0.081 0.000 0.000
-0.530 -1.514 0.666 -0.595 -0.255 -0.380 -0.103 0.976 -0.071 0.000 0.000
-0.560 -1.525 0.647 -0.600 -0.206 -0.383 -0.105 0.967 -0.059 0.000 0.000
-0.590 -1.535 0.628 -0.606 -0.158 -0.386 -0.106 0.943 -0.045 0.000 0.000
-0.620 -1.541 0.608 -0.611 -0.112 -0.388 -0.106 0.903 -0.029 0.000 0.000
-0.651 -1.546 0.589 -0.616 -0.068 -0.389 -0.104 0.850 -0.011 0.000 0.000
-0.682 -1.548 0.570 -0.621 -0.027 -0.389 -0.100 0.784 0.008 0.000 0.000
-0.713 -1.549 0.550 -0.626 0.010 -0.388 -0.094 0.708 0.028 0.000 0.000
-0.744 -1.547 0.531 -0.631 0.043 -0.386 -0.085 0.624 0.049 0.000 0.000
-0.776 -1.544 0.511 -0.635 0.072 -0.383 -0.073 0.533 0.072 0.000 0.000
-0.808 -1.540 0.492 -0.638 0.097 -0.379 -0.059 0.437 0.094 0.000 0.000
-0.840 -1.535 0.474 -0.641 0.116 -0.374 -0.041 0.340 0.117 0.000 0.000
-0.872 -1.529 0.455 -0.642 0.131 -0.367 -0.020 0.244 0.140 0.000 0.000
-0.904 -1.522 0.437 -0.643 0.140 -0.360 0.005 0.149 0.162 0.000 0.000
-0.936 -1.515 0.419 -0.642 0.146 -0.351 0.032 0.059 0.184 0.000 0.000
-0.968 -1.507 0.402 -0.639 0.146 -0.341 0.063 -0.024 0.204 0.000 0.000
-1.000 -1.500 0.385 -0.635 0.143 -0.331 0.097 -0.100 0.224 0.000 0.000
-1.032 -1.493 0.369 -0.629 0.137 -0.319 0.134 -0.167 0.241 0.000 0.000
-1.063 -1.486 0.353 -0.622 0.127 -0.307 0.173 -0.224 0.258 0.000 0.000
-1.094 -1.480 0.338 -0.612 0.114 -0.293 0.214 -0.270 0.272 0.000 0.000
-1.124 -1.475 0.324 -0.600 0.100 -0.279 0.256 -0.306 0.284 0.000 0.000
-1.154 -1.470 0.310 -0.587 0.084 -0.265 0.299 -0.330 0.294 0.000 0.000
-1.183 -1.467 0.297 -0.571 0.067 -0.250 0.342 -0.344 0.302 0.000 0.000
-1.211 -1.464 0.285 -0.552 0.050 -0.235 0.384 -0.348 0.308 0.000 0.000
-1.238 -1.462 0.274 -0.532 0.032 -0.219 0.425 -0.343 0.312 0.000 0.000
-1.264 -1.460 0.263 -0.510 0.016 -0.204 0.464 -0.328 0.313 0.000 0.000
-1.289 -1.460 0.253 -0.486 -0.000 -0.188 0.500 -0.306 0.312 0.000 0.000
-1.313 -1.460 0.244 -0.460 -0.015 -0.173 0.532 -0.278 0.308 0.000 0.000
-1.335 -1.462 0.236 -0.433 -0.028 -0.157 0.561 -0.244 0.303 0.000 0.000
-1.356 -1.463 0.229 -0.404 -0.039 -0.142 0.584 -0.206 0.295 0.000 0.000
-1.375 -1.465 0.222 -0.374 -0.049 -0.128 0.603 -0.165 0.286 0.000 0.000
-1.393 -1.468 0.216 -0.344 -0.056 -0.114 0.615 -0.122 0.275 0.000 0.000
-1.410 -1.471 0.211 -0.313 -0.061 -0.100 0.621 -0.080 0.262 0.000 0.000
-1.424 -1.474 0.206 -0.282 -0.064 -0.088 0.621 -0.038 0.247 0.000 0.000
-1.438 -1.477 0.202 -0.251 -0.065 -0.076 0.613 0.001 0.231 0.000 0.000
-1.450 -1.480 0.198 -0.221 -0.064 -0.064 0.599 0.037 0.214 0.000 0.000
-1.460 -1.484 0.195 -0.191 -0.061 -0.054 0.577 0.069 0.197 0.000 0.000
-1.469 -1.487 0.193 -0.163 -0.057 -0.045 0.549 0.095 0.178 0.000 0.000
-1.476 -1.489 0.191 -0.136 -0.052 -0.036 0.515 0.115 0.159 0.000 0.000
-1.482 -1.492 0.189 -0.112 -0.045 -0.029 0.474 0.129 0.140 0.000 0.000
-1.487 -1.494 0.188 -0.089 -0.039 -0.022 0.429 0.137 0.121 0.000 0.000
-1.491 -1.496 0.187 -0.069 -0.032 -0.017 0.379 0.138 0.102 0.000 0.000
-1.494 -1.497 0.186 -0.051 -0.025 -0.012 0.326 0.132 0.084 0.000 0.000
-1.497 -1.498 0.186 -0.036 -0.019 -0.008 0.271 0.121 0.067 0.000 0.000
-1.498 -1.499 0.185 -0.024 -0.013 -0.005 0.215 0.104 0.051 0.000 0.000
-1.499 -1.499 0.185 -0.015 -0.008 -0.003 0.162 0.084 0.037 0.000 0.000
-1.500 -1.500 0.185 -0.008 -0.005 -0.002 0.112 0.062 0.025 0.000 0.000
-1.500 -1.500 0.185 -0.004 -0.002 -0.001 0.068 0.040 0.014 0.000 0.000
-1.500 -1.500 0.185 -0.001 -0.001 -0.000 0.032 0.020 0.007 0.000 0.000
-1.500 -1.500 0.185 -0.000 -0.000 -0.000 0.009 0.006 0.002 0.000 0.000
-1.500 -1.500 0.185 0.000 -0.000 -0.000 0.000 0.000 -0.000 0.000 0.000
-1.500 -1.500 0.185 -0.000 -0.000 -0.000 -0.000 -0.000 -0.000 0.000 0.000
-1.500 -1.500 0.185 -0.000 -0.000 -0.000 -0.000 -0.000 -0.001 0.000 0.000
-1.500 -1.500 0.185 -0.000 -0.000 -0.000 -0.000 -0.000 -0.002 0.000 0.000
-1.500 -1.500 0.185 -0.000 -0.000 -0.000 -0.000 -0.000 -0.003 0.000 0.000
-1.500 -1.500 0.185 -0.000 -0.000 -0.000 -0.000 -0.000 -0.004 0.000 0.000
-1.500 -1.500 0.185 -0.000 -0.000 -0.001 -0.000 -0.000 -0.006 0.000 0.000
-1.500 -1.500 0.185 -0.000 -0.000 -0.001 -0.000 -0.000 -0.008 0.000 0.000
-1.500 -1.500 0.185 -0.000 -0.000 -0.001 -0.000 -0.000 -0.010 0.000 0.000
-1.500 -1.500 0.185 -0.000 -0.000 -0.002 -0.000 -0.000 -0.012 0.000 0.000
-1.500 -1.500 0.185 -0.000 -0.000 -0.003 -0.000 -0.000 -0.014 0.000 0.000
-1.500 -1.500 0.185 -0.000 -0.000 -0.003 -0.000 -0.000 -0.017 0.000 0.000
-1.500 -1.500 0.184 -0.000 -0.000 -0.004 -0.000 -0.000 -0.019 0.000 0.000
-1.500 -1.500 0.184 -0.000 -0.000 -0.005 -0.000 -0.000 -0.022 0.000 0.000
-1.500 -1.500 0.184 -0.000 -0.000 -0.006 -0.000 -0.000 -0.025 0.000 0.000
-1.500 -1.500 0.183 -0.000 -0.000 -0.008 -0.000 -0.000 -0.028 0.000 0.000
-1.500 -1.500 0.183 -0.000 -0.000 -0.009 -0.000 -0.000 -0.030 0.000 0.000
-1.500 -1.500 0.183 -0.000 -0.000 -0.011 -0.000 -0.000 -0.033 0.000 0.000
-1.500 -1.500 0.182 -0.000 -0.000 -0.012 -0.000 -0.000 -0.036 0.000 0.000
-1.500 -1.500 0.181 -0.000 -0.000 -0.014 -0.000 -0.000 -0.039 0.000 0.000
-1.500 -1.500 0.181 -0.000 -0.000 -0.016 -0.000 -0.000 -0.042 0.000 0.000
-1.500 -1.500 0.180 -0.000 -0.000 -0.019 -0.000 -0.000 -0.045 0.000 0.000
-1.500 -1.500 0.179 -0.000 -0.000 -0.021 -0.000 -0.000 -0.048 0.000 0.000
-1.500 -1.500 0.178 -0.000 -0.000 -0.023 -0.000 -0.000 -0.051 0.000 0.000
-1.500 -1.500 0.176 -0.000 -0.000 -0.026 -0.000 -0.000 -0.053 0.000 0.000
-1.500 -1.500 0.175 -0.000 -0.000 -0.029 -0.000 -0.000 -0.056 0.000 0.000
-1.500 -1.500 0.173 -0.000 -0.000 -0.032 -0.000 -0.000 -0.058 0.000 0.000
-1.500 -1.500 0.172 -0.000 -0.000 -0.035 -0.000 -0.000 -0.061 0.000 0.000
-1.500 -1.500 0.170 -0.000 -0.000 -0.038 -0.000 -0.000 -0.063 0.000 0.000
-1.500 -1.500 0.168 -0.000 -0.000 -0.041 -0.000 -0.000 -0.066 0.000 0.000
-1.500 -1.500 0.166 -0.000 -0.000 -0.044 -0.000 -0.000 -0.068 0.000 0.000
-1.500 -1.500 0.164 -0.000 -0.000 -0.048 -0.000 -0.000 -0.070 0.000 0.000
-1.500 -1.500 0.161 -0.000 -0.000 -0.051 -0.000 -0.000 -0.072 0.000 0.000
-1.500 -1.500 0.159 -0.000 -0.000 -0.055 -0.000 -0.000 -0.073 0.000 0.000
-1.500 -1.500 0.156 -0.000 -0.000 -0.058 -0.000 -0.000 -0.075 0.000 0.000
-1.500 -1.500 0.153 -0.000 -0.000 -0.062 -0.000 -0.000 -0.076 0.000 0.000
-1.500 -1.500 0.149 -0.000 -0.000 -0.066 -0.000 -0.000 -0.078 0.000 0.000
-1.500 -1.500 0.146 -0.000 -0.000 -0.070 -0.000 -0.000 -0.079 0.000 0.000
-1.500 -1.500 0.142 -0.000 -0.000 -0.074 -0.000 -0.000 -0.080 0.000 0.000
-1.500 -1.500 0.139 -0.000 -0.000 -0.078 -0.000 -0.000 -0.081 0.000 0.000
-1.500 -1.500 0.135 -0.000 -0.000 -0.082 -0.000 -0.000 -0.081 0.000 0.000
-1.500 -1.500 0.130 -0.000 -0.000 -0.086 -0.000 -0.000 -0.082 0.000 0.000
-1.500 -1.500 0.126 -0.000 -0.000 -0.090 -0.000 -0.000 -0.082 0.000 0.000
-1.500 -1.500 0.121 -0.000 -0.000 -0.094 -0.000 -0.000 -0.082 0.000 0.000
-1.500 -1.500 0.117 -0.000 -0.000 -0.098 -0.000 -0.000 -0.082 0.000 0.000
-1.500 -1.500 0.112 -0.000 -0.000 -0.103 -0.000 -0.000 -0.082 0.000 0.000
-1.500 -1.500 0.106 -0.000 -0.000 -0.107 -0.000 -0.000 -0.082 0.000 0.000
-1.500 -1.500 0.101 -0.000 -0.000 -0.111 -0.000 -0.000 -0.082 0.000 0.000
-1.500 -1.500 0.095 -0.000 -0.000 -0.115 -0.000 -0.000 -0.081 0.000 0.000
-1.500 -1.500 0.089 -0.000 -0.000 -0.119 -0.000 -0.000 -0.080 0.000 0.000
-1.500 -1.500 0.083 -0.000 -0.000 -0.123 0.000 0.000 -0.079 0.000 0.000
-1.500 -1.500 0.077 -0.000 -0.000 -0.127 0.000 0.000 -0.078 0.000 0.000
-1.500 -1.500 0.071 -0.000 -0.000 -0.131 0.000 0.000 -0.077 0.000 0.000
-1.500 -1.500 0.064 -0.000 -0.000 -0.134 0.000 0.000 -0.075 0.000 0.000
-1.500 -1.500 0.057 -0.000 -0.000 -0.138 0.000 0.000 -0.074 0.000 0.000
-1.500 -1.500 0.050 -0.000 -0.000 -0.142 0.000 0.000 -0.072 0.000 0.000
-1.500 -1.500 0.043 -0.000 -0.000 -0.145 0.000 0.000 -0.070 0.000 0.000
-1.500 -1.500 0.036 -0.000 -0.000 -0.149 0.000 0.000 -0.068 0.000 0.000
-1.500 -1.500 0.028 -0.000 -0.000 -0.152 0.000 0.000 -0.066 0.000 0.000
-1.500 -1.500 0.020 -0.000 -0.000 -0.155 0.000 0.000 -0.064 0.000 0.000
-1.500 -1.500 0.013 -0.000 -0.000 -0.159 0.000 0.000 -0.062 0.000 0.000
-1.500 -1.500 0.005 -0.000 -0.000 -0.162 0.000 0.000 -0.059 0.000 0.000
-1.500 -1.500 -0.004 -0.000 -0.000 -0.165 0.000 0.000 -0.056 0.000 0.000
-1.500 -1.500 -0.012 -0.000 -0.000 -0.167 0.000 0.000 -0.054 0.000 0.000
-1.500 -1.500 -0.020 -0.000 -0.000 -0.170 0.000 0.000 -0.051 0.000 0.000
-1.500 -1.500 -0.029 -0.000 -0.000 -0.172 0.000 0.000 -0.048 0.000 0.000
-1.500 -1.500 -0.037 -0.000 -0.000 -0.175 0.000 0.000 -0.045 0.000 0.000
-1.500 -1.500 -0.046 -0.000 -0.000 -0.177 0.000 0.000 -0.042 0.000 0.000
-1.500 -1.500 -0.055 -0.000 -0.000 -0.179 0.000 0.000 -0.039 0.000 0.000
-1.500 -1.500 -0.064 -0.000 -0.000 -0.181 0.000 0.000 -0.035 0.000 0.000
-1.500 -1.500 -0.073 -0.000 -0.000 -0.182 0.000 0.000 -0.032 0.000 0.000
-1.500 -1.500 -0.082 -0.000 -0.000 -0.184 0.000 0.000 -0.029 0.000 0.000
-1.500 -1.500 -0.092 -0.000 -0.000 -0.185 0.000 0.000 -0.025 0.000 0.000
-1.500 -1.500 -0.101 -0.000 -0.000 -0.186 0.000 0.000 -0.022 0.000 0.000
-1.500 -1.500 -0.110 -0.000 -0.000 -0.187 0.000 0.000 -0.018 0.000 0.000
-1.500 -1.500 -0.120 0.000 0.000 -0.188 0.000 0.000 -0.015 0.000 0.000
-1.500 -1.500 -0.129 0.000 0.000 -0.189 0.000 0.000 -0.011 0.000 0.000
-1.500 -1.500 -0.139 0.000 0.000 -0.189 0.000 0.000 -0.007 0.000 0.000
-1.500 -1.500 -0.148 0.000 0.000 -0.190 0.000 0.000 -0.004 0.000 0.000
-1.500 -1.500 -0.157 0.000 0.000 -0.190 0.000 0.000 -0.000 0.000 0.000
-1.500 -1.500 -0.167 0.000 0.000 -0.190 0.000 0.000 0.004 0.000 0.000
-1.500 -1.500 -0.176 0.000 0.000 -0.189 0.000 0.000 0.007 0.000 0.000
-1.500 -1.500 -0.186 0.000 0.000 -0.189 0.000 0.000 0.011 0.000 0.000
-1.500 -1.500 -0.195 0.000 0.000 -0.188 0.000 0.000 0.015 0.000 0.000
-1.500 -1.500 -0.205 0.000 0.000 -0.187 0.000 0.000 0.018 0.000 0.000
-1.500 -1.500 -0.214 0.000 0.000 -0.186 0.000 0.000 0.022 0.000 0.000
-1.500 -1.500 -0.223 0.000 0.000 -0.185 0.000 0.000 0.025 0.000 0.000
-1.500 -1.500 -0.233 0.000 0.000 -0.184 0.000 0.000 0.029 0.000 0.000
-1.500 -1.500 -0.242 0.000 0.000 -0.182 0.000 0.000 0.032 0.000 0.000
-1.500 -1.500 -0.251 0.000 0.000 -0.181 0.000 0.000 0.035 0.000 0.000
-1.500 -1.500 -0.260 0.000 0.000 -0.179 0.000 0.000 0.039 0.000 0.000
-1.500 -1.500 -0.269 0.000 0.000 -0.177 0.000 0.000 0.042 0.000 0.000
-1.500 -1.500 -0.278 0.000 0.000 -0.175 0.000 0.000 0.045 0.000 0.000
-1.500 -1.500 -0.286 0.000 0.000 -0.172 0.000 0.000 0.048 0.000 0.000
-1.500 -1.500 -0.295 0.000 0.000 -0.170 0.000 0.000 0.051 0.000 0.000
-1.500 -1.500 -0.303 0.000 0.000 -0.167 0.000 0.000 0.054 0.000 0.000
-1.500 -1.500 -0.311 0.000 0.000 -0.165 0.000 0.000 0.056 0.000 0.000
-1.500 -1.500 -0.320 0.000 0.000 -0.162 0.000 0.000 0.059 0.000 0.000
-1.500 -1.500 -0.328 0.000 0.000 -0.159 0.000 0.000 0.062 0.000 0.000
-1.500 -1.500 -0.335 0.000 0.000 -0.155 0.000 0.000 0.064 0.000 0.000
-1.500 -1.500 -0.343 0.000 0.000 -0.152 0.000 0.000 0.066 0.000 0.000
-1.500 -1.500 -0.351 0.000 0.000 -0.149 0.000 0.000 0.068 0.000 0.000
-1.500 -1.500 -0.358 0.000 0.000 -0.145 0.000 0.000 0.070 0.000 0.000
-1.500 -1.500 -0.365 0.000 0.000 -0.142 0.000 0.000 0.072 0.000 0.000
-1.500 -1.500 -0.372 0.000 0.000 -0.138 0.000 0.000 0.074 0.000 0.000
-1.500 -1.500 -0.379 0.000 0.000 -0.134 0.000 0.000 0.075 0.000 0.000
-1.500 -1.500 -0.386 0.000 0.000 -0.131 0.000 0.000 0.077 0.000 0.000
-1.500 -1.500 -0.392 0.000 0.000 -0.127 0.000 0.000 0.078 0.000 0.000
-1.500 -1.500 -0.398 0.000 0.000 -0.123 -0.000 -0.000 0.079 0.000 0.000
-1.500 -1.500 -0.404 0.000 0.000 -0.119 -0.000 -0.000 0.080 0.000 0.000
-1.500 -1.500 -0.410 0.000 0.000 -0.115 -0.000 -0.000 0.081 0.000 0.000
-1.500 -1.500 -0.416 0.000 0.000 -0.111 -0.000 -0.000 0.082 0.000 0.000
-1.500 -1.500 -0.421 0.000 0.000 -0.107 -0.000 -0.000 0.082 0.000 0.000
-1.500 -1.500 -0.427 0.000 0.000 -0.103 -0.000 -0.000 0.082 0.000 0.000
-1.500 -1.500 -0.432 0.000 0.000 -0.098 -0.000 -0.000 0.082 0.000 0.000
-1.500 -1.500 -0.436 0.000 0.000 -0.094 -0.000 -0.000 0.082 0.000 0.000
-1.500 -1.500 -0.441 0.000 0.000 -0.090 -0.000 -0.000 0.082 0.000 0.000
-1.500 -1.500 -0.445 0.000 0.000 -0.086 -0.000 -0.000 0.082 0.000 0.000
-1.500 -1.500 -0.450 0.000 0.000 -0.082 -0.000 -0.000 0.081 0.000 0.000
-1.500 -1.500 -0.454 0.000 0.000 -0.078 -0.000 -0.000 0.081 0.000 0.000
-1.500 -1.500 -0.457 0.000 0.000 -0.074 -0.000 -0.000 0.080 0.000 0.000
-1.500 -1.500 -0.461 0.000 0.000 -0.070 -0.000 -0.000 0.079 0.000 0.000
-1.500 -1.500 -0.464 0.000 0.000 -0.066 -0.000 -0.000 0.078 0.000 0.000
-1.500 -1.500 -0.468 0.000 0.000 -0.062 -0.000 -0.000 0.076 0.000 0.000
-1.500 -1.500 -0.471 0.000 0.000 -0.058 -0.000 -0.000 0.075 0.000 0.000
-1.500 -1.500 -0.474 0.000 0.000 -0.055 -0.000 -0.000 0.073 0.000 0.000
-1.500 -1.500 -0.476 0.000 0.000 -0.051 -0.000 -0.000 0.072 0.000 0.000
-1.500 -1.500 -0.479 0.000 0.000 -0.048 -0.000 -0.000 0.070 0.000 0.000
-1.500 -1.500 -0.481 0.000 0.000 -0.044 -0.000 -0.000 0.068 0.000 0.000
-1.500 -1.500 -0.483 0.000 0.000 -0.041 -0.000 -0.000 0.066 0.000 0.000
-1.500 -1.500 -0.485 0.000 0.000 -0.038 -0.000 -0.000 0.063 0.000 0.000
-1.500 -1.500 -0.487 0.000 0.000 -0.035 -0.000 -0.000 0.061 0.000 0.000
-1.500 -1.500 -0.488 0.000 0.000 -0.032 -0.000 -0.000 0.058 0.000 0.000
-1.500 -1.500 -0.490 -0.000 -0.000 -0.029 -0.000 -0.000 0.056 0.000 0.000
-1.500 -1.500 -0.491 -0.000 -0.000 -0.026 -0.000 -0.000 0.053 0.000 0.000
-1.500 -1.500 -0.493 -0.000 -0.000 -0.023 -0.000 -0.000 0.051 0.000 0.000
-1.500 -1.500 -0.494 -0.000 -0.000 -0.021 -0.000 -0.000 0.048 0.000 0.000
-1.500 -1.500 -0.495 -0.000 -0.000 -0.019 -0.000 -0.000 0.045 0.000 0.000
-1.500 -1.500 -0.496 -0.000 -0.000 -0.016 -0.000 -0.000 0.042 0.000 0.000
-1.500 -1.500 -0.496 -0.000 -0.000 -0.014 -0.000 -0.000 0.039 0.000 0.000
-1.500 -1.500 -0.497 -0.000 -0.000 -0.012 -0.000 -0.000 0.036 0.000 0.000
-1.500 -1.500 -0.498 -0.000 -0.000 -0.011 -0.000 -0.000 0.033 0.000 0.000
-1.500 -1.500 -0.498 -0.000 -0.000 -0.009 -0.000 -0.000 0.030 0.000 0.000
-1.500 -1.500 -0.498 -0.000 -0.000 -0.008 -0.000 -0.000 0.028 0.000 0.000
-1.500 -1.500 -0.499 -0.000 -0.000 -0.006 -0.000 -0.000 0.025 0.000 0.000
-1.500 -1.500 -0.499 -0.000 -0.000 -0.005 -0.000 -0.000 0.022 0.000 0.000
-1.500 -1.500 -0.499 -0.000 -0.000 -0.004 -0.000 -0.000 0.019 0.000 0.000
-1.500 -1.500 -0.500 -0.000 -0.000 -0.003 -0.000 -0.000 0.017 0.000 0.000
-1.500 -1.500 -0.500 -0.000 -0.000 -0.003 -0.000 -0.000 0.014 0.000 0.000
-1.500 -1.500 -0.500 -0.000 -0.000 -0.002 -0.000 -0.000 0.012 0.000 0.000
-1.500 -1.500 -0.500 -0.000 -0.000 -0.001 -0.000 -0.000 0.010 0.000 0.000
-1.500 -1.500 -0.500 -0.000 -0.000 -0.001 -0.000 -0.000 0.008 0.000 0.000
-1.500 -1.500 -0.500 -0.000 -0.000 -0.001 0.000 0.000 0.006 0.000 0.000
-1.500 -1.500 -0.500 -0.000 -0.000 -0.000 0.000 0.000 0.004 0.000 0.000
-1.500 -1.500 -0.500 -0.000 -0.000 -0.000 0.000 0.000 0.003 0.000 0.000
-1.500 -1.500 -0.500 -0.000 -0.000 -0.000 0.000 0.000 0.002 0.000 0.000
-1.500 -1.500 -0.500 -0.000 -0.000 -0.000 0.000 0.000 0.001 0.000 0.000
-1.500 -1.500 -0.500 -0.000 -0.000 -0.000 0.000 0.000 0.000 0.000 0.000
-1.500 -1.500 -0.500 -0.000 -0.000 -0.000 0.000 0.000 0.000 0.000 0.000
