-1.500 1.500 0.185 -0.000 0.000 0.000 -0.000 0.000 0.002 0.000 0.000
-1.500 1.500 0.185 -0.000 0.000 0.000 -0.000 0.000 0.006 0.000 0.000
-1.500 1.500 0.185 -0.000 0.000 0.001 0.000 -0.000 0.013 0.000 0.000
-1.500 1.500 0.185 -0.000 0.000 0.002 0.000 -0.000 0.023 0.000 0.000
-1.500 1.500 0.185 -0.000 0.000 0.003 0.000 -0.000 0.034 0.000 0.000
-1.500 1.500 0.185 -0.000 0.000 0.005 0.000 -0.000 0.047 0.000 0.000
-1.500 1.500 0.186 -0.000 0.000 0.008 0.000 -0.000 0.061 0.000 0.000
-1.500 1.500 0.186 -0.000 0.000 0.011 0.000 -0.000 0.076 0.000 0.000
-1.500 1.500 0.187 -0.000 0.000 0.015 0.000 -0.000 0.092 0.000 0.000
-1.500 1.500 0.188 -0.000 0.000 0.020 0.000 -0.000 0.109 0.000 0.000
-1.500 1.500 0.189 -0.000 0.000 0.026 0.000 -0.000 0.126 0.000 0.000
-1.500 1.500 0.190 -0.000 0.000 0.033 0.000 -0.000 0.142 0.000 0.000
-1.500 1.500 0.192 -0.000 0.000 0.041 0.000 -0.000 0.159 0.000 0.000
-1.500 1.500 0.194 -0.000 0.000 0.049 0.000 -0.000 0.175 0.000 0.000
-1.500 1.500 0.197 -0.000 0.000 0.058 0.000 -0.000 0.191 0.000 0.000
-1.500 1.500 0.200 -0.000 0.000 0.068 0.000 -0.000 0.206 0.000 0.000
-1.500 1.500 0.204 -0.000 0.000 0.079 0.000 -0.000 0.221 0.000 0.000
-1.500 1.500 0.208 -0.000 0.000 0.090 0.000 -0.000 0.234 0.000 0.000
-1.500 1.500 0.213 -0.000 0.000 0.102 0.000 -0.000 0.247 0.000 0.000
-1.500 1.500 0.218 -0.000 0.000 0.115 0.000 -0.000 0.258 0.000 0.000
-1.500 1.500 0.224 -0.000 0.000 0.128 0.000 -0.000 0.268 0.000 0.000
-1.500 1.500 0.231 -0.000 0.000 0.141 0.000 -0.000 0.277 0.000 0.000
-1.500 1.500 0.239 -0.000 0.000 0.156 0.000 -0.000 0.285 0.000 0.000
-1.500 1.500 0.247 -0.000 0.000 0.170 0.000 -0.000 0.291 0.000 0.000
-1.500 1.500 0.256 -0.000 0.000 0.185 0.000 -0.000 0.295 0.000 0.000
-1.500 1.500 0.265 -0.000 0.000 0.199 0.000 -0.000 0.299 0.000 0.000
-1.500 1.500 0.276 -0.000 0.000 0.214 0.000 -0.000 0.300 0.000 0.000
-1.500 1.500 0.287 -0.000 0.000 0.229 0.000 -0.000 0.300 0.000 0.000
-1.500 1.500 0.298 -0.000 0.000 0.244 0.000 -0.000 0.299 0.000 0.000
-1.500 1.500 0.311 -0.000 0.000 0.259 0.000 -0.000 0.296 0.000 0.000
-1.500 1.500 0.324 -0.000 0.000 0.274 0.000 -0.000 0.292 0.000 0.000
-1.500 1.500 0.338 -0.000 0.000 0.288 0.000 -0.000 0.286 0.000 0.000
-1.500 1.500 0.353 -0.000 0.000 0.303 0.000 -0.000 0.279 0.000 0.000
-1.500 1.500 0.369 -0.000 0.000 0.316 0.000 -0.000 0.271 0.000 0.000
-1.500 1.500 0.385 -0.000 0.000 0.330 0.000 -0.000 0.261 0.000 0.000
-1.500 1.500 0.402 -0.000 0.000 0.342 0.000 -0.000 0.250 0.000 0.000
-1.500 1.500 0.419 -0.000 0.000 0.355 0.000 -0.000 0.237 0.000 0.000
-1.500 1.500 0.437 0.000 -0.000 0.366 0.000 -0.000 0.224 0.000 0.000
-1.500 1.500 0.456 0.000 -0.000 0.377 0.000 -0.000 0.209 0.000 0.000
-1.500 1.500 0.475 0.000 -0.000 0.387 0.000 -0.000 0.194 0.000 0.000
-1.500 1.500 0.494 0.000 -0.000 0.396 0.000 -0.000 0.177 0.000 0.000
-1.500 1.500 0.514 0.000 -0.000 0.405 0.000 -0.000 0.160 0.000 0.000
-1.500 1.500 0.535 0.000 -0.000 0.412 0.000 -0.000 0.141 0.000 0.000
-1.500 1.500 0.556 0.000 -0.000 0.419 0.000 -0.000 0.122 0.000 0.000
-1.500 1.500 0.577 0.000 -0.000 0.425 0.000 -0.000 0.103 0.000 0.000
-1.500 1.500 0.598 0.000 -0.000 0.429 0.000 -0.000 0.083 0.000 0.000
-1.500 1.500 0.620 0.000 -0.000 0.433 0.000 -0.000 0.063 0.000 0.000
-1.500 1.500 0.641 0.000 -0.000 0.435 0.000 -0.000 0.042 0.000 0.000
-1.500 1.500 0.663 0.000 -0.000 0.437 0.000 -0.000 0.021 0.000 0.000
-1.500 1.500 0.685 0.000 -0.000 0.438 -0.000 0.000 0.000 0.000 0.000
-1.500 1.500 0.707 0.000 -0.000 0.437 0.000 -0.000 -0.021 0.000 0.000
-1.500 1.500 0.729 0.000 -0.000 0.435 0.000 -0.000 -0.042 0.000 0.000
-1.500 1.500 0.750 0.000 -0.000 0.433 -0.000 0.000 -0.063 0.000 0.000
-1.500 1.500 0.772 0.000 -0.000 0.429 -0.000 0.000 -0.083 0.000 0.000
-1.500 1.500 0.793 0.000 -0.000 0.425 -0.000 0.000 -0.103 0.000 0.000
-1.500 1.500 0.814 0.000 -0.000 0.419 -0.000 0.000 -0.122 0.000 0.000
-1.500 1.500 0.835 0.000 -0.000 0.412 -0.000 0.000 -0.141 0.000 0.000
-1.500 1.500 0.856 0.000 -0.000 0.405 -0.000 0.000 -0.160 0.000 0.000
-1.500 1.500 0.876 0.000 -0.000 0.396 -0.000 0.000 -0.177 0.000 0.000
-1.500 1.500 0.895 0.000 -0.000 0.387 -0.000 0.000 -0.194 0.000 0.000
-1.500 1.500 0.914 0.000 -0.000 0.377 -0.000 0.000 -0.209 0.000 0.000
-1.500 1.500 0.933 0.000 -0.000 0.366 -0.000 0.000 -0.224 0.000 0.000
-1.500 1.500 0.951 0.000 -0.000 0.355 -0.000 0.000 -0.237 0.000 0.000
-1.500 1.500 0.968 0.000 -0.000 0.342 -0.000 0.000 -0.250 0.000 0.000
-1.500 1.500 0.985 0.000 -0.000 0.330 -0.000 0.000 -0.261 0.000 0.000
-1.500 1.500 1.001 0.000 -0.000 0.316 -0.000 0.000 -0.271 0.000 0.000
-1.500 1.500 1.017 0.000 -0.000 0.303 0.000 -0.000 -0.279 0.000 0.000
-1.500 1.500 1.032 0.000 -0.000 0.288 0.000 -0.000 -0.286 0.000 0.000
-1.500 1.500 1.046 0.000 -0.000 0.274 0.000 -0.000 -0.292 0.000 0.000
-1.500 1.500 1.059 0.000 -0.000 0.259 0.000 -0.000 -0.296 0.000 0.000
-1.500 1.500 1.072 0.000 -0.000 0.244 0.000 -0.000 -0.299 0.000 0.000
-1.500 1.500 1.083 0.000 -0.000 0.229 0.000 -0.000 -0.300 0.000 0.000
-1.500 1.500 1.094 0.000 -0.000 0.214 0.000 -0.000 -0.300 0.000 0.000
-1.500 1.500 1.105 0.000 -0.000 0.199 0.000 -0.000 -0.299 0.000 0.000
-1.500 1.500 1.114 0.000 -0.000 0.185 0.000 -0.000 -0.295 0.000 0.000
-1.500 1.500 1.123 0.000 -0.000 0.170 0.000 -0.000 -0.291 0.000 0.000
-1.500 1.500 1.131 0.000 -0.000 0.156 0.000 -0.000 -0.285 0.000 0.000
-1.500 1.500 1.139 0.000 -0.000 0.141 0.000 -0.000 -0.277 0.000 0.000
-1.500 1.500 1.146 0.000 -0.000 0.128 0.000 -0.000 -0.268 0.000 0.000
-1.500 1.500 1.152 0.000 -0.000 0.115 0.000 -0.000 -0.258 0.000 0.000
-1.500 1.500 1.157 0.000 -0.000 0.102 0.000 -0.000 -0.247 0.000 0.000
-1.500 1.500 1.162 0.000 -0.000 0.090 0.000 -0.000 -0.234 0.000 0.000
-1.500 1.500 1.166 0.000 -0.000 0.079 0.000 -0.000 -0.221 0.000 0.000
-1.500 1.500 1.170 0.000 -0.000 0.068 -0.000 0.000 -0.206 0.000 0.000
-1.500 1.500 1.173 0.000 -0.000 0.058 -0.000 0.000 -0.191 0.000 0.000
-1.500 1.500 1.176 0.000 -0.000 0.049 -0.000 0.000 -0.175 0.000 0.000
-1.500 1.500 1.178 0.000 -0.000 0.041 -0.000 0.000 -0.159 0.000 0.000
-1.500 1.500 1.180 0.000 -0.000 0.033 -0.000 0.000 -0.142 0.000 0.000
-1.500 1.500 1.181 0.000 -0.000 0.026 -0.000 0.000 -0.126 0.000 0.000
-1.500 1.500 1.182 0.000 -0.000 0.020 -0.000 0.000 -0.109 0.000 0.000
-1.500 1.500 1.183 0.000 -0.000 0.015 -0.000 0.000 -0.092 0.000 0.000
-1.500 1.500 1.184 0.000 -0.000 0.011 -0.000 0.000 -0.076 0.000 0.000
-1.500 1.500 1.184 0.000 -0.000 0.008 -0.000 0.000 -0.061 0.000 0.000
-1.500 1.500 1.185 0.000 -0.000 0.005 -0.000 0.000 -0.047 0.000 0.000
-1.500 1.500 1.185 0.000 -0.000 0.003 -0.000 0.000 -0.034 0.000 0.000
-1.500 1.500 1.185 0.000 -0.000 0.002 -0.000 0.000 -0.023 0.000 0.000
-1.500 1.500 1.185 0.000 -0.000 0.001 -0.000 0.000 -0.013 0.000 0.000
-1.500 1.500 1.185 0.000 -0.000 0.000 -0.000 0.000 -0.006 0.000 0.000
-1.500 1.500 1.185 0.000 -0.000 0.000 -0.000 0.000 -0.002 0.000 0.000
-1.500 1.500 1.185 0.000 -0.000 -0.000 -0.000 0.000 -0.000 0.000 0.000
-1.500 1.500 1.185 0.000 0.000 0.000 0.000 0.000 0.000 0.000 0.000
-1.500 1.500 1.185 0.000 0.000 0.000 0.000 0.000 0.000 0.000 0.000
-1.500 1.500 1.185 0.000 0.000 0.000 0.000 0.000 0.000 0.000 0.000
-1.500 1.500 1.185 0.000 0.000 0.000 0.000 0.000 0.000 0.000 0.000
-1.500 1.500 1.185 0.000 0.000 0.000 0.000 0.000 0.000 0.000 0.000
-1.500 1.500 1.185 0.000 0.000 0.000 0.000 0.000 0.000 0.000 0.000
-1.500 1.500 1.185 0.000 0.000 0.000 0.000 0.000 0.000 0.000 0.000
-1.500 1.500 1.185 0.000 0.000 0.000 0.000 0.000 0.000 0.000 0.000
-1.500 1.500 1.185 0.000 0.000 0.000 0.000 0.000 0.000 0.000 0.000
-1.500 1.500 1.185 0.000 0.000 0.000 0.000 0.000 0.000 0.000 0.000
-1.500 1.500 1.185 0.000 0.000 0.000 0.000 0.000 0.000 0.000 0.000
-1.500 1.500 1.185 0.000 0.000 0.000 0.000 0.000 0.000 0.000 0.000
-1.500 1.500 1.185 0.000 0.000 0.000 0.000 0.000 0.000 0.000 0.000
-1.500 1.500 1.185 0.000 0.000 0.000 0.000 0.000 0.000 0.000 0.000
-1.500 1.500 1.185 0.000 0.000 0.000 0.000 0.000 0.000 0.000 0.000
-1.500 1.500 1.185 0.000 0.000 0.000 0.000 0.000 0.000 0.000 0.000
-1.500 1.500 1.185 0.000 0.000 0.000 0.000 0.000 0.000 0.000 0.000
-1.500 1.500 1.185 0.000 0.000 0.000 0.000 0.000 0.000 0.000 0.000
-1.500 1.500 1.185 0.000 0.000 0.000 0.000 0.000 0.000 0.000 0.000
-1.500 1.500 1.185 0.000 0.000 0.000 0.000 0.000 0.000 0.000 0.000
-1.500 1.500 1.185 0.000 0.000 0.000 0.000 0.000 0.000 0.000 0.000
-1.500 1.500 1.185 0.000 0.000 0.000 0.000 0.000 0.000 0.000 0.000
-1.500 1.500 1.185 0.000 0.000 0.000 0.000 0.000 0.000 0.000 0.000
-1.500 1.500 1.185 0.000 0.000 0.000 0.000 0.000 0.000 0.000 0.000
-1.500 1.500 1.185 0.000 0.000 0.000 0.000 0.000 0.000 0.000 0.000
-1.500 1.500 1.185 0.000 0.000 0.000 0.000 0.000 0.000 0.000 0.000
-1.500 1.500 1.185 0.000 0.000 0.000 0.000 0.000 0.000 0.000 0.000
-1.500 1.500 1.185 0.000 0.000 0.000 0.000 0.000 0.000 0.000 0.000
-1.500 1.500 1.185 0.000 0.000 0.000 0.000 0.000 0.000 0.000 0.000
-1.500 1.500 1.185 0.000 0.000 0.000 0.000 0.000 0.000 0.000 0.000
-1.500 1.500 1.185 0.000 0.000 0.000 0.000 0.000 0.000 0.000 0.000
-1.500 1.500 1.185 0.000 0.000 0.000 0.000 0.000 0.000 0.000 0.000
-1.500 1.500 1.185 0.000 0.000 0.000 0.000 0.000 0.000 0.000 0.000
-1.500 1.500 1.185 0.000 0.000 0.000 0.000 0.000 0.000 0.000 0.000
-1.500 1.500 1.185 0.000 0.000 0.000 0.000 0.000 0.000 0.000 0.000
-1.500 1.500 1.185 0.000 0.000 0.000 0.000 0.000 0.000 0.000 0.000
-1.500 1.500 1.185 0.000 0.000 0.000 0.000 0.000 0.000 0.000 0.000
-1.500 1.500 1.185 0.000 0.000 0.000 0.000 0.000 0.000 0.000 0.000
-1.500 1.500 1.185 0.000 0.000 0.000 0.000 0.000 0.000 0.000 0.000
-1.500 1.500 1.185 0.000 0.000 0.000 0.000 0.000 0.000 0.000 0.000
-1.500 1.500 1.185 0.000 0.000 0.000 0.000 0.000 0.000 0.000 0.000
-1.500 1.500 1.185 0.000 0.000 0.000 0.000 0.000 0.000 0.000 0.000
-1.500 1.500 1.185 0.000 0.000 0.000 0.000 0.000 0.000 0.000 0.000
-1.500 1.500 1.185 0.000 0.000 0.000 0.000 0.000 0.000 0.000 0.000
-1.500 1.500 1.185 0.000 0.000 0.000 0.000 0.000 0.000 0.000 0.000
-1.500 1.500 1.185 0.000 0.000 0.000 0.000 0.000 0.000 0.000 0.000
-1.500 1.500 1.185 0.000 0.000 0.000 0.000 0.000 0.000 0.000 0.000
-1.500 1.500 1.185 0.000 0.000 0.000 0.000 0.000 0.000 0.000 0.000
-1.500 1.500 1.185 0.000 0.000 0.000 0.000 0.000 0.000 0.000 0.000
-1.500 1.500 1.185 0.000 0.000 0.000 0.000 0.000 0.000 0.000 0.000
-1.500 1.500 1.185 0.000 0.000 0.000 0.000 0.000 0.000 0.000 0.000
-1.500 1.500 1.185 0.000 0.000 0.000 0.000 0.000 0.000 0.000 0.000
-1.500 1.500 1.185 0.000 0.000 0.000 0.000 0.000 0.000 0.000 0.000
-1.500 1.500 1.185 0.000 0.000 0.000 0.000 0.000 0.000 0.000 0.000
-1.500 1.500 1.185 0.000 0.000 0.000 0.000 0.000 0.000 0.000 0.000
-1.500 1.500 1.185 0.000 0.000 0.000 0.000 0.000 0.000 0.000 0.000
-1.500 1.500 1.185 0.000 0.000 0.000 0.000 0.000 0.000 0.000 0.000
-1.500 1.500 1.185 0.000 0.000 0.000 0.000 0.000 0.000 0.000 0.000
-1.500 1.500 1.185 0.000 0.000 0.000 0.000 0.000 0.000 0.000 0.000
-1.500 1.500 1.185 0.000 0.000 0.000 0.000 0.000 0.000 0.000 0.000
-1.500 1.500 1.185 0.000 0.000 0.000 0.000 0.000 0.000 0.000 0.000
-1.500 1.500 1.185 0.000 0.000 0.000 0.000 0.000 0.000 0.000 0.000
-1.500 1.500 1.185 0.000 0.000 0.000 0.000 0.000 0.000 0.000 0.000
-1.500 1.500 1.185 0.000 0.000 0.000 0.000 0.000 0.000 0.000 0.000
-1.500 1.500 1.185 0.000 0.000 0.000 0.000 0.000 0.000 0.000 0.000
-1.500 1.500 1.185 0.000 0.000 0.000 0.000 0.000 0.000 0.000 0.000
-1.500 1.500 1.185 0.000 0.000 0.000 0.000 0.000 0.000 0.000 0.000
-1.500 1.500 1.185 0.000 0.000 0.000 0.000 0.000 0.000 0.000 0.000
-1.500 1.500 1.185 0.000 0.000 0.000 0.000 0.000 0.000 0.000 0.000
-1.500 1.500 1.185 0.000 0.000 0.000 0.000 0.000 0.000 0.000 0.000
-1.500 1.500 1.185 0.000 0.000 0.000 0.000 0.000 0.000 0.000 0.000
-1.500 1.500 1.185 0.000 0.000 0.000 0.000 0.000 0.000 0.000 0.000
-1.500 1.500 1.185 0.000 0.000 0.000 0.000 0.000 0.000 0.000 0.000
-1.500 1.500 1.185 0.000 0.000 0.000 0.000 0.000 0.000 0.000 0.000
-1.500 1.500 1.185 0.000 0.000 0.000 0.000 0.000 0.000 0.000 0.000
-1.500 1.500 1.185 0.000 0.000 0.000 0.000 0.000 0.000 0.000 0.000
-1.500 1.500 1.185 0.000 0.000 0.000 0.000 0.000 0.000 0.000 0.000
-1.500 1.500 1.185 0.000 0.000 0.000 0.000 0.000 0.000 0.000 0.000
-1.500 1.500 1.185 0.000 0.000 0.000 0.000 0.000 0.000 0.000 0.000
-1.500 1.500 1.185 0.000 0.000 0.000 0.000 0.000 0.000 0.000 0.000
-1.500 1.500 1.185 0.000 0.000 0.000 0.000 0.000 0.000 0.000 0.000
-1.500 1.500 1.185 0.000 0.000 0.000 0.000 0.000 0.000 0.000 0.000
-1.500 1.500 1.185 0.000 0.000 0.000 0.000 0.000 0.000 0.000 0.000
-1.500 1.500 1.185 0.000 0.000 0.000 0.000 0.000 0.000 0.000 0.000
-1.500 1.500 1.185 0.000 0.000 0.000 0.000 0.000 0.000 0.000 0.000
-1.500 1.500 1.185 0.000 0.000 0.000 0.000 0.000 0.000 0.000 0.000
-1.500 1.500 1.185 0.000 0.000 0.000 0.000 0.000 0.000 0.000 0.000
-1.500 1.500 1.185 0.000 0.000 0.000 0.000 0.000 0.000 0.000 0.000
-1.500 1.500 1.185 0.000 0.000 0.000 0.000 0.000 0.000 0.000 0.000
-1.500 1.500 1.185 0.000 0.000 0.000 0.000 0.000 0.000 0.000 0.000
-1.500 1.500 1.185 0.000 0.000 0.000 0.000 0.000 0.000 0.000 0.000
-1.500 1.500 1.185 0.000 0.000 0.000 0.000 0.000 0.000 0.000 0.000
-1.500 1.500 1.185 0.000 0.000 0.000 0.000 0.000 0.000 0.000 0.000
-1.500 1.500 1.185 0.000 0.000 0.000 0.000 0.000 0.000 0.000 0.000
-1.500 1.500 1.185 0.000 0.000 0.000 0.000 0.000 0.000 0.000 0.000
-1.500 1.500 1.185 0.000 0.000 0.000 0.000 0.000 0.000 0.000 0.000
-1.500 1.500 1.185 0.000 0.000 0.000 0.000 0.000 0.000 0.000 0.000
-1.500 1.500 1.185 0.000 0.000 0.000 0.000 0.000 0.000 0.000 0.000
-1.500 1.500 1.185 0.000 0.000 0.000 0.000 0.000 0.000 0.000 0.000
-1.500 1.500 1.185 0.000 0.000 0.000 0.000 0.000 0.000 0.000 0.000
-1.500 1.500 1.185 0.000 0.000 0.000 0.000 0.000 0.000 0.000 0.000
-1.500 1.500 1.185 0.000 0.000 0.000 0.000 0.000 0.000 0.000 0.000
-1.500 1.500 1.185 0.000 0.000 0.000 0.000 0.000 0.000 0.000 0.000
-1.500 1.500 1.185 0.000 0.000 0.000 0.000 0.000 0.000 0.000 0.000
-1.500 1.500 1.185 0.000 0.000 0.000 0.000 0.000 0.000 0.000 0.000
-1.500 1.500 1.185 0.000 0.000 0.000 0.000 0.000 0.000 0.000 0.000
-1.500 1.500 1.185 0.000 0.000 0.000 0.000 0.000 0.000 0.000 0.000
-1.500 1.500 1.185 0.000 0.000 0.000 0.000 0.000 0.000 0.000 0.000
-1.500 1.500 1.185 0.000 0.000 0.000 0.000 0.000 0.000 0.000 0.000
-1.500 1.500 1.185 0.000 0.000 0.000 0.000 0.000 0.000 0.000 0.000
-1.500 1.500 1.185 0.000 0.000 0.000 0.000 0.000 0.000 0.000 0.000
-1.500 1.500 1.185 0.000 0.000 0.000 0.000 0.000 0.000 0.000 0.000
-1.500 1.500 1.185 0.000 0.000 0.000 0.000 0.000 0.000 0.000 0.000
-1.500 1.500 1.185 0.000 0.000 0.000 0.000 0.000 0.000 0.000 0.000
-1.500 1.500 1.185 0.000 0.000 0.000 0.000 0.000 0.000 0.000 0.000
-1.500 1.500 1.185 0.000 0.000 0.000 0.000 0.000 0.000 0.000 0.000
-1.500 1.500 1.185 0.000 0.000 0.000 0.000 0.000 0.000 0.000 0.000
-1.500 1.500 1.185 0.000 0.000 0.000 0.000 0.000 0.000 0.000 0.000
-1.500 1.500 1.185 0.000 0.000 0.000 0.000 0.000 0.000 0.000 0.000
-1.500 1.500 1.185 0.000 0.000 0.000 0.000 0.000 0.000 0.000 0.000
-1.500 1.500 1.185 0.000 0.000 0.000 0.000 0.000 0.000 0.000 0.000
-1.500 1.500 1.185 0.000 0.000 0.000 0.000 0.000 0.000 0.000 0.000
-1.500 1.500 1.185 0.000 0.000 0.000 0.000 0.000 0.000 0.000 0.000
-1.500 1.500 1.185 0.000 0.000 0.000 0.000 0.000 0.000 0.000 0.000
-1.500 1.500 1.185 0.000 0.000 0.000 0.000 0.000 0.000 0.000 0.000
-1.500 1.500 1.185 0.000 0.000 0.000 0.000 0.000 0.000 0.000 0.000
-1.500 1.500 1.185 0.000 0.000 0.000 0.000 0.000 0.000 0.000 0.000
-1.500 1.500 1.185 0.000 0.000 0.000 0.000 0.000 0.000 0.000 0.000
-1.500 1.500 1.185 0.000 0.000 0.000 0.000 0.000 0.000 0.000 0.000
-1.500 1.500 1.185 0.000 0.000 0.000 0.000 0.000 0.000 0.000 0.000
-1.500 1.500 1.185 0.000 0.000 0.000 0.000 0.000 0.000 0.000 0.000
-1.500 1.500 1.185 0.000 0.000 0.000 0.000 0.000 0.000 0.000 0.000
-1.500 1.500 1.185 0.000 0.000 0.000 0.000 0.000 0.000 0.000 0.000
-1.500 1.500 1.185 0.000 0.000 0.000 0.000 0.000 0.000 0.000 0.000
-1.500 1.500 1.185 0.000 0.000 0.000 0.000 0.000 0.000 0.000 0.000
-1.500 1.500 1.185 0.000 0.000 0.000 0.000 0.000 0.000 0.000 0.000
-1.500 1.500 1.185 0.000 0.000 0.000 0.000 0.000 0.000 0.000 0.000
-1.500 1.500 1.185 0.000 0.000 0.000 0.000 0.000 0.000 0.000 0.000
-1.500 1.500 1.185 0.000 0.000 0.000 0.000 0.000 0.000 0.000 0.000
-1.500 1.500 1.185 0.000 0.000 0.000 0.000 0.000 0.000 0.000 0.000
-1.500 1.500 1.185 0.000 0.000 0.000 0.000 0.000 0.000 0.000 0.000
-1.500 1.500 1.185 0.000 0.000 0.000 0.000 0.000 0.000 0.000 0.000
-1.500 1.500 1.185 0.000 0.000 0.000 0.000 0.000 0.000 0.000 0.000
-1.500 1.500 1.185 0.000 0.000 0.000 0.000 0.000 0.000 0.000 0.000
-1.500 1.500 1.185 0.000 0.000 0.000 0.000 0.000 0.000 0.000 0.000
-1.500 1.500 1.185 0.000 0.000 0.000 0.000 0.000 0.000 0.000 0.000
-1.500 1.500 1.185 0.000 0.000 0.000 0.000 0.000 0.000 0.000 0.000
-1.500 1.500 1.185 0.000 0.000 0.000 0.000 0.000 0.000 0.000 0.000
-1.500 1.500 1.185 0.000 0.000 0.000 0.000 0.000 0.000 0.000 0.000
-1.500 1.500 1.185 0.000 0.000 0.000 0.000 0.000 0.000 0.000 0.000
-1.500 1.500 1.185 0.000 0.000 0.000 0.000 0.000 0.000 0.000 0.000
-1.500 1.500 1.185 0.000 0.000 0.000 0.000 0.000 0.000 0.000 0.000
-1.500 1.500 1.185 0.000 0.000 0.000 0.000 0.000 0.000 0.000 0.000
-1.500 1.500 1.185 0.000 0.000 0.000 0.000 0.000 0.000 0.000 0.000
-1.500 1.500 1.185 0.000 0.000 0.000 0.000 0.000 0.000 0.000 0.000
-1.500 1.500 1.185 0.000 0.000 0.000 0.000 0.000 0.000 0.000 0.000
-1.500 1.500 1.185 0.000 0.000 0.000 0.000 0.000 0.000 0.000 0.000
-1.500 1.500 1.185 0.000 0.000 0.000 0.000 0.000 0.000 0.000 0.000
-1.500 1.500 1.185 0.000 0.000 0.000 0.000 0.000 0.000 0.000 0.000
-1.500 1.500 1.185 0.000 0.000 0.000 0.000 0.000 0.000 0.000 0.000
-1.500 1.500 1.185 0.000 0.000 0.000 0.000 0.000 0.000 0.000 0.000
-1.500 1.500 1.185 0.000 0.000 0.000 0.000 0.000 0.000 0.000 0.000
-1.500 1.500 1.185 0.000 0.000 0.000 0.000 0.000 0.000 0.000 0.000
-1.500 1.500 1.185 0.000 0.000 0.000 0.000 0.000 0.000 0.000 0.000
-1.500 1.500 1.185 0.000 0.000 0.000 0.000 0.000 0.000 0.000 0.000
-1.500 1.500 1.185 0.000 0.000 0.000 0.000 0.000 0.000 0.000 0.000
-1.500 1.500 1.185 0.000 0.000 0.000 0.000 0.000 0.000 0.000 0.000
-1.500 1.500 1.185 0.000 0.000 0.000 0.000 0.000 0.000 0.000 0.000
-1.500 1.500 1.185 0.000 0.000 0.000 0.000 0.000 0.000 0.000 0.000
-1.500 1.500 1.185 0.000 0.000 0.000 0.000 0.000 0.000 0.000 0.000
-1.500 1.500 1.185 0.000 0.000 0.000 0.000 0.000 0.000 0.000 0.000
-1.500 1.500 1.185 0.000 0.000 0.000 0.000 0.000 0.000 0.000 0.000
-1.500 1.500 1.185 0.000 0.000 0.000 0.000 0.000 0.000 0.000 0.000
-1.500 1.500 1.185 0.000 0.000 0.000 0.000 0.000 0.000 0.000 0.000
-1.500 1.500 1.185 0.000 0.000 0.000 0.000 0.000 0.000 0.000 0.000
-1.500 1.500 1.185 0.000 0.000 0.000 0.000 0.000 0.000 0.000 0.000
-1.500 1.500 1.185 0.000 0.000 0.000 0.000 0.000 0.000 0.000 0.000
-1.500 1.500 1.185 0.000 0.000 0.000 0.000 0.000 0.000 0.000 0.000
-1.500 1.500 1.185 0.000 0.000 0.000 0.000 0.000 0.000 0.000 0.000
-1.500 1.500 1.185 0.000 0.000 0.000 0.000 0.000 0.000 0.000 0.000
-1.500 1.500 1.185 0.000 0.000 0.000 0.000 0.000 0.000 0.000 0.000
-1.500 1.500 1.185 0.000 0.000 0.000 0.000 0.000 0.000 0.000 0.000
-1.500 1.500 1.185 0.000 0.000 0.000 0.000 0.000 0.000 0.000 0.000
-1.500 1.500 1.185 0.000 0.000 0.000 0.000 0.000 0.000 0.000 0.000
-1.500 1.500 1.185 0.000 0.000 0.000 0.000 0.000 0.000 0.000 0.000
-1.500 1.500 1.185 0.000 0.000 0.000 0.000 0.000 0.000 0.000 0.000
-1.500 1.500 1.185 0.000 0.000 0.000 0.000 0.000 0.000 0.000 0.000
-1.500 1.500 1.185 0.000 0.000 0.000 0.000 0.000 0.000 0.000 0.000
-1.500 1.500 1.185 0.000 0.000 0.000 0.000 0.000 0.000 0.000 0.000
-1.500 1.500 1.185 0.000 0.000 0.000 0.000 0.000 0.000 0.000 0.000
-1.500 1.500 1.185 0.000 0.000 0.000 0.000 0.000 0.000 0.000 0.000
-1.500 1.500 1.185 0.000 0.000 0.000 0.000 0.000 0.000 0.000 0.000
-1.500 1.500 1.185 0.000 0.000 0.000 0.000 0.000 0.000 0.000 0.000
-1.500 1.500 1.185 0.000 0.000 0.000 0.000 0.000 0.000 0.000 0.000
-1.500 1.500 1.185 0.000 0.000 0.000 0.000 0.000 0.000 0.000 0.000
-1.500 1.500 1.185 0.000 0.000 0.000 0.000 0.000 0.000 0.000 0.000
-1.500 1.500 1.185 0.000 0.000 0.000 0.000 0.000 0.000 0.000 0.000
-1.500 1.500 1.185 0.000 0.000 0.000 0.000 0.000 0.000 0.000 0.000
-1.500 1.500 1.185 0.000 0.000 0.000 0.000 0.000 0.000 0.000 0.000
-1.500 1.500 1.185 0.000 0.000 0.000 0.000 0.000 0.000 0.000 0.000
-1.500 1.500 1.185 0.000 -0.000 0.000 0.020 -0.021 0.000 0.000 0.000
-1.500 1.500 1.185 0.003 -0.003 0.000 0.072 -0.076 0.000 0.000 0.000
-1.500 1.500 1.185 0.008 -0.008 0.000 0.148 -0.157 0.000 0.000 0.000
-1.499 1.499 1.185 0.018 -0.019 0.000 0.241 -0.253 0.000 0.000 0.000
-1.498 1.498 1.185 0.032 -0.034 0.000 0.342 -0.359 0.000 0.000 0.000
-1.496 1.496 1.185 0.052 -0.055 0.000 0.446 -0.467 0.000 0.000 0.000
-1.493 1.492 1.185 0.077 -0.080 0.000 0.549 -0.571 0.000 0.000 0.000
-1.488 1.487 1.185 0.107 -0.112 0.000 0.644 -0.669 0.000 0.000 0.000
-1.482 1.481 1.185 0.141 -0.147 0.000 0.730 -0.754 0.000 0.000 0.000
-1.474 1.473 1.185 0.179 -0.187 0.000 0.804 -0.826 0.000 0.000 0.000
-1.464 1.462 1.185 0.221 -0.229 0.000 0.862 -0.881 0.000 0.000 0.000
-1.452 1.450 1.185 0.265 -0.275 0.000 0.904 -0.918 0.000 0.000 0.000
-1.437 1.435 1.185 0.311 -0.321 0.000 0.929 -0.937 0.000 0.000 0.000
-1.421 1.418 1.185 0.358 -0.368 0.000 0.936 -0.937 0.000 0.000 0.000
-1.401 1.398 1.185 0.405 -0.414 0.000 0.926 -0.919 0.000 0.000 0.000
-1.380 1.376 1.185 0.450 -0.460 0.000 0.899 -0.883 0.000 0.000 0.000
-1.356 1.352 1.185 0.494 -0.502 0.000 0.856 -0.830 0.000 0.000 0.000
-1.331 1.326 1.185 0.536 -0.542 0.000 0.798 -0.762 0.000 0.000 0.000
-1.303 1.298 1.185 0.574 -0.578 0.000 0.727 -0.680 0.000 0.000 0.000
-1.273 1.268 1.185 0.608 -0.610 0.000 0.644 -0.588 0.000 0.000 0.000
-1.242 1.237 1.185 0.638 -0.637 0.000 0.552 -0.487 0.000 0.000 0.000
-1.210 1.205 1.185 0.663 -0.659 0.000 0.452 -0.379 -0.000 0.000 0.000
-1.176 1.171 1.185 0.683 -0.675 0.000 0.346 -0.267 -0.000 0.000 0.000
-1.141 1.137 1.185 0.698 -0.685 0.000 0.238 -0.153 -0.000 0.000 0.000
-1.106 1.103 1.185 0.707 -0.690 0.000 0.128 -0.040 -0.000 0.000 0.000
-1.071 1.068 1.185 0.711 -0.689 0.000 0.020 0.070 -0.000 0.000 0.000
-1.035 1.034 1.185 0.709 -0.683 0.000 -0.086 0.174 -0.000 0.000 0.000
-1.000 1.000 1.185 0.702 -0.672 0.000 -0.186 0.272 -0.000 0.000 0.000
-0.965 0.967 1.185 0.691 -0.656 0.000 -0.280 0.361 -0.000 0.000 0.000
-0.931 0.934 1.185 0.674 -0.636 0.000 -0.367 0.440 -0.000 0.000 0.000
-0.898 0.903 1.185 0.654 -0.612 0.000 -0.444 0.507 -0.000 0.000 0.000
-0.866 0.873 1.185 0.630 -0.586 0.000 -0.512 0.563 -0.000 0.000 0.000
-0.835 0.845 1.185 0.603 -0.556 0.000 -0.569 0.606 -0.000 0.000 0.000
-0.805 0.818 1.185 0.573 -0.525 0.000 -0.616 0.637 -0.000 0.000 0.000
-0.778 0.792 1.185 0.542 -0.493 0.000 -0.652 0.655 -0.000 0.000 0.000
-0.751 0.768 1.185 0.508 -0.460 0.000 -0.676 0.661 -0.000 0.000 0.000
-0.727 0.746 1.185 0.474 -0.427 0.000 -0.690 0.655 -0.000 0.000 0.000
-0.704 0.726 1.185 0.440 -0.395 0.000 -0.692 0.637 -0.000 0.000 0.000
-0.683 0.707 1.185 0.405 -0.363 0.000 -0.685 0.609 -0.000 0.000 0.000
-0.663 0.689 1.185 0.371 -0.334 0.000 -0.668 0.571 -0.000 0.000 0.000
-0.646 0.673 1.185 0.338 -0.307 0.000 -0.642 0.524 -0.000 0.000 0.000
-0.630 0.659 1.185 0.307 -0.282 0.000 -0.607 0.470 -0.000 0.000 0.000
-0.615 0.645 1.185 0.278 -0.260 0.000 -0.565 0.409 -0.000 0.000 0.000
-0.602 0.633 1.185 0.251 -0.241 0.000 -0.516 0.344 -0.000 0.000 0.000
-0.590 0.621 1.185 0.226 -0.225 0.000 -0.462 0.274 -0.000 0.000 0.000
-0.579 0.610 1.185 0.205 -0.213 0.000 -0.403 0.203 -0.000 0.000 0.000
-0.569 0.600 1.185 0.186 -0.205 0.000 -0.340 0.130 -0.000 0.000 0.000
-0.560 0.589 1.185 0.171 -0.200 0.000 -0.275 0.057 -0.000 0.000 0.000
-0.552 0.579 1.185 0.159 -0.199 0.000 -0.208 -0.014 -0.000 0.000 0.000
-0.544 0.569 1.185 0.150 -0.202 0.000 -0.141 -0.082 -0.000 0.000 0.000
-0.537 0.559 1.185 0.144 -0.207 0.000 -0.074 -0.146 -0.000 0.000 0.000
-0.530 0.549 1.185 0.142 -0.216 -0.000 -0.009 -0.205 -0.000 0.000 0.000
-0.523 0.538 1.185 0.144 -0.228 -0.000 0.054 -0.257 -0.000 0.000 0.000
-0.516 0.526 1.185 0.148 -0.242 -0.000 0.113 -0.303 -0.000 0.000 0.000
-0.508 0.513 1.185 0.155 -0.258 -0.000 0.169 -0.340 -0.000 0.000 0.000
-0.500 0.500 1.185 0.165 -0.276 -0.000 0.221 -0.369 -0.000 0.000 0.000
-0.491 0.486 1.185 0.177 -0.295 -0.000 0.267 -0.389 0.000 0.000 0.000
-0.482 0.471 1.185 0.191 -0.314 -0.000 0.307 -0.400 0.000 0.000 0.000
-0.472 0.454 1.185 0.207 -0.335 -0.000 0.342 -0.402 0.000 0.000 0.000
-0.462 0.437 1.185 0.225 -0.354 -0.000 0.371 -0.395 0.000 0.000 0.000
-0.450 0.419 1.185 0.244 -0.374 -0.000 0.393 -0.378 0.000 0.000 0.000
-0.437 0.400 1.185 0.264 -0.392 -0.000 0.410 -0.354 0.000 0.000 0.000
-0.423 0.380 1.185 0.285 -0.409 -0.000 0.421 -0.322 0.000 0.000 0.000
-0.409 0.359 1.185 0.306 -0.424 -0.000 0.425 -0.282 0.000 0.000 0.000
-0.393 0.337 1.185 0.328 -0.437 -0.000 0.425 -0.236 0.000 0.000 0.000
-0.376 0.315 1.185 0.349 -0.448 -0.000 0.418 -0.185 0.000 0.000 0.000
-0.358 0.293 1.185 0.369 -0.456 -0.000 0.408 -0.129 0.000 0.000 0.000
-0.339 0.270 1.185 0.390 -0.461 -0.000 0.392 -0.069 0.000 0.000 0.000
-0.319 0.247 1.185 0.409 -0.462 -0.000 0.373 -0.006 0.000 0.000 0.000
-0.298 0.223 1.185 0.427 -0.461 0.000 0.350 0.058 0.000 0.000 0.000
-0.276 0.200 1.185 0.444 -0.457 0.000 0.324 0.123 0.000 0.000 0.000
-0.254 0.178 1.185 0.459 -0.449 0.000 0.296 0.187 0.000 0.000 0.000
-0.230 0.156 1.185 0.473 -0.438 0.000 0.266 0.251 0.000 0.000 0.000
-0.206 0.134 1.185 0.486 -0.424 0.000 0.235 0.311 0.000 0.000 0.000
-0.182 0.113 1.185 0.497 -0.407 0.000 0.203 0.368 0.000 0.000 0.000
-0.157 0.093 1.185 0.506 -0.387 0.000 0.171 0.421 0.000 0.000 0.000
-0.131 0.075 1.185 0.514 -0.365 0.000 0.139 0.469 0.000 0.000 0.000
-0.105 0.057 1.185 0.520 -0.340 0.000 0.107 0.510 0.000 0.000 0.000
-0.079 0.041 1.185 0.524 -0.314 0.000 0.078 0.546 0.000 0.000 0.000
-0.053 0.026 1.185 0.528 -0.286 0.000 0.049 0.574 0.000 0.000 0.000
-0.026 0.012 1.185 0.529 -0.257 0.000 0.023 0.594 0.000 0.000 0.000
0.000 -0.000 1.185 0.530 -0.227 0.000 -0.000 0.607 0.000 0.000 0.000
0.026 -0.011 1.185 0.529 -0.196 -0.000 -0.021 0.612 0.000 0.000 0.000
0.053 -0.020 1.185 0.528 -0.166 -0.000 -0.040 0.609 0.000 0.000 0.000
0.079 -0.027 1.185 0.526 -0.135 -0.000 -0.055 0.598 0.000 0.000 0.000
0.105 -0.033 1.185 0.522 -0.106 0.000 -0.068 0.580 0.000 0.000 0.000
0.132 -0.038 1.185 0.519 -0.077 0.000 -0.077 0.555 0.000 0.000 0.000
0.157 -0.041 1.185 0.515 -0.050 0.000 -0.084 0.524 0.000 0.000 0.000
0.183 -0.043 1.185 0.511 -0.025 0.000 -0.088 0.488 0.000 0.000 0.000
0.208 -0.043 1.185 0.506 -0.002 0.000 -0.089 0.446 0.000 0.000 0.000
0.234 -0.043 1.185 0.502 0.019 0.000 -0.088 0.400 0.000 0.000 0.000
0.259 -0.042 1.185 0.497 0.038 0.000 -0.084 0.351 0.000 0.000 0.000
0.283 -0.039 1.185 0.493 0.055 0.000 -0.079 0.300 0.000 0.000 0.000
0.308 -0.036 1.185 0.489 0.068 0.000 -0.072 0.247 0.000 0.000 0.000
0.332 -0.032 1.185 0.486 0.079 0.000 -0.064 0.194 0.000 0.000 0.000
0.357 -0.028 1.185 0.483 0.088 0.000 -0.054 0.141 0.000 0.000 0.000
0.381 -0.024 1.185 0.481 0.093 0.000 -0.044 0.090 0.000 0.000 0.000
0.405 -0.019 1.185 0.479 0.097 0.000 -0.033 0.040 0.000 0.000 0.000
0.428 -0.014 1.185 0.477 0.098 0.000 -0.021 -0.006 0.000 0.000 0.000
0.452 -0.009 1.185 0.477 0.096 0.000 -0.010 -0.050 0.000 0.000 0.000
0.476 -0.005 1.185 0.476 0.093 0.000 0.001 -0.089 0.000 0.000 0.000
0.500 -0.000 1.185 0.477 0.087 0.000 0.012 -0.123 0.000 0.000 0.000
0.524 0.004 1.185 0.478 0.080 0.000 0.022 -0.153 0.000 0.000 0.000
0.548 0.008 1.185 0.479 0.072 0.000 0.031 -0.177 -0.000 0.000 0.000
0.572 0.011 1.185 0.481 0.063 0.000 0.039 -0.196 -0.000 0.000 0.000
0.596 0.014 1.185 0.483 0.053 0.000 0.046 -0.209 -0.000 0.000 0.000
0.620 0.017 1.185 0.485 0.042 0.000 0.052 -0.218 -0.000 0.000 0.000
0.644 0.018 1.185 0.488 0.031 0.000 0.057 -0.221 -0.000 0.000 0.000
0.669 0.020 1.185 0.491 0.020 0.000 0.060 -0.219 -0.000 0.000 0.000
0.693 0.020 1.185 0.494 0.009 0.000 0.063 -0.213 -0.000 0.000 0.000
0.718 0.021 1.185 0.497 -0.001 0.000 0.064 -0.202 -0.000 0.000 0.000
0.743 0.020 1.185 0.500 -0.011 0.000 0.064 -0.188 -0.000 0.000 0.000
0.768 0.020 1.185 0.503 -0.020 0.000 0.063 -0.171 -0.000 0.000 0.000
0.794 0.018 1.185 0.507 -0.028 0.000 0.060 -0.151 -0.000 0.000 0.000
0.819 0.017 1.185 0.510 -0.035 0.000 0.057 -0.129 -0.000 0.000 0.000
0.844 0.015 1.185 0.512 -0.041 0.000 0.053 -0.106 -0.000 0.000 0.000
0.870 0.013 1.185 0.515 -0.046 0.000 0.048 -0.081 -0.000 0.000 0.000
0.896 0.010 1.185 0.517 -0.049 0.000 0.042 -0.056 -0.000 0.000 0.000
0.922 0.008 1.185 0.519 -0.051 0.000 0.035 -0.032 -0.000 0.000 0.000
0.948 0.005 1.185 0.521 -0.052 0.000 0.028 -0.007 -0.000 0.000 0.000
0.974 0.003 1.185 0.522 -0.052 0.000 0.021 0.016 -0.000 0.000 0.000
1.000 0.000 1.185 0.523 -0.051 0.000 0.013 0.038 -0.000 0.000 0.000
1.026 -0.002 1.185 0.523 -0.048 0.000 0.004 0.058 -0.000 0.000 0.000
1.052 -0.005 1.185 0.523 -0.045 0.000 -0.004 0.076 -0.000 0.000 0.000
1.078 -0.007 1.185 0.523 -0.041 0.000 -0.013 0.091 -0.000 0.000 0.000
1.105 -0.009 1.185 0.522 -0.036 0.000 -0.022 0.104 -0.000 0.000 0.000
1.131 -0.011 1.185 0.520 -0.030 0.000 -0.031 0.115 -0.000 0.000 0.000
1.157 -0.012 1.185 0.519 -0.024 0.000 -0.040 0.123 -0.000 0.000 0.000
1.182 -0.013 1.185 0.517 -0.018 -0.000 -0.049 0.129 -0.000 0.000 0.000
1.208 -0.014 1.185 0.514 -0.012 -0.000 -0.058 0.132 -0.000 0.000 0.000
1.234 -0.014 1.185 0.511 -0.005 -0.000 -0.066 0.132 -0.000 0.000 0.000
1.259 -0.014 1.185 0.507 0.002 -0.000 -0.075 0.131 -0.000 0.000 0.000
1.285 -0.014 1.185 0.503 0.008 -0.000 -0.084 0.127 -0.000 0.000 0.000
1.310 -0.013 1.185 0.499 0.014 -0.000 -0.093 0.122 -0.000 0.000 0.000
1.334 -0.013 1.185 0.494 0.020 -0.000 -0.101 0.114 -0.000 0.000 0.000
1.359 -0.011 1.185 0.489 0.026 -0.000 -0.109 0.105 -0.000 0.000 0.000
1.383 -0.010 1.185 0.483 0.031 -0.000 -0.117 0.095 -0.000 0.000 0.000
1.407 -0.008 1.185 0.477 0.035 -0.000 -0.125 0.084 -0.000 0.000 0.000
1.431 -0.007 1.185 0.471 0.039 -0.000 -0.133 0.072 -0.000 0.000 0.000
1.454 -0.004 1.185 0.464 0.042 -0.000 -0.140 0.059 -0.000 0.000 0.000
1.477 -0.002 1.185 0.456 0.045 -0.000 -0.148 0.047 -0.000 0.000 0.000
1.500 0.000 1.185 0.449 0.047 -0.000 -0.155 0.034 -0.000 0.000 0.000
1.522 0.002 1.185 0.441 0.048 -0.000 -0.162 0.021 0.000 0.000 0.000
1.544 0.005 1.185 0.433 0.049 -0.000 -0.168 0.008 0.000 0.000 0.000
1.566 0.007 1.185 0.424 0.049 -0.000 -0.175 -0.004 0.000 0.000 0.000
1.587 0.010 1.185 0.415 0.049 -0.000 -0.181 -0.016 0.000 0.000 0.000
1.607 0.012 1.185 0.406 0.048 -0.000 -0.187 -0.027 0.000 0.000 0.000
1.627 0.014 1.185 0.397 0.046 -0.000 -0.193 -0.037 0.000 0.000 0.000
1.647 0.017 1.185 0.387 0.044 -0.000 -0.198 -0.047 0.000 0.000 0.000
1.666 0.019 1.185 0.377 0.041 -0.000 -0.203 -0.055 0.000 0.000 0.000
1.684 0.021 1.185 0.366 0.038 -0.000 -0.208 -0.063 0.000 0.000 0.000
1.702 0.023 1.185 0.356 0.035 -0.000 -0.212 -0.069 0.000 0.000 0.000
1.720 0.024 1.185 0.345 0.031 -0.000 -0.216 -0.074 0.000 0.000 0.000
1.737 0.026 1.185 0.334 0.028 -0.000 -0.220 -0.078 0.000 0.000 0.000
1.753 0.027 1.185 0.323 0.024 -0.000 -0.223 -0.082 0.000 0.000 0.000
1.769 0.028 1.185 0.312 0.020 -0.000 -0.226 -0.084 0.000 0.000 0.000
1.785 0.029 1.185 0.301 0.015 -0.000 -0.228 -0.085 0.000 0.000 0.000
1.799 0.030 1.185 0.289 0.011 -0.000 -0.230 -0.085 0.000 0.000 0.000
1.814 0.030 1.185 0.278 0.007 -0.000 -0.231 -0.084 0.000 0.000 0.000
1.827 0.030 1.185 0.266 0.003 -0.000 -0.232 -0.082 0.000 0.000 0.000
1.840 0.030 1.185 0.255 -0.001 -0.000 -0.233 -0.079 0.000 0.000 0.000
1.853 0.030 1.185 0.243 -0.005 -0.000 -0.233 -0.076 0.000 0.000 0.000
1.864 0.030 1.185 0.231 -0.009 -0.000 -0.232 -0.072 0.000 0.000 0.000
1.876 0.029 1.185 0.220 -0.012 -0.000 -0.231 -0.067 0.000 0.000 0.000
1.886 0.029 1.185 0.208 -0.016 -0.000 -0.230 -0.061 0.000 0.000 0.000
1.897 0.028 1.185 0.197 -0.019 -0.000 -0.228 -0.055 0.000 0.000 0.000
1.906 0.027 1.185 0.185 -0.021 -0.000 -0.225 -0.049 0.000 0.000 0.000
1.915 0.026 1.185 0.174 -0.023 -0.000 -0.222 -0.042 0.000 0.000 0.000
1.924 0.024 1.185 0.163 -0.025 -0.000 -0.219 -0.036 0.000 0.000 0.000
1.931 0.023 1.185 0.152 -0.027 -0.000 -0.214 -0.029 0.000 0.000 0.000
1.939 0.022 1.185 0.142 -0.028 -0.000 -0.210 -0.021 0.000 0.000 0.000
1.946 0.020 1.185 0.131 -0.029 0.000 -0.205 -0.014 0.000 0.000 0.000
1.952 0.019 1.185 0.121 -0.030 0.000 -0.199 -0.008 0.000 0.000 0.000
1.958 0.017 1.185 0.112 -0.030 0.000 -0.193 -0.001 0.000 0.000 0.000
1.963 0.016 1.185 0.102 -0.030 0.000 -0.186 0.006 0.000 0.000 0.000
1.968 0.014 1.185 0.093 -0.029 0.000 -0.179 0.012 0.000 0.000 0.000
1.972 0.013 1.185 0.084 -0.029 0.000 -0.172 0.017 0.000 0.000 0.000
1.976 0.012 1.185 0.076 -0.028 0.000 -0.164 0.022 0.000 0.000 0.000
1.980 0.010 1.185 0.068 -0.026 0.000 -0.156 0.027 -0.000 0.000 0.000
1.983 0.009 1.185 0.060 -0.025 0.000 -0.147 0.031 -0.000 0.000 0.000
1.986 0.008 1.185 0.053 -0.023 0.000 -0.138 0.034 -0.000 0.000 0.000
1.988 0.007 1.185 0.046 -0.022 0.000 -0.129 0.036 -0.000 0.000 0.000
1.991 0.006 1.185 0.040 -0.020 0.000 -0.120 0.038 -0.000 0.000 0.000
1.992 0.005 1.185 0.034 -0.018 0.000 -0.110 0.039 -0.000 0.000 0.000
1.994 0.004 1.185 0.029 -0.016 0.000 -0.101 0.040 -0.000 0.000 0.000
1.995 0.003 1.185 0.024 -0.014 0.000 -0.091 0.039 -0.000 0.000 0.000
1.997 0.002 1.185 0.020 -0.012 0.000 -0.082 0.038 -0.000 0.000 0.000
1.997 0.002 1.185 0.016 -0.010 0.000 -0.072 0.037 -0.000 0.000 0.000
1.998 0.001 1.185 0.013 -0.008 0.000 -0.063 0.034 -0.000 0.000 0.000
1.999 0.001 1.185 0.010 -0.007 0.000 -0.054 0.031 -0.000 0.000 0.000
1.999 0.001 1.185 0.007 -0.005 0.000 -0.045 0.028 -0.000 0.000 0.000
1.999 0.000 1.185 0.005 -0.004 0.000 -0.037 0.024 -0.000 0.000 0.000
2.000 0.000 1.185 0.004 -0.003 0.000 -0.029 0.020 -0.000 0.000 0.000
2.000 0.000 1.185 0.002 -0.002 0.000 -0.022 0.016 -0.000 0.000 0.000
2.000 0.000 1.185 0.001 -0.001 0.000 -0.016 0.012 0.000 0.000 0.000
2.000 0.000 1.185 0.001 -0.001 0.000 -0.011 0.009 0.000 0.000 0.000
2.000 0.000 1.185 0.000 -0.000 0.000 -0.006 0.005 0.000 0.000 0.000
2.000 0.000 1.185 0.000 -0.000 0.000 -0.003 0.002 -0.000 0.000 0.000
2.000 0.000 1.185 0.000 -0.000 0.000 -0.001 0.001 -0.000 0.000 0.000
2.000 0.000 1.185 -0.000 0.000 -0.000 -0.000 0.000 -0.000 0.000 0.000
2.000 0.000 1.185 0.000 0.000 0.000 0.000 0.000 0.000 0.000 0.000
2.000 0.000 1.185 0.000 0.000 0.000 0.000 0.000 0.000 0.000 0.000
2.000 0.000 1.185 0.000 0.000 0.000 0.000 0.000 0.000 0.000 0.000
2.000 0.000 1.185 0.000 0.000 0.000 0.000 0.000 0.000 0.000 0.000
2.000 0.000 1.185 0.000 0.000 0.000 0.000 0.000 0.000 0.000 0.000
2.000 0.000 1.185 0.000 0.000 0.000 0.000 0.000 0.000 0.000 0.000
2.000 0.000 1.185 0.000 0.000 0.000 0.000 0.000 0.000 0.000 0.000
2.000 0.000 1.185 0.000 0.000 0.000 0.000 0.000 0.000 0.000 0.000
2.000 0.000 1.185 0.000 0.000 0.000 0.000 0.000 0.000 0.000 0.000
2.000 0.000 1.185 0.000 0.000 0.000 0.000 0.000 0.000 0.000 0.000
2.000 0.000 1.185 0.000 0.000 0.000 0.000 0.000 0.000 0.000 0.000
2.000 0.000 1.185 0.000 0.000 0.000 0.000 0.000 0.000 0.000 0.000
2.000 0.000 1.185 0.000 0.000 0.000 0.000 0.000 0.000 0.000 0.000
2.000 0.000 1.185 0.000 0.000 0.000 0.000 0.000 0.000 0.000 0.000
2.000 0.000 1.185 0.000 0.000 0.000 0.000 0.000 0.000 0.000 0.000
2.000 0.000 1.185 0.000 0.000 0.000 0.000 0.000 0.000 0.000 0.000
2.000 0.000 1.185 0.000 0.000 0.000 0.000 0.000 0.000 0.000 0.000
2.000 0.000 1.185 0.000 0.000 0.000 0.000 0.000 0.000 0.000 0.000
2.000 0.000 1.185 0.000 0.000 0.000 0.000 0.000 0.000 0.000 0.000
2.000 0.000 1.185 0.000 0.000 0.000 0.000 0.000 0.000 0.000 0.000
2.000 0.000 1.185 0.000 0.000 0.000 0.000 0.000 0.000 0.000 0.000
2.000 0.000 1.185 0.000 0.000 0.000 0.000 0.000 0.000 0.000 0.000
2.000 0.000 1.185 0.000 0.000 0.000 0.000 0.000 0.000 0.000 0.000
2.000 0.000 1.185 0.000 0.000 0.000 0.000 0.000 0.000 0.000 0.000
2.000 0.000 1.185 0.000 0.000 0.000 0.000 0.000 0.000 0.000 0.000
2.000 0.000 1.185 0.000 0.000 0.000 0.000 0.000 0.000 0.000 0.000
2.000 0.000 1.185 0.000 0.000 0.000 0.000 0.000 0.000 0.000 0.000
2.000 0.000 1.185 0.000 0.000 0.000 0.000 0.000 0.000 0.000 0.000
2.000 0.000 1.185 0.000 0.000 0.000 0.000 0.000 0.000 0.000 0.000
2.000 0.000 1.185 0.000 0.000 0.000 0.000 0.000 0.000 0.000 0.000
2.000 0.000 1.185 0.000 0.000 0.000 0.000 0.000 0.000 0.000 0.000
2.000 0.000 1.185 0.000 0.000 0.000 0.000 0.000 0.000 0.000 0.000
2.000 0.000 1.185 0.000 0.000 0.000 0.000 0.000 0.000 0.000 0.000
2.000 0.000 1.185 0.000 0.000 0.000 0.000 0.000 0.000 0.000 0.000
2.000 0.000 1.185 0.000 0.000 0.000 0.000 0.000 0.000 0.000 0.000
2.000 0.000 1.185 0.000 0.000 0.000 0.000 0.000 0.000 0.000 0.000
2.000 0.000 1.185 0.000 0.000 0.000 0.000 0.000 0.000 0.000 0.000
2.000 0.000 1.185 0.000 0.000 0.000 0.000 0.000 0.000 0.000 0.000
2.000 0.000 1.185 0.000 0.000 0.000 0.000 0.000 0.000 0.000 0.000
2.000 0.000 1.185 0.000 0.000 0.000 0.000 0.000 0.000 0.000 0.000
2.000 0.000 1.185 0.000 0.000 0.000 0.000 0.000 0.000 0.000 0.000
2.000 0.000 1.185 0.000 0.000 0.000 0.000 0.000 0.000 0.000 0.000
2.000 0.000 1.185 0.000 0.000 0.000 0.000 0.000 0.000 0.000 0.000
2.000 0.000 1.185 0.000 0.000 0.000 0.000 0.000 0.000 0.000 0.000
2.000 0.000 1.185 0.000 0.000 0.000 0.000 0.000 0.000 0.000 0.000
2.000 0.000 1.185 0.000 0.000 0.000 0.000 0.000 0.000 0.000 0.000
2.000 0.000 1.185 0.000 0.000 0.000 0.000 0.000 0.000 0.000 0.000
2.000 0.000 1.185 0.000 0.000 0.000 0.000 0.000 0.000 0.000 0.000
2.000 0.000 1.185 0.000 0.000 0.000 0.000 0.000 0.000 0.000 0.000
2.000 0.000 1.185 0.000 0.000 0.000 0.000 0.000 0.000 0.000 0.000
2.000 0.000 1.185 0.000 0.000 0.000 0.000 0.000 0.000 0.000 0.000
2.000 0.000 1.185 0.000 0.000 0.000 0.000 0.000 0.000 0.000 0.000
2.000 0.000 1.185 0.000 0.000 0.000 0.000 0.000 0.000 0.000 0.000
2.000 0.000 1.185 0.000 0.000 0.000 0.000 0.000 0.000 0.000 0.000
2.000 0.000 1.185 0.000 0.000 0.000 0.000 0.000 0.000 0.000 0.000
2.000 0.000 1.185 0.000 0.000 0.000 0.000 0.000 0.000 0.000 0.000
2.000 0.000 1.185 0.000 0.000 0.000 0.000 0.000 0.000 0.000 0.000
2.000 0.000 1.185 0.000 0.000 0.000 0.000 0.000 0.000 0.000 0.000
2.000 0.000 1.185 0.000 0.000 0.000 0.000 0.000 0.000 0.000 0.000
2.000 0.000 1.185 0.000 0.000 0.000 0.000 0.000 0.000 0.000 0.000
2.000 -0.000 1.185 -0.001 -0.000 0.000 -0.069 -0.002 0.000 0.000 0.000
2.000 -0.000 1.185 -0.009 -0.000 0.000 -0.246 -0.006 0.001 0.000 0.000
1.999 -0.000 1.185 -0.027 -0.001 0.000 -0.488 -0.012 0.001 0.000 0.000
1.997 -0.000 1.185 -0.058 -0.001 0.000 -0.761 -0.017 0.002 0.000 0.000
1.993 -0.000 1.185 -0.103 -0.002 0.000 -1.037 -0.020 0.002 0.000 0.000
1.986 -0.000 1.185 -0.161 -0.003 0.000 -1.292 -0.021 0.002 0.000 0.000
1.977 -0.001 1.185 -0.232 -0.004 0.000 -1.509 -0.020 0.002 0.000 0.000
1.963 -0.001 1.185 -0.311 -0.005 0.001 -1.677 -0.016 0.002 0.000 0.000
1.945 -0.001 1.185 -0.398 -0.006 0.001 -1.786 -0.010 0.001 0.000 0.000
1.923 -0.001 1.185 -0.489 -0.006 0.001 -1.832 -0.002 0.000 0.000 0.000
1.896 -0.002 1.185 -0.580 -0.006 0.001 -1.815 0.009 -0.001 0.000 0.000
1.865 -0.002 1.185 -0.669 -0.005 0.001 -1.737 0.021 -0.002 0.000 0.000
1.830 -0.002 1.185 -0.753 -0.004 0.000 -1.602 0.033 -0.004 0.000 0.000
1.790 -0.002 1.185 -0.829 -0.002 0.000 -1.418 0.046 -0.005 0.000 0.000
1.747 -0.002 1.185 -0.894 0.001 -0.000 -1.193 0.058 -0.006 0.000 0.000
1.701 -0.002 1.185 -0.948 0.004 -0.000 -0.937 0.068 -0.007 0.000 0.000
1.652 -0.002 1.185 -0.988 0.007 -0.001 -0.659 0.076 -0.008 0.000 0.000
1.602 -0.002 1.185 -1.013 0.011 -0.001 -0.371 0.082 -0.008 0.000 0.000
1.551 -0.001 1.185 -1.025 0.015 -0.002 -0.081 0.084 -0.008 0.000 0.000
1.500 -0.000 1.185 -1.022 0.020 -0.002 0.199 0.082 -0.008 0.000 0.000
1.449 0.001 1.185 -1.005 0.024 -0.002 0.462 0.076 -0.007 0.000 0.000
1.400 0.002 1.185 -0.976 0.027 -0.003 0.702 0.065 -0.006 0.000 0.000
1.352 0.004 1.185 -0.935 0.030 -0.003 0.912 0.050 -0.004 0.000 0.000
1.306 0.005 1.184 -0.885 0.032 -0.003 1.090 0.031 -0.002 0.000 0.000
1.264 0.007 1.184 -0.827 0.033 -0.003 1.232 0.007 0.000 0.000 0.000
1.224 0.009 1.184 -0.762 0.033 -0.003 1.338 -0.020 0.003 0.000 0.000
1.187 0.010 1.184 -0.694 0.031 -0.003 1.407 -0.050 0.006 0.000 0.000
1.154 0.012 1.184 -0.622 0.028 -0.003 1.441 -0.083 0.009 0.000 0.000
1.125 0.013 1.184 -0.550 0.023 -0.002 1.439 -0.119 0.013 0.000 0.000
1.099 0.014 1.184 -0.479 0.016 -0.001 1.406 -0.155 0.016 0.000 0.000
1.077 0.015 1.184 -0.410 0.007 -0.000 1.344 -0.193 0.019 0.000 0.000
1.058 0.015 1.184 -0.345 -0.003 0.001 1.255 -0.231 0.022 0.000 0.000
1.043 0.014 1.184 -0.285 -0.016 0.002 1.145 -0.268 0.025 0.000 0.000
1.030 0.013 1.184 -0.231 -0.030 0.003 1.017 -0.304 0.027 0.000 0.000
1.019 0.011 1.184 -0.183 -0.046 0.004 0.875 -0.338 0.029 0.000 0.000
1.011 0.008 1.184 -0.143 -0.064 0.006 0.723 -0.369 0.030 0.000 0.000
1.005 0.005 1.185 -0.111 -0.083 0.007 0.566 -0.398 0.031 0.000 0.000
1.000 0.000 1.185 -0.087 -0.104 0.009 0.407 -0.422 0.031 0.000 0.000
0.996 -0.006 1.185 -0.071 -0.125 0.011 0.249 -0.443 0.030 0.000 0.000
0.993 -0.013 1.186 -0.062 -0.148 0.012 0.096 -0.459 0.028 0.000 0.000
0.990 -0.021 1.187 -0.061 -0.171 0.013 -0.049 -0.470 0.026 0.000 0.000
0.987 -0.030 1.187 -0.067 -0.195 0.015 -0.184 -0.477 0.023 0.000 0.000
0.983 -0.040 1.188 -0.079 -0.219 0.016 -0.309 -0.479 0.019 0.000 0.000
0.979 -0.052 1.189 -0.097 -0.243 0.016 -0.420 -0.476 0.015 0.000 0.000
0.973 -0.064 1.190 -0.121 -0.266 0.017 -0.517 -0.469 0.010 0.000 0.000
0.966 -0.078 1.191 -0.149 -0.289 0.017 -0.599 -0.456 0.004 0.000 0.000
0.958 -0.093 1.192 -0.180 -0.312 0.017 -0.666 -0.440 -0.002 0.000 0.000
0.948 -0.109 1.192 -0.215 -0.333 0.017 -0.718 -0.419 -0.009 0.000 0.000
0.937 -0.127 1.193 -0.252 -0.354 0.017 -0.753 -0.395 -0.017 0.000 0.000
0.923 -0.145 1.194 -0.290 -0.373 0.016 -0.774 -0.367 -0.024 0.000 0.000
0.908 -0.164 1.195 -0.329 -0.390 0.014 -0.780 -0.337 -0.032 0.000 0.000
0.890 -0.184 1.195 -0.368 -0.406 0.012 -0.772 -0.303 -0.041 0.000 0.000
0.871 -0.204 1.196 -0.406 -0.421 0.010 -0.750 -0.268 -0.049 0.000 0.000
0.850 -0.226 1.196 -0.443 -0.433 0.007 -0.717 -0.231 -0.057 0.000 0.000
0.827 -0.248 1.197 -0.478 -0.444 0.004 -0.673 -0.193 -0.066 0.000 0.000
0.802 -0.270 1.197 -0.510 -0.452 0.001 -0.618 -0.154 -0.074 0.000 0.000
0.776 -0.293 1.197 -0.539 -0.459 -0.003 -0.556 -0.115 -0.082 0.000 0.000
0.748 -0.316 1.197 -0.565 -0.464 -0.007 -0.486 -0.076 -0.090 0.000 0.000
0.719 -0.339 1.196 -0.588 -0.467 -0.012 -0.411 -0.038 -0.097 0.000 0.000
0.689 -0.363 1.195 -0.606 -0.468 -0.017 -0.331 -0.001 -0.104 0.000 0.000
0.659 -0.386 1.194 -0.621 -0.467 -0.022 -0.249 0.034 -0.110 0.000 0.000
0.627 -0.409 1.193 -0.631 -0.464 -0.028 -0.166 0.067 -0.116 0.000 0.000
0.596 -0.432 1.192 -0.637 -0.460 -0.034 -0.083 0.098 -0.121 0.000 0.000
0.564 -0.455 1.190 -0.640 -0.455 -0.040 -0.001 0.126 -0.126 0.000 0.000
0.532 -0.478 1.187 -0.638 -0.448 -0.047 0.078 0.151 -0.129 0.000 0.000
0.500 -0.500 1.185 -0.632 -0.440 -0.053 0.153 0.172 -0.132 0.000 0.000
0.469 -0.522 1.182 -0.622 -0.430 -0.060 0.224 0.190 -0.134 0.000 0.000
0.438 -0.543 1.179 -0.610 -0.421 -0.067 0.289 0.205 -0.135 0.000 0.000
0.408 -0.564 1.176 -0.594 -0.410 -0.073 0.347 0.215 -0.136 0.000 0.000
0.378 -0.584 1.172 -0.575 -0.399 -0.080 0.399 0.222 -0.135 0.000 0.000
0.350 -0.604 1.167 -0.554 -0.388 -0.087 0.444 0.225 -0.134 0.000 0.000
0.323 -0.623 1.163 -0.531 -0.377 -0.094 0.481 0.225 -0.132 0.000 0.000
0.297 -0.641 1.158 -0.506 -0.365 -0.100 0.511 0.221 -0.129 0.000 0.000
0.273 -0.659 1.153 -0.480 -0.355 -0.106 0.533 0.214 -0.126 0.000 0.000
0.249 -0.677 1.148 -0.453 -0.344 -0.113 0.547 0.204 -0.122 0.000 0.000
0.227 -0.694 1.142 -0.425 -0.334 -0.119 0.554 0.191 -0.117 0.000 0.000
0.207 -0.710 1.136 -0.397 -0.325 -0.124 0.554 0.176 -0.112 0.000 0.000
0.188 -0.726 1.129 -0.370 -0.317 -0.130 0.546 0.158 -0.106 0.000 0.000
0.170 -0.742 1.123 -0.343 -0.309 -0.135 0.533 0.139 -0.100 0.000 0.000
0.153 -0.757 1.116 -0.317 -0.303 -0.140 0.513 0.117 -0.094 0.000 0.000
0.138 -0.772 1.109 -0.292 -0.297 -0.144 0.487 0.095 -0.087 0.000 0.000
0.124 -0.787 1.101 -0.268 -0.293 -0.148 0.457 0.071 -0.080 0.000 0.000
0.111 -0.802 1.094 -0.246 -0.290 -0.152 0.422 0.048 -0.074 0.000 0.000
0.099 -0.816 1.086 -0.226 -0.289 -0.156 0.383 0.024 -0.067 0.000 0.000
0.089 -0.830 1.078 -0.208 -0.288 -0.159 0.341 -0.000 -0.060 0.000 0.000
0.079 -0.845 1.070 -0.192 -0.289 -0.162 0.296 -0.024 -0.053 0.000 0.000
0.069 -0.859 1.062 -0.178 -0.290 -0.164 0.250 -0.046 -0.047 0.000 0.000
0.061 -0.874 1.054 -0.167 -0.293 -0.167 0.202 -0.067 -0.041 0.000 0.000
0.053 -0.889 1.045 -0.158 -0.297 -0.168 0.154 -0.087 -0.035 0.000 0.000
0.045 -0.904 1.037 -0.152 -0.302 -0.170 0.106 -0.104 -0.030 0.000 0.000
0.037 -0.919 1.028 -0.148 -0.307 -0.171 0.058 -0.120 -0.025 0.000 0.000
0.030 -0.934 1.020 -0.146 -0.314 -0.173 0.012 -0.133 -0.021 0.000 0.000
0.023 -0.950 1.011 -0.146 -0.321 -0.174 -0.032 -0.143 -0.017 0.000 0.000
0.015 -0.966 1.003 -0.149 -0.328 -0.174 -0.074 -0.151 -0.014 0.000 0.000
0.008 -0.983 0.994 -0.154 -0.336 -0.175 -0.113 -0.155 -0.012 0.000 0.000
-0.000 -1.000 0.985 -0.160 -0.343 -0.176 -0.149 -0.157 -0.010 0.000 0.000
-0.008 -1.017 0.976 -0.169 -0.351 -0.176 -0.182 -0.155 -0.009 0.000 0.000
-0.017 -1.035 0.967 -0.178 -0.359 -0.176 -0.210 -0.150 -0.008 0.000 0.000
-0.026 -1.053 0.959 -0.190 -0.366 -0.177 -0.235 -0.143 -0.009 0.000 0.000
-0.036 -1.072 0.950 -0.202 -0.373 -0.177 -0.256 -0.132 -0.010 0.000 0.000
-0.046 -1.091 0.941 -0.215 -0.379 -0.178 -0.272 -0.118 -0.011 0.000 0.000
-0.057 -1.110 0.932 -0.229 -0.385 -0.178 -0.285 -0.102 -0.013 0.000 0.000
-0.069 -1.129 0.923 -0.243 -0.389 -0.179 -0.293 -0.082 -0.016 0.000 0.000
-0.082 -1.149 0.914 -0.258 -0.393 -0.180 -0.298 -0.061 -0.019 0.000 0.000
-0.095 -1.168 0.905 -0.273 -0.396 -0.181 -0.299 -0.038 -0.023 0.000 0.000
-0.109 -1.188 0.896 -0.288 -0.397 -0.182 -0.297 -0.012 -0.027 0.000 0.000
-0.124 -1.208 0.887 -0.303 -0.397 -0.184 -0.291 0.015 -0.031 0.000 0.000
-0.139 -1.228 0.877 -0.317 -0.395 -0.185 -0.283 0.043 -0.036 0.000 0.000
-0.156 -1.247 0.868 -0.331 -0.392 -0.187 -0.271 0.072 -0.041 0.000 0.000
-0.172 -1.267 0.859 -0.344 -0.388 -0.190 -0.258 0.101 -0.046 0.000 0.000
-0.190 -1.286 0.849 -0.357 -0.382 -0.192 -0.242 0.131 -0.051 0.000 0.000
-0.208 -1.305 0.840 -0.369 -0.375 -0.195 -0.225 0.160 -0.056 0.000 0.000
-0.227 -1.324 0.830 -0.379 -0.366 -0.198 -0.207 0.190 -0.061 0.000 0.000
-0.246 -1.342 0.820 -0.389 -0.356 -0.201 -0.188 0.218 -0.066 0.000 0.000
-0.266 -1.359 0.810 -0.398 -0.345 -0.204 -0.168 0.245 -0.070 0.000 0.000
-0.286 -1.376 0.799 -0.406 -0.332 -0.208 -0.148 0.271 -0.074 0.000 0.000
-0.306 -1.392 0.789 -0.413 -0.317 -0.212 -0.129 0.296 -0.078 0.000 0.000
-0.327 -1.408 0.778 -0.419 -0.302 -0.216 -0.110 0.318 -0.082 0.000 0.000
-0.348 -1.423 0.767 -0.424 -0.286 -0.220 -0.091 0.338 -0.085 0.000 0.000
-0.369 -1.437 0.756 -0.428 -0.268 -0.224 -0.074 0.355 -0.087 0.000 0.000
-0.391 -1.449 0.745 -0.431 -0.250 -0.228 -0.059 0.370 -0.089 0.000 0.000
-0.413 -1.462 0.733 -0.434 -0.231 -0.233 -0.045 0.381 -0.090 0.000 0.000
-0.434 -1.473 0.722 -0.436 -0.212 -0.237 -0.033 0.390 -0.090 0.000 0.000
-0.456 -1.483 0.710 -0.437 -0.192 -0.242 -0.023 0.396 -0.090 0.000 0.000
-0.478 -1.492 0.697 -0.438 -0.173 -0.246 -0.015 0.398 -0.089 0.000 0.000
-0.500 -1.500 0.685 -0.439 -0.153 -0.251 -0.009 0.397 -0.087 0.000 0.000
-0.522 -1.507 0.672 -0.439 -0.133 -0.255 -0.006 0.392 -0.084 0.000 0.000
-0.544 -1.513 0.659 -0.439 -0.114 -0.259 -0.004 0.385 -0.080 0.000 0.000
-0.566 -1.519 0.646 -0.440 -0.095 -0.263 -0.005 0.374 -0.076 0.000 0.000
-0.588 -1.523 0.633 -0.440 -0.076 -0.267 -0.007 0.361 -0.071 0.000 0.000
-0.610 -1.526 0.620 -0.440 -0.059 -0.270 -0.011 0.345 -0.065 0.000 0.000
-0.632 -1.529 0.606 -0.441 -0.042 -0.273 -0.016 0.326 -0.058 0.000 0.000
-0.654 -1.530 0.592 -0.442 -0.026 -0.276 -0.022 0.305 -0.051 0.000 0.000
-0.676 -1.531 0.579 -0.443 -0.011 -0.278 -0.029 0.282 -0.042 0.000 0.000
-0.698 -1.531 0.565 -0.445 0.002 -0.280 -0.037 0.258 -0.034 0.000 0.000
-0.721 -1.531 0.551 -0.447 0.014 -0.282 -0.044 0.232 -0.024 0.000 0.000
-0.743 -1.530 0.536 -0.449 0.025 -0.283 -0.052 0.205 -0.014 0.000 0.000
-0.766 -1.529 0.522 -0.452 0.035 -0.283 -0.059 0.178 -0.004 0.000 0.000
-0.788 -1.527 0.508 -0.455 0.043 -0.283 -0.064 0.150 0.007 0.000 0.000
-0.811 -1.524 0.494 -0.459 0.050 -0.282 -0.069 0.122 0.018 0.000 0.000
-0.834 -1.522 0.480 -0.462 0.055 -0.281 -0.072 0.095 0.029 0.000 0.000
-0.857 -1.519 0.466 -0.466 0.059 -0.279 -0.073 0.068 0.041 0.000 0.000
-0.881 -1.516 0.452 -0.469 0.062 -0.277 -0.072 0.042 0.053 0.000 0.000
-0.904 -1.513 0.438 -0.473 0.064 -0.274 -0.069 0.018 0.064 0.000 0.000
-0.928 -1.509 0.425 -0.476 0.064 -0.271 -0.063 -0.005 0.076 0.000 0.000
-0.952 -1.506 0.411 -0.479 0.063 -0.267 -0.054 -0.026 0.087 0.000 0.000
-0.976 -1.503 0.398 -0.482 0.061 -0.262 -0.043 -0.046 0.099 0.000 0.000
-1.000 -1.500 0.385 -0.483 0.059 -0.257 -0.029 -0.063 0.110 0.000 0.000
-1.024 -1.497 0.372 -0.484 0.055 -0.251 -0.012 -0.077 0.121 0.000 0.000
-1.048 -1.494 0.360 -0.484 0.051 -0.245 0.008 -0.090 0.131 0.000 0.000
-1.073 -1.492 0.348 -0.484 0.046 -0.238 0.030 -0.100 0.141 0.000 0.000
-1.097 -1.490 0.336 -0.481 0.041 -0.231 0.055 -0.108 0.150 0.000 0.000
-1.121 -1.488 0.325 -0.478 0.036 -0.223 0.081 -0.113 0.159 0.000 0.000
-1.145 -1.486 0.314 -0.473 0.030 -0.215 0.109 -0.116 0.166 0.000 0.000
-1.168 -1.485 0.303 -0.467 0.024 -0.206 0.139 -0.117 0.174 0.000 0.000
-1.191 -1.484 0.293 -0.459 0.018 -0.197 0.169 -0.115 0.180 0.000 0.000
-1.214 -1.483 0.284 -0.450 0.012 -0.188 0.200 -0.112 0.185 0.000 0.000
-1.236 -1.483 0.274 -0.439 0.007 -0.179 0.231 -0.107 0.190 0.000 0.000
-1.258 -1.482 0.266 -0.427 0.002 -0.169 0.261 -0.101 0.193 0.000 0.000
-1.279 -1.482 0.257 -0.413 -0.003 -0.160 0.291 -0.093 0.196 0.000 0.000
-1.299 -1.483 0.250 -0.398 -0.008 -0.150 0.319 -0.084 0.198 0.000 0.000
-1.319 -1.483 0.243 -0.381 -0.011 -0.140 0.346 -0.074 0.198 0.000 0.000
-1.337 -1.484 0.236 -0.363 -0.015 -0.130 0.370 -0.063 0.197 0.000 0.000
-1.355 -1.485 0.230 -0.344 -0.018 -0.120 0.392 -0.052 0.196 0.000 0.000
-1.372 -1.486 0.224 -0.324 -0.020 -0.110 0.411 -0.041 0.193 0.000 0.000
-1.387 -1.487 0.218 -0.303 -0.022 -0.101 0.427 -0.029 0.189 0.000 0.000
-1.402 -1.488 0.214 -0.282 -0.023 -0.091 0.438 -0.018 0.185 0.000 0.000
-1.416 -1.489 0.209 -0.260 -0.024 -0.082 0.446 -0.008 0.179 0.000 0.000
-1.428 -1.490 0.205 -0.237 -0.024 -0.074 0.450 0.002 0.172 0.000 0.000
-1.439 -1.491 0.202 -0.215 -0.023 -0.065 0.449 0.012 0.165 0.000 0.000
-1.449 -1.493 0.199 -0.192 -0.023 -0.057 0.444 0.020 0.156 0.000 0.000
-1.459 -1.494 0.196 -0.170 -0.022 -0.050 0.434 0.027 0.147 0.000 0.000
-1.467 -1.495 0.194 -0.149 -0.020 -0.042 0.419 0.033 0.137 0.000 0.000
-1.473 -1.496 0.192 -0.129 -0.018 -0.036 0.401 0.037 0.126 0.000 0.000
-1.479 -1.497 0.190 -0.109 -0.016 -0.030 0.378 0.040 0.115 0.000 0.000
-1.484 -1.497 0.189 -0.091 -0.014 -0.024 0.351 0.042 0.104 0.000 0.000
-1.488 -1.498 0.188 -0.074 -0.012 -0.019 0.321 0.042 0.092 0.000 0.000
-1.492 -1.498 0.187 -0.059 -0.010 -0.015 0.288 0.041 0.080 0.000 0.000
-1.494 -1.499 0.186 -0.045 -0.008 -0.011 0.253 0.039 0.068 0.000 0.000
-1.496 -1.499 0.186 -0.034 -0.006 -0.008 0.216 0.035 0.057 0.000 0.000
-1.498 -1.500 0.186 -0.024 -0.004 -0.006 0.178 0.031 0.046 0.000 0.000
-1.499 -1.500 0.185 -0.016 -0.003 -0.004 0.141 0.026 0.035 0.000 0.000
-1.499 -1.500 0.185 -0.010 -0.002 -0.002 0.105 0.020 0.026 0.000 0.000
-1.500 -1.500 0.185 -0.005 -0.001 -0.001 0.072 0.014 0.017 0.000 0.000
-1.500 -1.500 0.185 -0.002 -0.000 -0.001 0.043 0.009 0.010 0.000 0.000
-1.500 -1.500 0.185 -0.001 -0.000 -0.000 0.021 0.004 0.005 0.000 0.000
-1.500 -1.500 0.185 -0.000 -0.000 -0.000 0.006 0.001 0.001 0.000 0.000
-1.500 -1.500 0.185 0.000 0.000 0.000 -0.000 0.000 -0.000 0.000 0.000
-1.500 -1.500 0.185 -0.000 -0.000 -0.000 -0.000 -0.000 -0.000 0.000 0.000
-1.500 -1.500 0.185 -0.000 -0.000 -0.000 -0.000 -0.000 -0.001 0.000 0.000
-1.500 -1.500 0.185 -0.000 -0.000 -0.000 -0.000 -0.000 -0.003 0.000 0.000
-1.500 -1.500 0.185 -0.000 -0.000 -0.000 -0.000 -0.000 -0.005 0.000 0.000
-1.500 -1.500 0.185 -0.000 -0.000 -0.001 -0.000 -0.000 -0.007 0.000 0.000
-1.500 -1.500 0.185 -0.000 -0.000 -0.001 -0.000 -0.000 -0.010 0.000 0.000
-1.500 -1.500 0.185 -0.000 -0.000 -0.002 -0.000 -0.000 -0.013 0.000 0.000
-1.500 -1.500 0.185 -0.000 -0.000 -0.002 -0.000 -0.000 -0.016 0.000 0.000
-1.500 -1.500 0.185 -0.000 -0.000 -0.003 -0.000 -0.000 -0.020 0.000 0.000
-1.500 -1.500 0.184 -0.000 -0.000 -0.004 -0.000 -0.000 -0.023 0.000 0.000
-1.500 -1.500 0.184 -0.000 -0.000 -0.005 -0.000 -0.000 -0.027 0.000 0.000
-1.500 -1.500 0.184 -0.000 -0.000 -0.007 -0.000 -0.000 -0.031 0.000 0.000
-1.500 -1.500 0.184 -0.000 -0.000 -0.009 -0.000 -0.000 -0.036 0.000 0.000
-1.500 -1.500 0.183 -0.000 -0.000 -0.011 -0.000 -0.000 -0.040 0.000 0.000
-1.500 -1.500 0.182 -0.000 -0.000 -0.013 -0.000 -0.000 -0.044 0.000 0.000
-1.500 -1.500 0.182 -0.000 -0.000 -0.015 -0.000 -0.000 -0.049 0.000 0.000
-1.500 -1.500 0.181 -0.000 -0.000 -0.018 -0.000 -0.000 -0.053 0.000 0.000
-1.500 -1.500 0.180 -0.000 -0.000 -0.020 -0.000 -0.000 -0.057 0.000 0.000
-1.500 -1.500 0.179 -0.000 -0.000 -0.023 -0.000 -0.000 -0.062 0.000 0.000
-1.500 -1.500 0.178 -0.000 -0.000 -0.026 -0.000 -0.000 -0.066 0.000 0.000
-1.500 -1.500 0.176 -0.000 -0.000 -0.030 -0.000 -0.000 -0.070 0.000 0.000
-1.500 -1.500 0.175 -0.000 -0.000 -0.033 -0.000 -0.000 -0.074 0.000 0.000
-1.500 -1.500 0.173 -0.000 -0.000 -0.037 -0.000 -0.000 -0.078 0.000 0.000
-1.500 -1.500 0.171 -0.000 -0.000 -0.041 -0.000 -0.000 -0.081 0.000 0.000
-1.500 -1.500 0.169 -0.000 -0.000 -0.045 -0.000 -0.000 -0.085 0.000 0.000
-1.500 -1.500 0.166 -0.000 -0.000 -0.050 -0.000 -0.000 -0.088 0.000 0.000
-1.500 -1.500 0.164 -0.000 -0.000 -0.054 -0.000 -0.000 -0.091 0.000 0.000
-1.500 -1.500 0.161 -0.000 -0.000 -0.059 -0.000 -0.000 -0.094 0.000 0.000
-1.500 -1.500 0.158 -0.000 -0.000 -0.064 -0.000 -0.000 -0.097 0.000 0.000
-1.500 -1.500 0.155 -0.000 -0.000 -0.068 -0.000 -0.000 -0.099 0.000 0.000
-1.500 -1.500 0.151 -0.000 -0.000 -0.073 -0.000 -0.000 -0.101 0.000 0.000
-1.500 -1.500 0.147 -0.000 -0.000 -0.079 -0.000 -0.000 -0.103 0.000 0.000
-1.500 -1.500 0.143 -0.000 -0.000 -0.084 -0.000 -0.000 -0.104 0.000 0.000
-1.500 -1.500 0.139 -0.000 -0.000 -0.089 -0.000 -0.000 -0.106 0.000 0.000
-1.500 -1.500 0.134 -0.000 -0.000 -0.094 -0.000 -0.000 -0.107 0.000 0.000
-1.500 -1.500 0.129 -0.000 -0.000 -0.100 -0.000 -0.000 -0.107 0.000 0.000
-1.500 -1.500 0.124 -0.000 -0.000 -0.105 -0.000 -0.000 -0.108 0.000 0.000
-1.500 -1.500 0.119 -0.000 -0.000 -0.110 -0.000 -0.000 -0.108 0.000 0.000
-1.500 -1.500 0.113 -0.000 -0.000 -0.116 -0.000 -0.000 -0.108 0.000 0.000
-1.500 -1.500 0.107 -0.000 -0.000 -0.121 -0.000 -0.000 -0.108 0.000 0.000
-1.500 -1.500 0.101 -0.000 -0.000 -0.127 -0.000 -0.000 -0.107 0.000 0.000
-1.500 -1.500 0.095 -0.000 -0.000 -0.132 -0.000 -0.000 -0.106 0.000 0.000
-1.500 -1.500 0.088 -0.000 -0.000 -0.137 -0.000 -0.000 -0.105 0.000 0.000
-1.500 -1.500 0.081 -0.000 -0.000 -0.142 -0.000 -0.000 -0.103 0.000 0.000
-1.500 -1.500 0.074 -0.000 -0.000 -0.147 -0.000 -0.000 -0.102 0.000 0.000
-1.500 -1.500 0.066 -0.000 -0.000 -0.153 -0.000 -0.000 -0.099 0.000 0.000
-1.500 -1.500 0.059 -0.000 -0.000 -0.157 -0.000 -0.000 -0.097 0.000 0.000
-1.500 -1.500 0.051 -0.000 -0.000 -0.162 -0.000 -0.000 -0.095 0.000 0.000
-1.500 -1.500 0.042 -0.000 -0.000 -0.167 0.000 0.000 -0.092 0.000 0.000
-1.500 -1.500 0.034 -0.000 -0.000 -0.171 0.000 0.000 -0.089 0.000 0.000
-1.500 -1.500 0.025 -0.000 -0.000 -0.176 0.000 0.000 -0.086 0.000 0.000
-1.500 -1.500 0.016 -0.000 -0.000 -0.180 0.000 0.000 -0.082 0.000 0.000
-1.500 -1.500 0.007 -0.000 -0.000 -0.184 0.000 0.000 -0.078 0.000 0.000
-1.500 -1.500 -0.002 -0.000 -0.000 -0.188 0.000 0.000 -0.075 0.000 0.000
-1.500 -1.500 -0.012 -0.000 -0.000 -0.191 0.000 0.000 -0.070 0.000 0.000
-1.500 -1.500 -0.021 -0.000 -0.000 -0.195 0.000 0.000 -0.066 0.000 0.000
-1.500 -1.500 -0.031 -0.000 -0.000 -0.198 0.000 0.000 -0.062 0.000 0.000
-1.500 -1.500 -0.041 -0.000 -0.000 -0.201 0.000 0.000 -0.057 0.000 0.000
-1.500 -1.500 -0.051 -0.000 -0.000 -0.204 0.000 0.000 -0.052 0.000 0.000
-1.500 -1.500 -0.061 -0.000 -0.000 -0.206 0.000 0.000 -0.048 0.000 0.000
-1.500 -1.500 -0.072 -0.000 -0.000 -0.209 0.000 0.000 -0.043 0.000 0.000
-1.500 -1.500 -0.082 -0.000 -0.000 -0.211 0.000 0.000 -0.038 0.000 0.000
-1.500 -1.500 -0.093 -0.000 -0.000 -0.212 0.000 0.000 -0.032 0.000 0.000
-1.500 -1.500 -0.103 -0.000 -0.000 -0.214 0.000 0.000 -0.027 0.000 0.000
-1.500 -1.500 -0.114 -0.000 -0.000 -0.215 0.000 0.000 -0.022 0.000 0.000
-1.500 -1.500 -0.125 -0.000 -0.000 -0.216 0.000 0.000 -0.016 0.000 0.000
-1.500 -1.500 -0.136 -0.000 -0.000 -0.217 0.000 0.000 -0.011 0.000 0.000
-1.500 -1.500 -0.147 -0.000 -0.000 -0.217 0.000 0.000 -0.005 0.000 0.000
-1.500 -1.500 -0.157 -0.000 -0.000 -0.217 0.000 0.000 -0.000 0.000 0.000
-1.500 -1.500 -0.168 -0.000 -0.000 -0.217 0.000 0.000 0.005 0.000 0.000
-1.500 -1.500 -0.179 -0.000 -0.000 -0.217 0.000 0.000 0.011 0.000 0.000
-1.500 -1.500 -0.190 -0.000 -0.000 -0.216 0.000 0.000 0.016 0.000 0.000
-1.500 -1.500 -0.201 -0.000 -0.000 -0.215 0.000 0.000 0.022 0.000 0.000
-1.500 -1.500 -0.212 -0.000 -0.000 -0.214 0.000 0.000 0.027 0.000 0.000
-1.500 -1.500 -0.222 0.000 0.000 -0.212 0.000 0.000 0.032 0.000 0.000
-1.500 -1.500 -0.233 0.000 0.000 -0.211 0.000 0.000 0.038 0.000 0.000
-1.500 -1.500 -0.243 0.000 0.000 -0.209 0.000 0.000 0.043 0.000 0.000
-1.500 -1.500 -0.254 0.000 0.000 -0.206 0.000 0.000 0.048 0.000 0.000
-1.500 -1.500 -0.264 0.000 0.000 -0.204 0.000 0.000 0.052 0.000 0.000
-1.500 -1.500 -0.274 0.000 0.000 -0.201 0.000 0.000 0.057 0.000 0.000
-1.500 -1.500 -0.284 0.000 0.000 -0.198 0.000 0.000 0.062 0.000 0.000
-1.500 -1.500 -0.294 0.000 0.000 -0.195 0.000 0.000 0.066 0.000 0.000
-1.500 -1.500 -0.303 0.000 0.000 -0.191 0.000 0.000 0.070 0.000 0.000
-1.500 -1.500 -0.313 0.000 0.000 -0.188 0.000 0.000 0.075 0.000 0.000
-1.500 -1.500 -0.322 0.000 0.000 -0.184 0.000 0.000 0.078 0.000 0.000
-1.500 -1.500 -0.331 0.000 0.000 -0.180 0.000 0.000 0.082 0.000 0.000
-1.500 -1.500 -0.340 0.000 0.000 -0.176 0.000 0.000 0.086 0.000 0.000
-1.500 -1.500 -0.349 0.000 0.000 -0.171 0.000 0.000 0.089 0.000 0.000
-1.500 -1.500 -0.357 0.000 0.000 -0.167 0.000 0.000 0.092 0.000 0.000
-1.500 -1.500 -0.366 0.000 0.000 -0.162 0.000 0.000 0.095 0.000 0.000
-1.500 -1.500 -0.374 0.000 0.000 -0.157 0.000 0.000 0.097 0.000 0.000
-1.500 -1.500 -0.381 0.000 0.000 -0.153 0.000 0.000 0.099 0.000 0.000
-1.500 -1.500 -0.389 0.000 0.000 -0.147 0.000 0.000 0.102 0.000 0.000
-1.500 -1.500 -0.396 0.000 0.000 -0.142 0.000 0.000 0.103 0.000 0.000
-1.500 -1.500 -0.403 0.000 0.000 -0.137 0.000 0.000 0.105 0.000 0.000
-1.500 -1.500 -0.410 0.000 0.000 -0.132 0.000 0.000 0.106 0.000 0.000
-1.500 -1.500 -0.416 0.000 0.000 -0.127 0.000 0.000 0.107 0.000 0.000
-1.500 -1.500 -0.422 0.000 0.000 -0.121 0.000 0.000 0.108 0.000 0.000
-1.500 -1.500 -0.428 0.000 0.000 -0.116 0.000 0.000 0.108 0.000 0.000
-1.500 -1.500 -0.434 0.000 0.000 -0.110 0.000 0.000 0.108 0.000 0.000
-1.500 -1.500 -0.439 0.000 0.000 -0.105 0.000 0.000 0.108 0.000 0.000
-1.500 -1.500 -0.444 0.000 0.000 -0.100 0.000 0.000 0.107 0.000 0.000
-1.500 -1.500 -0.449 0.000 0.000 -0.094 0.000 0.000 0.107 0.000 0.000
-1.500 -1.500 -0.454 0.000 0.000 -0.089 0.000 0.000 0.106 0.000 0.000
-1.500 -1.500 -0.458 0.000 0.000 -0.084 0.000 0.000 0.104 0.000 0.000
-1.500 -1.500 -0.462 0.000 0.000 -0.079 -0.000 -0.000 0.103 0.000 0.000
-1.500 -1.500 -0.466 0.000 0.000 -0.073 -0.000 -0.000 0.101 0.000 0.000
-1.500 -1.500 -0.470 0.000 0.000 -0.068 -0.000 -0.000 0.099 0.000 0.000
-1.500 -1.500 -0.473 0.000 0.000 -0.064 -0.000 -0.000 0.097 0.000 0.000
-1.500 -1.500 -0.476 0.000 0.000 -0.059 -0.000 -0.000 0.094 0.000 0.000
-1.500 -1.500 -0.479 0.000 0.000 -0.054 -0.000 -0.000 0.091 0.000 0.000
-1.500 -1.500 -0.481 0.000 0.000 -0.050 -0.000 -0.000 0.088 0.000 0.000
-1.500 -1.500 -0.484 0.000 0.000 -0.045 -0.000 -0.000 0.085 0.000 0.000
-1.500 -1.500 -0.486 0.000 0.000 -0.041 -0.000 -0.000 0.081 0.000 0.000
-1.500 -1.500 -0.488 0.000 0.000 -0.037 -0.000 -0.000 0.078 0.000 0.000
-1.500 -1.500 -0.490 0.000 0.000 -0.033 -0.000 -0.000 0.074 0.000 0.000
-1.500 -1.500 -0.491 0.000 0.000 -0.030 -0.000 -0.000 0.070 0.000 0.000
-1.500 -1.500 -0.493 0.000 0.000 -0.026 -0.000 -0.000 0.066 0.000 0.000
-1.500 -1.500 -0.494 0.000 0.000 -0.023 -0.000 -0.000 0.062 0.000 0.000
-1.500 -1.500 -0.495 0.000 0.000 -0.020 -0.000 -0.000 0.057 0.000 0.000
-1.500 -1.500 -0.496 0.000 0.000 -0.018 -0.000 -0.000 0.053 0.000 0.000
-1.500 -1.500 -0.497 0.000 0.000 -0.015 -0.000 -0.000 0.049 0.000 0.000
-1.500 -1.500 -0.497 0.000 0.000 -0.013 -0.000 -0.000 0.044 0.000 0.000
-1.500 -1.500 -0.498 0.000 0.000 -0.011 -0.000 -0.000 0.040 0.000 0.000
-1.500 -1.500 -0.499 0.000 0.000 -0.009 -0.000 -0.000 0.036 0.000 0.000
-1.500 -1.500 -0.499 0.000 0.000 -0.007 -0.000 -0.000 0.031 0.000 0.000
-1.500 -1.500 -0.499 0.000 0.000 -0.005 -0.000 -0.000 0.027 0.000 0.000
-1.500 -1.500 -0.499 0.000 0.000 -0.004 -0.000 -0.000 0.023 0.000 0.000
-1.500 -1.500 -0.500 0.000 0.000 -0.003 -0.000 -0.000 0.020 0.000 0.000
-1.500 -1.500 -0.500 0.000 0.000 -0.002 -0.000 -0.000 0.016 0.000 0.000
-1.500 -1.500 -0.500 0.000 0.000 -0.002 -0.000 -0.000 0.013 0.000 0.000
-1.500 -1.500 -0.500 0.000 0.000 -0.001 -0.000 -0.000 0.010 0.000 0.000
-1.500 -1.500 -0.500 0.000 0.000 -0.001 -0.000 -0.000 0.007 0.000 0.000
-1.500 -1.500 -0.500 0.000 0.000 -0.000 -0.000 -0.000 0.005 0.000 0.000
-1.500 -1.500 -0.500 0.000 0.000 -0.000 -0.000 -0.000 0.003 0.000 0.000
-1.500 -1.500 -0.500 0.000 0.000 -0.000 -0.000 -0.000 0.001 0.000 0.000
-1.500 -1.500 -0.500 0.000 0.000 -0.000 -0.000 -0.000 0.000 0.000 0.000
-1.500 -1.500 -0.500 0.000 0.000 0.000 -0.000 -0.000 -0.000 0.000 0.000
