-1.500 1.500 0.185 -0.000 0.000 0.000 -0.000 0.000 0.002 0.000 0.000
-1.500 1.500 0.185 -0.000 0.000 0.000 -0.000 0.000 0.006 0.000 0.000
-1.500 1.500 0.185 -0.000 0.000 0.001 0.000 -0.000 0.013 0.000 0.000
-1.500 1.500 0.185 -0.000 0.000 0.002 0.000 -0.000 0.023 0.000 0.000
-1.500 1.500 0.185 -0.000 0.000 0.003 0.000 -0.000 0.034 0.000 0.000
-1.500 1.500 0.185 -0.000 0.000 0.005 0.000 -0.000 0.047 0.000 0.000
-1.500 1.500 0.186 -0.000 0.000 0.008 0.000 -0.000 0.061 0.000 0.000
-1.500 1.500 0.186 -0.000 0.000 0.011 0.000 -0.000 0.076 0.000 0.000
-1.500 1.500 0.187 -0.000 0.000 0.015 0.000 -0.000 0.092 0.000 0.000
-1.500 1.500 0.188 -0.000 0.000 0.020 0.000 -0.000 0.109 0.000 0.000
-1.500 1.500 0.189 -0.000 0.000 0.026 0.000 -0.000 0.126 0.000 0.000
-1.500 1.500 0.190 -0.000 0.000 0.033 0.000 -0.000 0.142 0.000 0.000
-1.500 1.500 0.192 -0.000 0.000 0.041 0.000 -0.000 0.159 0.000 0.000
-1.500 1.500 0.194 -0.000 0.000 0.049 0.000 -0.000 0.175 0.000 0.000
-1.500 1.500 0.197 -0.000 0.000 0.058 0.000 -0.000 0.191 0.000 0.000
-1.500 1.500 0.200 -0.000 0.000 0.068 0.000 -0.000 0.206 0.000 0.000
-1.500 1.500 0.204 -0.000 0.000 0.079 0.000 -0.000 0.221 0.000 0.000
-1.500 1.500 0.208 -0.000 0.000 0.090 0.000 -0.000 0.234 0.000 0.000
-1.500 1.500 0.213 -0.000 0.000 0.102 0.000 -0.000 0.247 0.000 0.000
-1.500 1.500 0.218 -0.000 0.000 0.115 0.000 -0.000 0.258 0.000 0.000
-1.500 1.500 0.224 -0.000 0.000 0.128 0.000 -0.000 0.268 0.000 0.000
-1.500 1.500 0.231 -0.000 0.000 0.141 0.000 -0.000 0.277 0.000 0.000
-1.500 1.500 0.239 -0.000 0.000 0.156 0.000 -0.000 0.285 0.000 0.000
-1.500 1.500 0.247 -0.000 0.000 0.170 0.000 -0.000 0.291 0.000 0.000
-1.500 1.500 0.256 -0.000 0.000 0.185 0.000 -0.000 0.295 0.000 0.000
-1.500 1.500 0.265 -0.000 0.000 0.199 0.000 -0.000 0.299 0.000 0.000
-1.500 1.500 0.276 -0.000 0.000 0.214 0.000 -0.000 0.300 0.000 0.000
-1.500 1.500 0.287 -0.000 0.000 0.229 0.000 -0.000 0.300 0.000 0.000
-1.500 1.500 0.298 -0.000 0.000 0.244 0.000 -0.000 0.299 0.000 0.000
-1.500 1.500 0.311 -0.000 0.000 0.259 0.000 -0.000 0.296 0.000 0.000
-1.500 1.500 0.324 -0.000 0.000 0.274 0.000 -0.000 0.292 0.000 0.000
-1.500 1.500 0.338 -0.000 0.000 0.288 0.000 -0.000 0.286 0.000 0.000
-1.500 1.500 0.353 -0.000 0.000 0.303 0.000 -0.000 0.279 0.000 0.000
-1.500 1.500 0.369 -0.000 0.000 0.316 0.000 -0.000 0.271 0.000 0.000
-1.500 1.500 0.385 -0.000 0.000 0.330 0.000 -0.000 0.261 0.000 0.000
-1.500 1.500 0.402 -0.000 0.000 0.342 0.000 -0.000 0.250 0.000 0.000
-1.500 1.500 0.419 -0.000 0.000 0.355 0.000 -0.000 0.237 0.000 0.000
-1.500 1.500 0.437 0.000 -0.000 0.366 0.000 -0.000 0.224 0.000 0.000
-1.500 1.500 0.456 0.000 -0.000 0.377 0.000 -0.000 0.209 0.000 0.000
-1.500 1.500 0.475 0.000 -0.000 0.387 0.000 -0.000 0.194 0.000 0.000
-1.500 1.500 0.494 0.000 -0.000 0.396 0.000 -0.000 0.177 0.000 0.000
-1.500 1.500 0.514 0.000 -0.000 0.405 0.000 -0.000 0.160 0.000 0.000
-1.500 1.500 0.535 0.000 -0.000 0.412 0.000 -0.000 0.141 0.000 0.000
-1.500 1.500 0.556 0.000 -0.000 0.419 0.000 -0.000 0.122 0.000 0.000
-1.500 1.500 0.577 0.000 -0.000 0.425 0.000 -0.000 0.103 0.000 0.000
-1.500 1.500 0.598 0.000 -0.000 0.429 0.000 -0.000 0.083 0.000 0.000
-1.500 1.500 0.620 0.000 -0.000 0.433 0.000 -0.000 0.063 0.000 0.000
-1.500 1.500 0.641 0.000 -0.000 0.435 0.000 -0.000 0.042 0.000 0.000
-1.500 1.500 0.663 0.000 -0.000 0.437 0.000 -0.000 0.021 0.000 0.000
-1.500 1.500 0.685 0.000 -0.000 0.438 -0.000 0.000 0.000 0.000 0.000
-1.500 1.500 0.707 0.000 -0.000 0.437 0.000 -0.000 -0.021 0.000 0.000
-1.500 1.500 0.729 0.000 -0.000 0.435 0.000 -0.000 -0.042 0.000 0.000
-1.500 1.500 0.750 0.000 -0.000 0.433 -0.000 0.000 -0.063 0.000 0.000
-1.500 1.500 0.772 0.000 -0.000 0.429 -0.000 0.000 -0.083 0.000 0.000
-1.500 1.500 0.793 0.000 -0.000 0.425 -0.000 0.000 -0.103 0.000 0.000
-1.500 1.500 0.814 0.000 -0.000 0.419 -0.000 0.000 -0.122 0.000 0.000
-1.500 1.500 0.835 0.000 -0.000 0.412 -0.000 0.000 -0.141 0.000 0.000
-1.500 1.500 0.856 0.000 -0.000 0.405 -0.000 0.000 -0.160 0.000 0.000
-1.500 1.500 0.876 0.000 -0.000 0.396 -0.000 0.000 -0.177 0.000 0.000
-1.500 1.500 0.895 0.000 -0.000 0.387 -0.000 0.000 -0.194 0.000 0.000
-1.500 1.500 0.914 0.000 -0.000 0.377 -0.000 0.000 -0.209 0.000 0.000
-1.500 1.500 0.933 0.000 -0.000 0.366 -0.000 0.000 -0.224 0.000 0.000
-1.500 1.500 0.951 0.000 -0.000 0.355 -0.000 0.000 -0.237 0.000 0.000
-1.500 1.500 0.968 0.000 -0.000 0.342 -0.000 0.000 -0.250 0.000 0.000
-1.500 1.500 0.985 0.000 -0.000 0.330 -0.000 0.000 -0.261 0.000 0.000
-1.500 1.500 1.001 0.000 -0.000 0.316 -0.000 0.000 -0.271 0.000 0.000
-1.500 1.500 1.017 0.000 -0.000 0.303 0.000 -0.000 -0.279 0.000 0.000
-1.500 1.500 1.032 0.000 -0.000 0.288 0.000 -0.000 -0.286 0.000 0.000
-1.500 1.500 1.046 0.000 -0.000 0.274 0.000 -0.000 -0.292 0.000 0.000
-1.500 1.500 1.059 0.000 -0.000 0.259 0.000 -0.000 -0.296 0.000 0.000
-1.500 1.500 1.072 0.000 -0.000 0.244 0.000 -0.000 -0.299 0.000 0.000
-1.500 1.500 1.083 0.000 -0.000 0.229 0.000 -0.000 -0.300 0.000 0.000
-1.500 1.500 1.094 0.000 -0.000 0.214 0.000 -0.000 -0.300 0.000 0.000
-1.500 1.500 1.105 0.000 -0.000 0.199 0.000 -0.000 -0.299 0.000 0.000
-1.500 1.500 1.114 0.000 -0.000 0.185 0.000 -0.000 -0.295 0.000 0.000
-1.500 1.500 1.123 0.000 -0.000 0.170 0.000 -0.000 -0.291 0.000 0.000
-1.500 1.500 1.131 0.000 -0.000 0.156 0.000 -0.000 -0.285 0.000 0.000
-1.500 1.500 1.139 0.000 -0.000 0.141 0.000 -0.000 -0.277 0.000 0.000
-1.500 1.500 1.146 0.000 -0.000 0.128 0.000 -0.000 -0.268 0.000 0.000
-1.500 1.500 1.152 0.000 -0.000 0.115 0.000 -0.000 -0.258 0.000 0.000
-1.500 1.500 1.157 0.000 -0.000 0.102 0.000 -0.000 -0.247 0.000 0.000
-1.500 1.500 1.162 0.000 -0.000 0.090 0.000 -0.000 -0.234 0.000 0.000
-1.500 1.500 1.166 0.000 -0.000 0.079 0.000 -0.000 -0.221 0.000 0.000
-1.500 1.500 1.170 0.000 -0.000 0.068 -0.000 0.000 -0.206 0.000 0.000
-1.500 1.500 1.173 0.000 -0.000 0.058 -0.000 0.000 -0.191 0.000 0.000
-1.500 1.500 1.176 0.000 -0.000 0.049 -0.000 0.000 -0.175 0.000 0.000
-1.500 1.500 1.178 0.000 -0.000 0.041 -0.000 0.000 -0.159 0.000 0.000
-1.500 1.500 1.180 0.000 -0.000 0.033 -0.000 0.000 -0.142 0.000 0.000
-1.500 1.500 1.181 0.000 -0.000 0.026 -0.000 0.000 -0.126 0.000 0.000
-1.500 1.500 1.182 0.000 -0.000 0.020 -0.000 0.000 -0.109 0.000 0.000
-1.500 1.500 1.183 0.000 -0.000 0.015 -0.000 0.000 -0.092 0.000 0.000
-1.500 1.500 1.184 0.000 -0.000 0.011 -0.000 0.000 -0.076 0.000 0.000
-1.500 1.500 1.184 0.000 -0.000 0.008 -0.000 0.000 -0.061 0.000 0.000
-1.500 1.500 1.185 0.000 -0.000 0.005 -0.000 0.000 -0.047 0.000 0.000
-1.500 1.500 1.185 0.000 -0.000 0.003 -0.000 0.000 -0.034 0.000 0.000
-1.500 1.500 1.185 0.000 -0.000 0.002 -0.000 0.000 -0.023 0.000 0.000
-1.500 1.500 1.185 0.000 -0.000 0.001 -0.000 0.000 -0.013 0.000 0.000
-1.500 1.500 1.185 0.000 -0.000 0.000 -0.000 0.000 -0.006 0.000 0.000
-1.500 1.500 1.185 0.000 -0.000 0.000 -0.000 0.000 -0.002 0.000 0.000
-1.500 1.500 1.185 0.000 -0.000 -0.000 -0.000 0.000 -0.000 0.000 0.000
-1.500 1.500 1.185 0.000 0.000 0.000 0.000 0.000 0.000 0.000 0.000
-1.500 1.500 1.185 0.000 0.000 0.000 0.000 0.000 0.000 0.000 0.000
-1.500 1.500 1.185 0.000 0.000 0.000 0.000 0.000 0.000 0.000 0.000
-1.500 1.500 1.185 0.000 0.000 0.000 0.000 0.000 0.000 0.000 0.000
-1.500 1.500 1.185 0.000 0.000 0.000 0.000 0.000 0.000 0.000 0.000
-1.500 1.500 1.185 0.000 0.000 0.000 0.000 0.000 0.000 0.000 0.000
-1.500 1.500 1.185 0.000 0.000 0.000 0.000 0.000 0.000 0.000 0.000
-1.500 1.500 1.185 0.000 0.000 0.000 0.000 0.000 0.000 0.000 0.000
-1.500 1.500 1.185 0.000 0.000 0.000 0.000 0.000 0.000 0.000 0.000
-1.500 1.500 1.185 0.000 0.000 0.000 0.000 0.000 0.000 0.000 0.000
-1.500 1.500 1.185 0.000 0.000 0.000 0.000 0.000 0.000 0.000 0.000
-1.500 1.500 1.185 0.000 0.000 0.000 0.000 0.000 0.000 0.000 0.000
-1.500 1.500 1.185 0.000 0.000 0.000 0.000 0.000 0.000 0.000 0.000
-1.500 1.500 1.185 0.000 0.000 0.000 0.000 0.000 0.000 0.000 0.000
-1.500 1.500 1.185 0.000 0.000 0.000 0.000 0.000 0.000 0.000 0.000
-1.500 1.500 1.185 0.000 0.000 0.000 0.000 0.000 0.000 0.000 0.000
-1.500 1.500 1.185 0.000 0.000 0.000 0.000 0.000 0.000 0.000 0.000
-1.500 1.500 1.185 0.000 0.000 0.000 0.000 0.000 0.000 0.000 0.000
-1.500 1.500 1.185 0.000 0.000 0.000 0.000 0.000 0.000 0.000 0.000
-1.500 1.500 1.185 0.000 0.000 0.000 0.000 0.000 0.000 0.000 0.000
-1.500 1.500 1.185 0.000 0.000 0.000 0.000 0.000 0.000 0.000 0.000
-1.500 1.500 1.185 0.000 0.000 0.000 0.000 0.000 0.000 0.000 0.000
-1.500 1.500 1.185 0.000 0.000 0.000 0.000 0.000 0.000 0.000 0.000
-1.500 1.500 1.185 0.000 0.000 0.000 0.000 0.000 0.000 0.000 0.000
-1.500 1.500 1.185 0.000 0.000 0.000 0.000 0.000 0.000 0.000 0.000
-1.500 1.500 1.185 0.000 0.000 0.000 0.000 0.000 0.000 0.000 0.000
-1.500 1.500 1.185 0.000 0.000 0.000 0.000 0.000 0.000 0.000 0.000
-1.500 1.500 1.185 0.000 0.000 0.000 0.000 0.000 0.000 0.000 0.000
-1.500 1.500 1.185 0.000 0.000 0.000 0.000 0.000 0.000 0.000 0.000
-1.500 1.500 1.185 0.000 0.000 0.000 0.000 0.000 0.000 0.000 0.000
-1.500 1.500 1.185 0.000 0.000 0.000 0.000 0.000 0.000 0.000 0.000
-1.500 1.500 1.185 0.000 0.000 0.000 0.000 0.000 0.000 0.000 0.000
-1.500 1.500 1.185 0.000 0.000 0.000 0.000 0.000 0.000 0.000 0.000
-1.500 1.500 1.185 0.000 0.000 0.000 0.000 0.000 0.000 0.000 0.000
-1.500 1.500 1.185 0.000 0.000 0.000 0.000 0.000 0.000 0.000 0.000
-1.500 1.500 1.185 0.000 0.000 0.000 0.000 0.000 0.000 0.000 0.000
-1.500 1.500 1.185 0.000 0.000 0.000 0.000 0.000 0.000 0.000 0.000
-1.500 1.500 1.185 0.000 0.000 0.000 0.000 0.000 0.000 0.000 0.000
-1.500 1.500 1.185 0.000 0.000 0.000 0.000 0.000 0.000 0.000 0.000
-1.500 1.500 1.185 0.000 0.000 0.000 0.000 0.000 0.000 0.000 0.000
-1.500 1.500 1.185 0.000 0.000 0.000 0.000 0.000 0.000 0.000 0.000
-1.500 1.500 1.185 0.000 0.000 0.000 0.000 0.000 0.000 0.000 0.000
-1.500 1.500 1.185 0.000 0.000 0.000 0.000 0.000 0.000 0.000 0.000
-1.500 1.500 1.185 0.000 0.000 0.000 0.000 0.000 0.000 0.000 0.000
-1.500 1.500 1.185 0.000 0.000 0.000 0.000 0.000 0.000 0.000 0.000
-1.500 1.500 1.185 0.000 0.000 0.000 0.000 0.000 0.000 0.000 0.000
-1.500 1.500 1.185 0.000 0.000 0.000 0.000 0.000 0.000 0.000 0.000
-1.500 1.500 1.185 0.000 0.000 0.000 0.000 0.000 0.000 0.000 0.000
-1.500 1.500 1.185 0.000 0.000 0.000 0.000 0.000 0.000 0.000 0.000
-1.500 1.500 1.185 0.000 0.000 0.000 0.000 0.000 0.000 0.000 0.000
-1.500 1.500 1.185 0.000 0.000 0.000 0.000 0.000 0.000 0.000 0.000
-1.500 1.500 1.185 0.000 0.000 0.000 0.000 0.000 0.000 0.000 0.000
-1.500 1.500 1.185 0.000 0.000 0.000 0.000 0.000 0.000 0.000 0.000
-1.500 1.500 1.185 0.000 0.000 0.000 0.000 0.000 0.000 0.000 0.000
-1.500 1.500 1.185 0.000 0.000 0.000 0.000 0.000 0.000 0.000 0.000
-1.500 1.500 1.185 0.000 0.000 0.000 0.000 0.000 0.000 0.000 0.000
-1.500 1.500 1.185 0.000 0.000 0.000 0.000 0.000 0.000 0.000 0.000
-1.500 1.500 1.185 0.000 0.000 0.000 0.000 0.000 0.000 0.000 0.000
-1.500 1.500 1.185 0.000 0.000 0.000 0.000 0.000 0.000 0.000 0.000
-1.500 1.500 1.185 0.000 0.000 0.000 0.000 0.000 0.000 0.000 0.000
-1.500 1.500 1.185 0.000 0.000 0.000 0.000 0.000 0.000 0.000 0.000
-1.500 1.500 1.185 0.000 0.000 0.000 0.000 0.000 0.000 0.000 0.000
-1.500 1.500 1.185 0.000 0.000 0.000 0.000 0.000 0.000 0.000 0.000
-1.500 1.500 1.185 0.000 0.000 0.000 0.000 0.000 0.000 0.000 0.000
-1.500 1.500 1.185 0.000 0.000 0.000 0.000 0.000 0.000 0.000 0.000
-1.500 1.500 1.185 0.000 0.000 0.000 0.000 0.000 0.000 0.000 0.000
-1.500 1.500 1.185 0.000 0.000 0.000 0.000 0.000 0.000 0.000 0.000
-1.500 1.500 1.185 0.000 0.000 0.000 0.000 0.000 0.000 0.000 0.000
-1.500 1.500 1.185 0.000 0.000 0.000 0.000 0.000 0.000 0.000 0.000
-1.500 1.500 1.185 0.000 0.000 0.000 0.000 0.000 0.000 0.000 0.000
-1.500 1.500 1.185 0.000 0.000 0.000 0.000 0.000 0.000 0.000 0.000
-1.500 1.500 1.185 0.000 0.000 0.000 0.000 0.000 0.000 0.000 0.000
-1.500 1.500 1.185 0.000 0.000 0.000 0.000 0.000 0.000 0.000 0.000
-1.500 1.500 1.185 0.000 0.000 0.000 0.000 0.000 0.000 0.000 0.000
-1.500 1.500 1.185 0.000 0.000 0.000 0.000 0.000 0.000 0.000 0.000
-1.500 1.500 1.185 0.000 0.000 0.000 0.000 0.000 0.000 0.000 0.000
-1.500 1.500 1.185 0.000 0.000 0.000 0.000 0.000 0.000 0.000 0.000
-1.500 1.500 1.185 0.000 0.000 0.000 0.000 0.000 0.000 0.000 0.000
-1.500 1.500 1.185 0.000 0.000 0.000 0.000 0.000 0.000 0.000 0.000
-1.500 1.500 1.185 0.000 0.000 0.000 0.000 0.000 0.000 0.000 0.000
-1.500 1.500 1.185 0.000 0.000 0.000 0.000 0.000 0.000 0.000 0.000
-1.500 1.500 1.185 0.000 0.000 0.000 0.000 0.000 0.000 0.000 0.000
-1.500 1.500 1.185 0.000 0.000 0.000 0.000 0.000 0.000 0.000 0.000
-1.500 1.500 1.185 0.000 0.000 0.000 0.000 0.000 0.000 0.000 0.000
-1.500 1.500 1.185 0.000 0.000 0.000 0.000 0.000 0.000 0.000 0.000
-1.500 1.500 1.185 0.000 0.000 0.000 0.000 0.000 0.000 0.000 0.000
-1.500 1.500 1.185 0.000 0.000 0.000 0.000 0.000 0.000 0.000 0.000
-1.500 1.500 1.185 0.000 0.000 0.000 0.000 0.000 0.000 0.000 0.000
-1.500 1.500 1.185 0.000 0.000 0.000 0.000 0.000 0.000 0.000 0.000
-1.500 1.500 1.185 0.000 0.000 0.000 0.000 0.000 0.000 0.000 0.000
-1.500 1.500 1.185 0.000 0.000 0.000 0.000 0.000 0.000 0.000 0.000
-1.500 1.500 1.185 0.000 0.000 0.000 0.000 0.000 0.000 0.000 0.000
-1.500 1.500 1.185 0.000 0.000 0.000 0.000 0.000 0.000 0.000 0.000
-1.500 1.500 1.185 0.000 0.000 0.000 0.000 0.000 0.000 0.000 0.000
-1.500 1.500 1.185 0.000 0.000 0.000 0.000 0.000 0.000 0.000 0.000
-1.500 1.500 1.185 0.000 0.000 0.000 0.000 0.000 0.000 0.000 0.000
-1.500 1.500 1.185 0.000 0.000 0.000 0.000 0.000 0.000 0.000 0.000
-1.500 1.500 1.185 0.000 0.000 0.000 0.000 0.000 0.000 0.000 0.000
-1.500 1.500 1.185 0.000 0.000 0.000 0.000 0.000 0.000 0.000 0.000
-1.500 1.500 1.185 0.000 0.000 0.000 0.000 0.000 0.000 0.000 0.000
-1.500 1.500 1.185 0.000 0.000 0.000 0.000 0.000 0.000 0.000 0.000
-1.500 1.500 1.185 0.000 0.000 0.000 0.000 0.000 0.000 0.000 0.000
-1.500 1.500 1.185 0.000 0.000 0.000 0.000 0.000 0.000 0.000 0.000
-1.500 1.500 1.185 0.000 0.000 0.000 0.000 0.000 0.000 0.000 0.000
-1.500 1.500 1.185 0.000 0.000 0.000 0.000 0.000 0.000 0.000 0.000
-1.500 1.500 1.185 0.000 0.000 0.000 0.000 0.000 0.000 0.000 0.000
-1.500 1.500 1.185 0.000 0.000 0.000 0.000 0.000 0.000 0.000 0.000
-1.500 1.500 1.185 0.000 0.000 0.000 0.000 0.000 0.000 0.000 0.000
-1.500 1.500 1.185 0.000 0.000 0.000 0.000 0.000 0.000 0.000 0.000
-1.500 1.500 1.185 0.000 0.000 0.000 0.000 0.000 0.000 0.000 0.000
-1.500 1.500 1.185 0.000 0.000 0.000 0.000 0.000 0.000 0.000 0.000
-1.500 1.500 1.185 0.000 0.000 0.000 0.000 0.000 0.000 0.000 0.000
-1.500 1.500 1.185 0.000 0.000 0.000 0.000 0.000 0.000 0.000 0.000
-1.500 1.500 1.185 0.000 0.000 0.000 0.000 0.000 0.000 0.000 0.000
-1.500 1.500 1.185 0.000 0.000 0.000 0.000 0.000 0.000 0.000 0.000
-1.500 1.500 1.185 0.000 0.000 0.000 0.000 0.000 0.000 0.000 0.000
-1.500 1.500 1.185 0.000 0.000 0.000 0.000 0.000 0.000 0.000 0.000
-1.500 1.500 1.185 0.000 0.000 0.000 0.000 0.000 0.000 0.000 0.000
-1.500 1.500 1.185 0.000 0.000 0.000 0.000 0.000 0.000 0.000 0.000
-1.500 1.500 1.185 0.000 0.000 0.000 0.000 0.000 0.000 0.000 0.000
-1.500 1.500 1.185 0.000 0.000 0.000 0.000 0.000 0.000 0.000 0.000
-1.500 1.500 1.185 0.000 0.000 0.000 0.000 0.000 0.000 0.000 0.000
-1.500 1.500 1.185 0.000 0.000 0.000 0.000 0.000 0.000 0.000 0.000
-1.500 1.500 1.185 0.000 0.000 0.000 0.000 0.000 0.000 0.000 0.000
-1.500 1.500 1.185 0.000 0.000 0.000 0.000 0.000 0.000 0.000 0.000
-1.500 1.500 1.185 0.000 0.000 0.000 0.000 0.000 0.000 0.000 0.000
-1.500 1.500 1.185 0.000 0.000 0.000 0.000 0.000 0.000 0.000 0.000
-1.500 1.500 1.185 0.000 0.000 0.000 0.000 0.000 0.000 0.000 0.000
-1.500 1.500 1.185 0.000 0.000 0.000 0.000 0.000 0.000 0.000 0.000
-1.500 1.500 1.185 0.000 0.000 0.000 0.000 0.000 0.000 0.000 0.000
-1.500 1.500 1.185 0.000 0.000 0.000 0.000 0.000 0.000 0.000 0.000
-1.500 1.500 1.185 0.000 0.000 0.000 0.000 0.000 0.000 0.000 0.000
-1.500 1.500 1.185 0.000 0.000 0.000 0.000 0.000 0.000 0.000 0.000
-1.500 1.500 1.185 0.000 0.000 0.000 0.000 0.000 0.000 0.000 0.000
-1.500 1.500 1.185 0.000 0.000 0.000 0.000 0.000 0.000 0.000 0.000
-1.500 1.500 1.185 0.000 0.000 0.000 0.000 0.000 0.000 0.000 0.000
-1.500 1.500 1.185 0.000 0.000 0.000 0.000 0.000 0.000 0.000 0.000
-1.500 1.500 1.185 0.000 0.000 0.000 0.000 0.000 0.000 0.000 0.000
-1.500 1.500 1.185 0.000 0.000 0.000 0.000 0.000 0.000 0.000 0.000
-1.500 1.500 1.185 0.000 0.000 0.000 0.000 0.000 0.000 0.000 0.000
-1.500 1.500 1.185 0.000 0.000 0.000 0.000 0.000 0.000 0.000 0.000
-1.500 1.500 1.185 0.000 0.000 0.000 0.000 0.000 0.000 0.000 0.000
-1.500 1.500 1.185 0.000 0.000 0.000 0.000 0.000 0.000 0.000 0.000
-1.500 1.500 1.185 0.000 0.000 0.000 0.000 0.000 0.000 0.000 0.000
-1.500 1.500 1.185 0.000 0.000 0.000 0.000 0.000 0.000 0.000 0.000
-1.500 1.500 1.185 0.000 0.000 0.000 0.000 0.000 0.000 0.000 0.000
-1.500 1.500 1.185 0.000 0.000 0.000 0.000 0.000 0.000 0.000 0.000
-1.500 1.500 1.185 0.000 0.000 0.000 0.000 0.000 0.000 0.000 0.000
-1.500 1.500 1.185 0.000 0.000 0.000 0.000 0.000 0.000 0.000 0.000
-1.500 1.500 1.185 0.000 0.000 0.000 0.000 0.000 0.000 0.000 0.000
-1.500 1.500 1.185 0.000 0.000 0.000 0.000 0.000 0.000 0.000 0.000
-1.500 1.500 1.185 0.000 0.000 0.000 0.000 0.000 0.000 0.000 0.000
-1.500 1.500 1.185 0.000 0.000 0.000 0.000 0.000 0.000 0.000 0.000
-1.500 1.500 1.185 0.000 0.000 0.000 0.000 0.000 0.000 0.000 0.000
-1.500 1.500 1.185 0.000 0.000 0.000 0.000 0.000 0.000 0.000 0.000
-1.500 1.500 1.185 0.000 0.000 0.000 0.000 0.000 0.000 0.000 0.000
-1.500 1.500 1.185 0.000 0.000 0.000 0.000 0.000 0.000 0.000 0.000
-1.500 1.500 1.185 0.000 0.000 0.000 0.000 0.000 0.000 0.000 0.000
-1.500 1.500 1.185 0.000 0.000 0.000 0.000 0.000 0.000 0.000 0.000
-1.500 1.500 1.185 0.000 0.000 0.000 0.000 0.000 0.000 0.000 0.000
-1.500 1.500 1.185 0.000 0.000 0.000 0.000 0.000 0.000 0.000 0.000
-1.500 1.500 1.185 0.000 0.000 0.000 0.000 0.000 0.000 0.000 0.000
-1.500 1.500 1.185 0.000 0.000 0.000 0.000 0.000 0.000 0.000 0.000
-1.500 1.500 1.185 0.000 0.000 0.000 0.000 0.000 0.000 0.000 0.000
-1.500 1.500 1.185 0.000 0.000 0.000 0.000 0.000 0.000 0.000 0.000
-1.500 1.500 1.185 0.000 0.000 0.000 0.000 0.000 0.000 0.000 0.000
-1.500 1.500 1.185 0.000 0.000 0.000 0.000 0.000 0.000 0.000 0.000
-1.500 1.500 1.185 0.000 0.000 0.000 0.000 0.000 0.000 0.000 0.000
-1.500 1.500 1.185 0.000 0.000 0.000 0.000 0.000 0.000 0.000 0.000
-1.500 1.500 1.185 0.000 0.000 0.000 0.000 0.000 0.000 0.000 0.000
-1.500 1.500 1.185 0.000 0.000 0.000 0.000 0.000 0.000 0.000 0.000
-1.500 1.500 1.185 0.000 0.000 0.000 0.000 0.000 0.000 0.000 0.000
-1.500 1.500 1.185 0.000 0.000 0.000 0.000 0.000 0.000 0.000 0.000
-1.500 1.500 1.185 0.000 0.000 0.000 0.000 0.000 0.000 0.000 0.000
-1.500 1.500 1.185 0.000 0.000 0.000 0.000 0.000 0.000 0.000 0.000
-1.500 1.500 1.185 0.000 0.000 0.000 0.000 0.000 0.000 0.000 0.000
-1.500 1.500 1.185 0.000 0.000 0.000 0.000 0.000 0.000 0.000 0.000
-1.500 1.500 1.185 0.000 0.000 0.000 0.000 0.000 0.000 0.000 0.000
-1.500 1.500 1.185 0.000 0.000 0.000 0.000 0.000 0.000 0.000 0.000
-1.500 1.500 1.185 0.000 0.000 0.000 0.000 0.000 0.000 0.000 0.000
-1.500 1.500 1.185 0.000 0.000 0.000 0.000 0.000 0.000 0.000 0.000
-1.500 1.500 1.185 0.000 0.000 0.000 0.000 0.000 0.000 0.000 0.000
-1.500 1.500 1.185 0.000 0.000 0.000 0.000 0.000 0.000 0.000 0.000
-1.500 1.500 1.185 0.000 0.000 0.000 0.000 0.000 0.000 0.000 0.000
-1.500 1.500 1.185 0.000 0.000 0.000 0.000 0.000 0.000 0.000 0.000
-1.500 1.500 1.185 0.000 0.000 0.000 0.000 0.000 0.000 0.000 0.000
-1.500 1.500 1.185 0.000 0.000 0.000 0.000 0.000 0.000 0.000 0.000
-1.500 1.500 1.185 0.000 0.000 0.000 0.000 0.000 0.000 0.000 0.000
-1.500 1.500 1.185 0.000 0.000 0.000 0.000 0.000 0.000 0.000 0.000
-1.500 1.500 1.185 0.000 0.000 0.000 0.000 0.000 0.000 0.000 0.000
-1.500 1.500 1.185 0.000 0.000 0.000 0.000 0.000 0.000 0.000 0.000
-1.500 1.500 1.185 0.000 0.000 0.000 0.000 0.000 0.000 0.000 0.000
-1.500 1.500 1.185 0.000 0.000 0.000 0.000 0.000 0.000 0.000 0.000
-1.500 1.500 1.185 0.000 0.000 0.000 0.000 0.000 0.000 0.000 0.000
-1.500 1.500 1.185 0.000 0.000 0.000 0.000 0.000 0.000 0.000 0.000
-1.500 1.500 1.185 0.000 0.000 0.000 0.000 0.000 0.000 0.000 0.000
-1.500 1.500 1.185 0.000 0.000 0.000 0.000 0.000 0.000 0.000 0.000
-1.500 1.500 1.185 0.000 0.000 0.000 0.000 0.000 0.000 0.000 0.000
-1.500 1.500 1.185 0.000 0.000 0.000 0.000 0.000 0.000 0.000 0.000
-1.500 1.500 1.185 0.000 0.000 0.000 0.000 0.000 0.000 0.000 0.000
-1.500 1.500 1.185 0.000 -0.000 -0.000 0.006 -0.009 0.000 0.000 0.000
-1.500 1.500 1.185 0.001 -0.001 -0.000 0.022 -0.034 0.000 0.000 0.000
-1.500 1.500 1.185 0.002 -0.004 -0.000 0.046 -0.070 0.000 0.000 0.000
-1.500 1.500 1.185 0.005 -0.008 -0.000 0.076 -0.114 0.000 0.000 0.000
-1.499 1.499 1.185 0.010 -0.015 -0.000 0.111 -0.163 0.000 0.000 0.000
-1.499 1.498 1.185 0.017 -0.025 -0.000 0.149 -0.215 0.000 0.000 0.000
-1.498 1.496 1.185 0.025 -0.037 -0.000 0.189 -0.267 0.000 0.000 0.000
-1.496 1.494 1.185 0.035 -0.051 -0.000 0.229 -0.317 0.000 0.000 0.000
-1.494 1.491 1.185 0.048 -0.068 -0.000 0.269 -0.363 0.000 0.000 0.000
-1.491 1.487 1.185 0.062 -0.088 -0.000 0.307 -0.404 0.000 0.000 0.000
-1.488 1.483 1.185 0.079 -0.109 -0.000 0.343 -0.439 0.000 0.000 0.000
-1.483 1.477 1.185 0.097 -0.131 -0.000 0.377 -0.468 0.000 0.000 0.000
-1.478 1.469 1.185 0.116 -0.155 -0.000 0.406 -0.489 0.000 0.000 0.000
-1.472 1.461 1.185 0.137 -0.180 -0.000 0.432 -0.503 0.000 0.000 0.000
-1.464 1.451 1.185 0.159 -0.206 -0.000 0.454 -0.509 0.000 0.000 0.000
-1.456 1.440 1.185 0.183 -0.231 -0.000 0.471 -0.508 0.000 0.000 0.000
-1.446 1.428 1.185 0.206 -0.256 -0.000 0.484 -0.499 0.000 0.000 0.000
-1.435 1.415 1.185 0.231 -0.281 -0.000 0.492 -0.483 0.000 0.000 0.000
-1.423 1.400 1.185 0.256 -0.304 0.000 0.496 -0.462 0.000 0.000 0.000
-1.410 1.384 1.185 0.280 -0.327 0.000 0.495 -0.435 0.000 0.000 0.000
-1.395 1.368 1.185 0.305 -0.348 0.000 0.489 -0.403 0.000 0.000 0.000
-1.379 1.350 1.185 0.329 -0.367 0.000 0.480 -0.367 0.000 0.000 0.000
-1.362 1.331 1.185 0.353 -0.384 0.000 0.466 -0.328 0.000 0.000 0.000
-1.344 1.311 1.185 0.376 -0.400 0.000 0.449 -0.288 0.000 0.000 0.000
-1.325 1.291 1.185 0.398 -0.413 0.000 0.429 -0.247 0.000 0.000 0.000
-1.304 1.270 1.185 0.419 -0.425 0.000 0.406 -0.206 0.000 0.000 0.000
-1.283 1.248 1.185 0.438 -0.434 0.000 0.381 -0.166 0.000 0.000 0.000
-1.260 1.227 1.185 0.457 -0.441 0.000 0.354 -0.129 -0.000 0.000 0.000
-1.237 1.204 1.185 0.474 -0.447 0.000 0.325 -0.094 -0.000 0.000 0.000
-1.213 1.182 1.185 0.489 -0.451 0.000 0.296 -0.064 -0.000 0.000 0.000
-1.188 1.159 1.185 0.503 -0.453 0.000 0.265 -0.039 -0.000 0.000 0.000
-1.163 1.137 1.185 0.516 -0.455 0.000 0.234 -0.019 -0.000 0.000 0.000
-1.137 1.114 1.185 0.527 -0.455 0.000 0.204 -0.005 -0.000 0.000 0.000
-1.110 1.091 1.185 0.536 -0.455 0.000 0.174 0.002 -0.000 0.000 0.000
-1.083 1.068 1.185 0.544 -0.455 0.000 0.146 0.002 -0.000 0.000 0.000
-1.056 1.046 1.185 0.551 -0.455 0.000 0.118 -0.004 -0.000 0.000 0.000
-1.028 1.023 1.185 0.556 -0.456 -0.000 0.092 -0.017 -0.000 0.000 0.000
-1.000 1.000 1.185 0.560 -0.457 -0.000 0.069 -0.037 -0.000 0.000 0.000
-0.972 0.977 1.185 0.563 -0.460 0.000 0.047 -0.063 -0.000 0.000 0.000
-0.944 0.954 1.185 0.565 -0.463 0.000 0.027 -0.093 -0.000 0.000 0.000
-0.915 0.931 1.185 0.566 -0.469 0.000 0.010 -0.128 -0.000 0.000 0.000
-0.887 0.907 1.185 0.566 -0.476 0.000 -0.005 -0.165 -0.000 0.000 0.000
-0.859 0.883 1.185 0.565 -0.485 0.000 -0.018 -0.204 -0.000 0.000 0.000
-0.831 0.859 1.185 0.564 -0.497 0.000 -0.028 -0.243 -0.000 0.000 0.000
-0.803 0.833 1.185 0.562 -0.510 0.000 -0.036 -0.280 -0.000 0.000 0.000
-0.774 0.808 1.185 0.560 -0.525 0.000 -0.042 -0.315 -0.000 0.000 0.000
-0.746 0.781 1.185 0.558 -0.541 -0.000 -0.047 -0.344 -0.000 0.000 0.000
-0.719 0.753 1.185 0.556 -0.559 -0.000 -0.049 -0.368 -0.000 0.000 0.000
-0.691 0.725 1.185 0.553 -0.578 -0.000 -0.050 -0.384 -0.000 0.000 0.000
-0.663 0.696 1.185 0.551 -0.597 -0.000 -0.049 -0.392 -0.000 0.000 0.000
-0.636 0.665 1.185 0.548 -0.617 -0.000 -0.047 -0.390 -0.000 0.000 0.000
-0.608 0.634 1.185 0.546 -0.636 -0.000 -0.044 -0.376 -0.000 0.000 0.000
-0.581 0.602 1.185 0.544 -0.654 -0.000 -0.040 -0.352 -0.000 0.000 0.000
-0.554 0.569 1.185 0.542 -0.671 -0.000 -0.036 -0.316 -0.000 0.000 0.000
-0.527 0.535 1.185 0.540 -0.686 -0.000 -0.030 -0.268 -0.000 0.000 0.000
-0.500 0.500 1.185 0.539 -0.698 -0.000 -0.024 -0.208 -0.000 0.000 0.000
-0.473 0.465 1.185 0.538 -0.706 -0.000 -0.017 -0.137 0.000 0.000 0.000
-0.446 0.429 1.185 0.537 -0.711 -0.000 -0.009 -0.056 0.000 0.000 0.000
-0.419 0.394 1.185 0.537 -0.712 -0.000 -0.001 0.033 0.000 0.000 0.000
-0.392 0.358 1.185 0.537 -0.708 -0.000 0.008 0.128 0.000 0.000 0.000
-0.366 0.323 1.185 0.538 -0.699 -0.000 0.017 0.229 0.000 0.000 0.000
-0.339 0.289 1.185 0.539 -0.685 -0.000 0.028 0.332 0.000 0.000 0.000
-0.312 0.255 1.185 0.541 -0.666 0.000 0.039 0.435 0.000 0.000 0.000
-0.285 0.222 1.185 0.543 -0.641 0.000 0.052 0.535 0.000 0.000 0.000
-0.257 0.191 1.185 0.546 -0.612 0.000 0.065 0.631 0.000 0.000 0.000
-0.230 0.161 1.185 0.550 -0.578 0.000 0.080 0.721 0.000 0.000 0.000
-0.202 0.133 1.185 0.554 -0.540 0.000 0.096 0.800 0.000 0.000 0.000
-0.175 0.107 1.185 0.559 -0.499 0.000 0.113 0.869 0.000 0.000 0.000
-0.146 0.083 1.185 0.565 -0.454 0.000 0.131 0.924 0.000 0.000 0.000
-0.118 0.062 1.185 0.572 -0.406 0.000 0.150 0.964 0.000 0.000 0.000
-0.089 0.043 1.185 0.580 -0.358 0.000 0.170 0.988 0.000 0.000 0.000
-0.060 0.026 1.185 0.589 -0.308 0.000 0.191 0.994 0.000 0.000 0.000
-0.030 0.012 1.185 0.599 -0.258 0.000 0.212 0.984 0.000 0.000 0.000
0.000 0.000 1.185 0.611 -0.210 0.000 0.233 0.955 0.000 0.000 0.000
0.031 -0.009 1.185 0.623 -0.163 0.000 0.254 0.910 0.000 0.000 0.000
0.062 -0.016 1.185 0.636 -0.119 0.000 0.273 0.850 0.000 0.000 0.000
0.094 -0.021 1.185 0.650 -0.078 0.000 0.291 0.776 0.000 0.000 0.000
0.127 -0.024 1.185 0.665 -0.042 0.000 0.307 0.690 0.000 0.000 0.000
0.161 -0.026 1.185 0.681 -0.010 0.000 0.320 0.595 0.000 0.000 0.000
0.195 -0.025 1.185 0.697 0.018 0.000 0.329 0.494 0.000 0.000 0.000
0.231 -0.024 1.185 0.714 0.040 0.000 0.335 0.390 0.000 0.000 0.000
0.267 -0.021 1.185 0.730 0.057 0.000 0.335 0.286 0.000 0.000 0.000
0.304 -0.018 1.185 0.747 0.068 0.000 0.330 0.185 0.000 0.000 0.000
0.341 -0.015 1.185 0.763 0.075 0.000 0.320 0.090 0.000 0.000 0.000
0.380 -0.011 1.185 0.779 0.078 0.000 0.304 0.003 0.000 0.000 0.000
0.419 -0.007 1.185 0.794 0.076 0.000 0.282 -0.074 0.000 0.000 0.000
0.459 -0.003 1.185 0.807 0.070 0.000 0.254 -0.138 0.000 0.000 0.000
0.500 0.000 1.185 0.819 0.062 0.000 0.221 -0.188 0.000 0.000 0.000
0.541 0.003 1.185 0.829 0.052 0.000 0.183 -0.224 -0.000 0.000 0.000
0.583 0.005 1.185 0.837 0.040 0.000 0.140 -0.245 -0.000 0.000 0.000
0.625 0.007 1.185 0.843 0.027 0.000 0.095 -0.253 -0.000 0.000 0.000
0.667 0.008 1.185 0.847 0.015 0.000 0.048 -0.247 -0.000 0.000 0.000
0.709 0.008 1.185 0.848 0.003 0.000 0.000 -0.230 -0.000 0.000 0.000
0.752 0.008 1.185 0.847 -0.008 0.000 -0.047 -0.204 -0.000 0.000 0.000
0.794 0.008 1.185 0.843 -0.017 0.000 -0.092 -0.171 -0.000 0.000 0.000
0.836 0.007 1.185 0.837 -0.025 0.000 -0.134 -0.132 -0.000 0.000 0.000
0.878 0.005 1.185 0.830 -0.030 0.000 -0.171 -0.090 -0.000 0.000 0.000
0.919 0.003 1.185 0.820 -0.034 0.000 -0.203 -0.048 -0.000 0.000 0.000
0.960 0.002 1.185 0.810 -0.035 0.000 -0.229 -0.007 -0.000 0.000 0.000
1.000 0.000 1.185 0.798 -0.035 0.000 -0.248 0.030 -0.000 0.000 0.000
1.040 -0.002 1.185 0.785 -0.032 0.000 -0.261 0.063 -0.000 0.000 0.000
1.078 -0.003 1.185 0.772 -0.028 0.000 -0.266 0.090 -0.000 0.000 0.000
1.117 -0.005 1.185 0.758 -0.023 0.000 -0.266 0.111 -0.000 0.000 0.000
1.154 -0.006 1.185 0.745 -0.017 0.000 -0.260 0.125 -0.000 0.000 0.000
1.191 -0.006 1.185 0.732 -0.011 0.000 -0.249 0.133 -0.000 0.000 0.000
1.228 -0.007 1.185 0.720 -0.004 0.000 -0.235 0.134 -0.000 0.000 0.000
1.263 -0.007 1.185 0.709 0.002 0.000 -0.220 0.129 -0.000 0.000 0.000
1.298 -0.006 1.185 0.698 0.009 -0.000 -0.203 0.119 -0.000 0.000 0.000
1.333 -0.006 1.185 0.689 0.014 -0.000 -0.187 0.105 -0.000 0.000 0.000
1.367 -0.005 1.185 0.680 0.019 -0.000 -0.173 0.088 -0.000 0.000 0.000
1.401 -0.004 1.185 0.671 0.023 -0.000 -0.163 0.068 -0.000 0.000 0.000
1.434 -0.003 1.185 0.663 0.026 -0.000 -0.157 0.047 -0.000 0.000 0.000
1.467 -0.001 1.185 0.655 0.028 -0.000 -0.156 0.026 -0.000 0.000 0.000
1.500 -0.000 1.185 0.648 0.028 -0.000 -0.161 0.005 -0.000 0.000 0.000
1.532 0.001 1.185 0.639 0.028 -0.000 -0.173 -0.015 0.000 0.000 0.000
1.564 0.003 1.185 0.630 0.027 -0.000 -0.191 -0.033 0.000 0.000 0.000
1.595 0.004 1.185 0.620 0.025 -0.000 -0.215 -0.048 0.000 0.000 0.000
1.626 0.005 1.185 0.609 0.022 -0.000 -0.245 -0.060 0.000 0.000 0.000
1.656 0.006 1.185 0.595 0.019 -0.000 -0.281 -0.070 0.000 0.000 0.000
1.685 0.007 1.185 0.580 0.015 -0.000 -0.321 -0.076 0.000 0.000 0.000
1.714 0.008 1.185 0.563 0.011 -0.000 -0.364 -0.080 0.000 0.000 0.000
1.742 0.008 1.185 0.544 0.007 -0.000 -0.408 -0.080 0.000 0.000 0.000
1.768 0.009 1.185 0.522 0.003 -0.000 -0.454 -0.078 0.000 0.000 0.000
1.794 0.009 1.185 0.499 -0.000 -0.000 -0.499 -0.074 0.000 0.000 0.000
1.818 0.009 1.185 0.473 -0.004 0.000 -0.542 -0.067 0.000 0.000 0.000
1.841 0.008 1.185 0.444 -0.007 0.000 -0.582 -0.058 0.000 0.000 0.000
1.863 0.008 1.185 0.414 -0.010 0.000 -0.616 -0.048 0.000 0.000 0.000
1.883 0.007 1.185 0.383 -0.012 0.000 -0.645 -0.038 0.000 0.000 0.000
1.901 0.007 1.185 0.350 -0.014 0.000 -0.667 -0.026 0.000 0.000 0.000
1.918 0.006 1.185 0.316 -0.015 0.000 -0.680 -0.015 0.000 0.000 0.000
1.932 0.005 1.185 0.282 -0.015 0.000 -0.684 -0.004 0.000 0.000 0.000
1.946 0.004 1.185 0.248 -0.015 0.000 -0.679 0.006 0.000 0.000 0.000
1.957 0.004 1.185 0.214 -0.014 0.000 -0.663 0.015 -0.000 0.000 0.000
1.967 0.003 1.185 0.182 -0.013 0.000 -0.637 0.023 -0.000 0.000 0.000
1.976 0.002 1.185 0.151 -0.012 0.000 -0.601 0.029 -0.000 0.000 0.000
1.982 0.002 1.185 0.122 -0.011 0.000 -0.555 0.033 -0.000 0.000 0.000
1.988 0.001 1.185 0.096 -0.009 0.000 -0.501 0.035 -0.000 0.000 0.000
1.992 0.001 1.185 0.072 -0.007 0.000 -0.439 0.035 -0.000 0.000 0.000
1.995 0.001 1.185 0.052 -0.005 0.000 -0.372 0.033 -0.000 0.000 0.000
1.997 0.000 1.185 0.035 -0.004 0.000 -0.301 0.029 -0.000 0.000 0.000
1.999 0.000 1.185 0.022 -0.002 0.000 -0.230 0.024 -0.000 0.000 0.000
1.999 0.000 1.185 0.012 -0.001 0.000 -0.161 0.018 -0.000 0.000 0.000
2.000 0.000 1.185 0.005 -0.001 0.000 -0.099 0.012 -0.000 0.000 0.000
2.000 0.000 1.185 0.002 -0.000 0.000 -0.048 0.006 -0.000 0.000 0.000
2.000 0.000 1.185 0.000 -0.000 0.000 -0.013 0.002 -0.000 0.000 0.000
2.000 -0.000 1.185 -0.000 -0.000 0.000 0.000 -0.000 -0.000 0.000 0.000
2.000 0.000 1.185 0.000 0.000 0.000 0.000 0.000 0.000 0.000 0.000
2.000 0.000 1.185 0.000 0.000 0.000 0.000 0.000 0.000 0.000 0.000
2.000 0.000 1.185 0.000 0.000 0.000 0.000 0.000 0.000 0.000 0.000
2.000 0.000 1.185 0.000 0.000 0.000 0.000 0.000 0.000 0.000 0.000
2.000 0.000 1.185 0.000 0.000 0.000 0.000 0.000 0.000 0.000 0.000
2.000 0.000 1.185 0.000 0.000 0.000 0.000 0.000 0.000 0.000 0.000
2.000 0.000 1.185 0.000 0.000 0.000 0.000 0.000 0.000 0.000 0.000
2.000 0.000 1.185 0.000 0.000 0.000 0.000 0.000 0.000 0.000 0.000
2.000 0.000 1.185 0.000 0.000 0.000 0.000 0.000 0.000 0.000 0.000
2.000 0.000 1.185 0.000 0.000 0.000 0.000 0.000 0.000 0.000 0.000
2.000 0.000 1.185 0.000 0.000 0.000 0.000 0.000 0.000 0.000 0.000
2.000 0.000 1.185 0.000 0.000 0.000 0.000 0.000 0.000 0.000 0.000
2.000 0.000 1.185 0.000 0.000 0.000 0.000 0.000 0.000 0.000 0.000
2.000 0.000 1.185 0.000 0.000 0.000 0.000 0.000 0.000 0.000 0.000
2.000 0.000 1.185 0.000 0.000 0.000 0.000 0.000 0.000 0.000 0.000
2.000 0.000 1.185 0.000 0.000 0.000 0.000 0.000 0.000 0.000 0.000
2.000 0.000 1.185 0.000 0.000 0.000 0.000 0.000 0.000 0.000 0.000
2.000 0.000 1.185 0.000 0.000 0.000 0.000 0.000 0.000 0.000 0.000
2.000 0.000 1.185 0.000 0.000 0.000 0.000 0.000 0.000 0.000 0.000
2.000 0.000 1.185 0.000 0.000 0.000 0.000 0.000 0.000 0.000 0.000
2.000 0.000 1.185 0.000 0.000 0.000 0.000 0.000 0.000 0.000 0.000
2.000 0.000 1.185 0.000 0.000 0.000 0.000 0.000 0.000 0.000 0.000
2.000 0.000 1.185 0.000 0.000 0.000 0.000 0.000 0.000 0.000 0.000
2.000 0.000 1.185 0.000 0.000 0.000 0.000 0.000 0.000 0.000 0.000
2.000 0.000 1.185 0.000 0.000 0.000 0.000 0.000 0.000 0.000 0.000
2.000 0.000 1.185 0.000 0.000 0.000 0.000 0.000 0.000 0.000 0.000
2.000 0.000 1.185 0.000 0.000 0.000 0.000 0.000 0.000 0.000 0.000
2.000 0.000 1.185 0.000 0.000 0.000 0.000 0.000 0.000 0.000 0.000
2.000 0.000 1.185 0.000 0.000 0.000 0.000 0.000 0.000 0.000 0.000
2.000 0.000 1.185 0.000 0.000 0.000 0.000 0.000 0.000 0.000 0.000
2.000 0.000 1.185 0.000 0.000 0.000 0.000 0.000 0.000 0.000 0.000
2.000 0.000 1.185 0.000 0.000 0.000 0.000 0.000 0.000 0.000 0.000
2.000 0.000 1.185 0.000 0.000 0.000 0.000 0.000 0.000 0.000 0.000
2.000 0.000 1.185 0.000 0.000 0.000 0.000 0.000 0.000 0.000 0.000
2.000 0.000 1.185 0.000 0.000 0.000 0.000 0.000 0.000 0.000 0.000
2.000 0.000 1.185 0.000 0.000 0.000 0.000 0.000 0.000 0.000 0.000
2.000 0.000 1.185 0.000 0.000 0.000 0.000 0.000 0.000 0.000 0.000
2.000 0.000 1.185 0.000 0.000 0.000 0.000 0.000 0.000 0.000 0.000
2.000 0.000 1.185 0.000 0.000 0.000 0.000 0.000 0.000 0.000 0.000
2.000 0.000 1.185 0.000 0.000 0.000 0.000 0.000 0.000 0.000 0.000
2.000 0.000 1.185 0.000 0.000 0.000 0.000 0.000 0.000 0.000 0.000
2.000 0.000 1.185 0.000 0.000 0.000 0.000 0.000 0.000 0.000 0.000
2.000 0.000 1.185 0.000 0.000 0.000 0.000 0.000 0.000 0.000 0.000
2.000 0.000 1.185 0.000 0.000 0.000 0.000 0.000 0.000 0.000 0.000
2.000 0.000 1.185 0.000 0.000 0.000 0.000 0.000 0.000 0.000 0.000
2.000 0.000 1.185 0.000 0.000 0.000 0.000 0.000 0.000 0.000 0.000
2.000 0.000 1.185 0.000 0.000 0.000 0.000 0.000 0.000 0.000 0.000
2.000 0.000 1.185 0.000 0.000 0.000 0.000 0.000 0.000 0.000 0.000
2.000 0.000 1.185 0.000 0.000 0.000 0.000 0.000 0.000 0.000 0.000
2.000 0.000 1.185 0.000 0.000 0.000 0.000 0.000 0.000 0.000 0.000
2.000 0.000 1.185 0.000 0.000 0.000 0.000 0.000 0.000 0.000 0.000
2.000 0.000 1.185 0.000 0.000 0.000 0.000 0.000 0.000 0.000 0.000
2.000 0.000 1.185 0.000 0.000 0.000 0.000 0.000 0.000 0.000 0.000
2.000 0.000 1.185 0.000 0.000 0.000 0.000 0.000 0.000 0.000 0.000
2.000 0.000 1.185 0.000 0.000 0.000 0.000 0.000 0.000 0.000 0.000
2.000 0.000 1.185 0.000 0.000 0.000 0.000 0.000 0.000 0.000 0.000
2.000 0.000 1.185 0.000 0.000 0.000 0.000 0.000 0.000 0.000 0.000
2.000 0.000 1.185 0.000 0.000 0.000 0.000 0.000 0.000 0.000 0.000
2.000 0.000 1.185 0.000 0.000 0.000 0.000 0.000 0.000 0.000 0.000
2.000 0.000 1.185 0.000 0.000 0.000 0.000 0.000 0.000 0.000 0.000
2.000 -0.000 1.185 -0.000 -0.000 0.000 -0.019 -0.007 0.001 0.000 0.000
2.000 -0.000 1.185 -0.002 -0.001 0.000 -0.069 -0.023 0.002 0.000 0.000
2.000 -0.000 1.185 -0.008 -0.003 0.000 -0.142 -0.045 0.004 0.000 0.000
1.999 -0.000 1.185 -0.017 -0.005 0.001 -0.231 -0.068 0.007 0.000 0.000
1.998 -0.001 1.185 -0.031 -0.009 0.001 -0.328 -0.089 0.009 0.000 0.000
1.996 -0.001 1.185 -0.050 -0.014 0.001 -0.428 -0.106 0.010 0.000 0.000
1.993 -0.002 1.185 -0.074 -0.020 0.002 -0.527 -0.116 0.011 0.000 0.000
1.988 -0.003 1.185 -0.102 -0.026 0.002 -0.619 -0.118 0.011 0.000 0.000
1.983 -0.005 1.185 -0.135 -0.031 0.003 -0.703 -0.113 0.011 0.000 0.000
1.975 -0.006 1.186 -0.172 -0.037 0.004 -0.775 -0.099 0.009 0.000 0.000
1.965 -0.008 1.186 -0.213 -0.041 0.004 -0.833 -0.077 0.007 0.000 0.000
1.954 -0.010 1.186 -0.256 -0.044 0.004 -0.877 -0.048 0.004 0.000 0.000
1.940 -0.013 1.186 -0.300 -0.046 0.004 -0.906 -0.013 0.001 0.000 0.000
1.924 -0.015 1.186 -0.346 -0.046 0.004 -0.918 0.027 -0.003 0.000 0.000
1.905 -0.017 1.187 -0.392 -0.043 0.004 -0.915 0.070 -0.007 0.000 0.000
1.884 -0.019 1.187 -0.437 -0.039 0.004 -0.898 0.115 -0.011 0.000 0.000
1.861 -0.021 1.187 -0.481 -0.032 0.003 -0.867 0.159 -0.016 0.000 0.000
1.836 -0.022 1.187 -0.524 -0.023 0.002 -0.823 0.201 -0.019 0.000 0.000
1.809 -0.023 1.187 -0.563 -0.012 0.001 -0.768 0.239 -0.023 0.000 0.000
1.780 -0.024 1.187 -0.600 0.001 -0.000 -0.704 0.271 -0.026 0.000 0.000
1.749 -0.023 1.187 -0.634 0.015 -0.002 -0.632 0.294 -0.027 0.000 0.000
1.717 -0.022 1.187 -0.663 0.030 -0.003 -0.555 0.308 -0.028 0.000 0.000
1.683 -0.020 1.187 -0.689 0.046 -0.004 -0.474 0.311 -0.028 0.000 0.000
1.648 -0.017 1.187 -0.711 0.061 -0.006 -0.392 0.301 -0.027 0.000 0.000
1.612 -0.014 1.186 -0.728 0.076 -0.007 -0.310 0.279 -0.024 0.000 0.000
1.575 -0.010 1.186 -0.742 0.089 -0.008 -0.230 0.242 -0.020 0.000 0.000
1.538 -0.005 1.185 -0.751 0.100 -0.009 -0.154 0.192 -0.015 0.000 0.000
1.500 -0.000 1.185 -0.757 0.108 -0.010 -0.083 0.128 -0.009 0.000 0.000
1.462 0.006 1.185 -0.760 0.112 -0.010 -0.017 0.052 -0.001 0.000 0.000
1.424 0.011 1.184 -0.759 0.113 -0.010 0.041 -0.036 0.007 0.000 0.000
1.386 0.017 1.184 -0.756 0.109 -0.009 0.092 -0.132 0.015 0.000 0.000
1.349 0.022 1.183 -0.750 0.099 -0.008 0.135 -0.235 0.025 0.000 0.000
1.311 0.027 1.183 -0.742 0.085 -0.007 0.171 -0.343 0.033 0.000 0.000
1.274 0.030 1.182 -0.733 0.065 -0.005 0.200 -0.452 0.042 0.000 0.000
1.238 0.033 1.182 -0.722 0.040 -0.003 0.222 -0.558 0.050 0.000 0.000
1.202 0.034 1.182 -0.711 0.009 0.000 0.237 -0.660 0.057 0.000 0.000
1.167 0.034 1.182 -0.699 -0.026 0.003 0.247 -0.755 0.062 0.000 0.000
1.132 0.032 1.182 -0.686 -0.066 0.006 0.252 -0.838 0.065 0.000 0.000
1.098 0.027 1.183 -0.674 -0.110 0.009 0.252 -0.909 0.067 0.000 0.000
1.065 0.021 1.183 -0.661 -0.156 0.013 0.250 -0.963 0.066 0.000 0.000
1.032 0.012 1.184 -0.649 -0.206 0.016 0.244 -1.001 0.062 0.000 0.000
1.000 -0.000 1.185 -0.637 -0.256 0.019 0.237 -1.020 0.056 0.000 0.000
0.968 -0.014 1.186 -0.625 -0.307 0.022 0.228 -1.019 0.047 0.000 0.000
0.937 -0.031 1.187 -0.614 -0.358 0.024 0.218 -0.999 0.036 0.000 0.000
0.907 -0.050 1.188 -0.603 -0.407 0.025 0.208 -0.961 0.022 0.000 0.000
0.877 -0.071 1.190 -0.593 -0.454 0.026 0.198 -0.904 0.006 0.000 0.000
0.848 -0.095 1.191 -0.584 -0.497 0.026 0.188 -0.832 -0.013 0.000 0.000
0.819 -0.121 1.192 -0.574 -0.537 0.024 0.178 -0.746 -0.033 0.000 0.000
0.790 -0.149 1.193 -0.566 -0.571 0.022 0.169 -0.648 -0.054 0.000 0.000
0.762 -0.178 1.194 -0.557 -0.601 0.019 0.160 -0.541 -0.077 0.000 0.000
0.735 -0.209 1.195 -0.550 -0.625 0.015 0.151 -0.428 -0.100 0.000 0.000
0.707 -0.241 1.196 -0.542 -0.644 0.009 0.143 -0.312 -0.123 0.000 0.000
0.680 -0.273 1.196 -0.535 -0.657 0.002 0.135 -0.195 -0.146 0.000 0.000
0.654 -0.306 1.196 -0.529 -0.664 -0.006 0.127 -0.082 -0.169 0.000 0.000
0.627 -0.339 1.196 -0.523 -0.665 -0.015 0.119 0.026 -0.190 0.000 0.000
0.601 -0.372 1.195 -0.517 -0.661 -0.025 0.111 0.126 -0.210 0.000 0.000
0.576 -0.405 1.193 -0.512 -0.652 -0.036 0.102 0.214 -0.228 0.000 0.000
0.550 -0.438 1.191 -0.507 -0.640 -0.047 0.093 0.290 -0.244 0.000 0.000
0.525 -0.469 1.188 -0.502 -0.624 -0.060 0.084 0.351 -0.258 0.000 0.000
0.500 -0.500 1.185 -0.498 -0.605 -0.073 0.073 0.396 -0.269 0.000 0.000
0.475 -0.530 1.181 -0.495 -0.584 -0.087 0.063 0.424 -0.277 0.000 0.000
0.450 -0.558 1.176 -0.492 -0.563 -0.101 0.051 0.435 -0.283 0.000 0.000
0.426 -0.586 1.171 -0.490 -0.541 -0.115 0.039 0.429 -0.285 0.000 0.000
0.401 -0.613 1.165 -0.488 -0.520 -0.129 0.027 0.408 -0.285 0.000 0.000
0.377 -0.638 1.158 -0.487 -0.501 -0.144 0.014 0.372 -0.283 0.000 0.000
0.353 -0.663 1.150 -0.487 -0.483 -0.158 0.001 0.323 -0.278 0.000 0.000
0.328 -0.686 1.142 -0.487 -0.469 -0.171 -0.012 0.264 -0.270 0.000 0.000
0.304 -0.710 1.133 -0.488 -0.457 -0.185 -0.024 0.196 -0.261 0.000 0.000
0.280 -0.732 1.124 -0.490 -0.449 -0.197 -0.036 0.122 -0.250 0.000 0.000
0.255 -0.755 1.114 -0.492 -0.445 -0.209 -0.048 0.044 -0.238 0.000 0.000
0.230 -0.777 1.103 -0.494 -0.445 -0.221 -0.058 -0.035 -0.224 0.000 0.000
0.206 -0.799 1.092 -0.497 -0.448 -0.232 -0.068 -0.112 -0.210 0.000 0.000
0.181 -0.822 1.080 -0.501 -0.456 -0.242 -0.076 -0.184 -0.196 0.000 0.000
0.156 -0.845 1.067 -0.505 -0.467 -0.251 -0.083 -0.250 -0.181 0.000 0.000
0.130 -0.868 1.055 -0.509 -0.481 -0.260 -0.088 -0.307 -0.167 0.000 0.000
0.105 -0.893 1.041 -0.514 -0.497 -0.268 -0.091 -0.353 -0.153 0.000 0.000
0.079 -0.918 1.028 -0.518 -0.516 -0.275 -0.093 -0.386 -0.140 0.000 0.000
0.053 -0.944 1.014 -0.523 -0.536 -0.282 -0.093 -0.404 -0.128 0.000 0.000
0.026 -0.972 1.000 -0.528 -0.556 -0.288 -0.091 -0.406 -0.117 0.000 0.000
0.000 -1.000 0.985 -0.532 -0.576 -0.294 -0.088 -0.393 -0.108 0.000 0.000
-0.027 -1.029 0.970 -0.536 -0.595 -0.299 -0.083 -0.363 -0.100 0.000 0.000
-0.054 -1.059 0.955 -0.540 -0.612 -0.304 -0.077 -0.317 -0.093 0.000 0.000
-0.081 -1.090 0.940 -0.544 -0.626 -0.308 -0.070 -0.256 -0.088 0.000 0.000
-0.108 -1.122 0.924 -0.547 -0.637 -0.313 -0.062 -0.181 -0.085 0.000 0.000
-0.135 -1.154 0.909 -0.550 -0.644 -0.317 -0.054 -0.095 -0.082 0.000 0.000
-0.163 -1.186 0.893 -0.553 -0.647 -0.321 -0.046 0.001 -0.081 0.000 0.000
-0.191 -1.219 0.876 -0.555 -0.644 -0.325 -0.038 0.104 -0.081 0.000 0.000
-0.219 -1.251 0.860 -0.557 -0.636 -0.329 -0.031 0.212 -0.082 0.000 0.000
-0.246 -1.282 0.844 -0.558 -0.623 -0.333 -0.026 0.322 -0.083 0.000 0.000
-0.274 -1.313 0.827 -0.559 -0.604 -0.337 -0.022 0.432 -0.084 0.000 0.000
-0.302 -1.342 0.810 -0.560 -0.580 -0.342 -0.020 0.538 -0.086 0.000 0.000
-0.330 -1.371 0.793 -0.561 -0.550 -0.346 -0.020 0.638 -0.087 0.000 0.000
-0.358 -1.397 0.775 -0.562 -0.516 -0.350 -0.022 0.729 -0.088 0.000 0.000
-0.387 -1.422 0.758 -0.563 -0.478 -0.355 -0.027 0.809 -0.087 0.000 0.000
-0.415 -1.445 0.740 -0.565 -0.435 -0.359 -0.034 0.876 -0.087 0.000 0.000
-0.443 -1.466 0.722 -0.567 -0.390 -0.363 -0.043 0.929 -0.084 0.000 0.000
-0.471 -1.484 0.703 -0.569 -0.343 -0.367 -0.055 0.965 -0.081 0.000 0.000
-0.500 -1.500 0.685 -0.572 -0.294 -0.371 -0.069 0.984 -0.076 0.000 0.000
-0.529 -1.513 0.666 -0.576 -0.245 -0.375 -0.084 0.985 -0.069 0.000 0.000
-0.558 -1.524 0.648 -0.581 -0.196 -0.378 -0.101 0.969 -0.061 0.000 0.000
-0.587 -1.533 0.629 -0.586 -0.148 -0.381 -0.117 0.937 -0.050 0.000 0.000
-0.616 -1.539 0.609 -0.593 -0.102 -0.383 -0.134 0.889 -0.039 0.000 0.000
-0.646 -1.543 0.590 -0.600 -0.059 -0.385 -0.149 0.827 -0.025 0.000 0.000
-0.676 -1.545 0.571 -0.607 -0.020 -0.386 -0.161 0.752 -0.010 0.000 0.000
-0.707 -1.545 0.552 -0.616 0.016 -0.386 -0.171 0.668 0.007 0.000 0.000
-0.738 -1.544 0.532 -0.624 0.047 -0.385 -0.177 0.575 0.026 0.000 0.000
-0.769 -1.541 0.513 -0.633 0.073 -0.383 -0.178 0.478 0.045 0.000 0.000
-0.801 -1.537 0.494 -0.642 0.095 -0.380 -0.173 0.377 0.066 0.000 0.000
-0.833 -1.531 0.475 -0.651 0.111 -0.376 -0.163 0.277 0.088 0.000 0.000
-0.866 -1.526 0.456 -0.658 0.122 -0.372 -0.145 0.178 0.110 0.000 0.000
-0.899 -1.519 0.438 -0.665 0.129 -0.365 -0.121 0.083 0.133 0.000 0.000
-0.933 -1.513 0.420 -0.670 0.131 -0.358 -0.089 -0.004 0.156 0.000 0.000
-0.966 -1.506 0.402 -0.674 0.128 -0.350 -0.050 -0.084 0.179 0.000 0.000
-1.000 -1.500 0.385 -0.675 0.122 -0.340 -0.004 -0.153 0.201 0.000 0.000
-1.034 -1.494 0.368 -0.674 0.113 -0.330 0.049 -0.212 0.223 0.000 0.000
-1.067 -1.489 0.352 -0.670 0.101 -0.318 0.108 -0.258 0.244 0.000 0.000
-1.101 -1.484 0.336 -0.663 0.088 -0.305 0.171 -0.293 0.264 0.000 0.000
-1.134 -1.480 0.322 -0.653 0.072 -0.292 0.239 -0.315 0.282 0.000 0.000
-1.166 -1.477 0.307 -0.639 0.056 -0.277 0.309 -0.326 0.298 0.000 0.000
-1.197 -1.474 0.294 -0.622 0.040 -0.262 0.380 -0.325 0.313 0.000 0.000
-1.228 -1.473 0.281 -0.601 0.024 -0.246 0.450 -0.315 0.325 0.000 0.000
-1.258 -1.472 0.269 -0.577 0.009 -0.229 0.517 -0.295 0.334 0.000 0.000
-1.286 -1.472 0.258 -0.550 -0.005 -0.213 0.581 -0.267 0.341 0.000 0.000
-1.312 -1.472 0.248 -0.519 -0.018 -0.195 0.640 -0.234 0.345 0.000 0.000
-1.338 -1.474 0.239 -0.486 -0.029 -0.178 0.691 -0.195 0.346 0.000 0.000
-1.361 -1.475 0.230 -0.450 -0.037 -0.161 0.734 -0.154 0.343 0.000 0.000
-1.383 -1.477 0.223 -0.412 -0.044 -0.144 0.767 -0.110 0.338 0.000 0.000
-1.402 -1.480 0.216 -0.374 -0.048 -0.127 0.789 -0.067 0.329 0.000 0.000
-1.420 -1.482 0.210 -0.334 -0.051 -0.111 0.799 -0.026 0.317 0.000 0.000
-1.436 -1.485 0.205 -0.294 -0.051 -0.096 0.797 0.013 0.301 0.000 0.000
-1.449 -1.487 0.200 -0.254 -0.050 -0.081 0.781 0.047 0.283 0.000 0.000
-1.461 -1.490 0.197 -0.216 -0.047 -0.067 0.753 0.076 0.262 0.000 0.000
-1.471 -1.492 0.193 -0.179 -0.042 -0.055 0.712 0.098 0.239 0.000 0.000
-1.479 -1.494 0.191 -0.145 -0.037 -0.043 0.659 0.113 0.214 0.000 0.000
-1.485 -1.496 0.189 -0.114 -0.031 -0.033 0.595 0.121 0.187 0.000 0.000
-1.490 -1.497 0.188 -0.086 -0.025 -0.025 0.522 0.122 0.160 0.000 0.000
-1.494 -1.498 0.187 -0.061 -0.019 -0.017 0.442 0.115 0.131 0.000 0.000
-1.497 -1.499 0.186 -0.041 -0.013 -0.012 0.359 0.103 0.104 0.000 0.000
-1.498 -1.499 0.185 -0.026 -0.009 -0.007 0.274 0.085 0.077 0.000 0.000
-1.499 -1.500 0.185 -0.014 -0.005 -0.004 0.192 0.064 0.053 0.000 0.000
-1.500 -1.500 0.185 -0.006 -0.002 -0.002 0.118 0.042 0.032 0.000 0.000
-1.500 -1.500 0.185 -0.002 -0.001 -0.001 0.057 0.021 0.015 0.000 0.000
-1.500 -1.500 0.185 -0.000 -0.000 -0.000 0.016 0.006 0.004 0.000 0.000
-1.500 -1.500 0.185 0.000 -0.000 0.000 -0.000 -0.000 -0.000 0.000 0.000
-1.500 -1.500 0.185 -0.000 -0.000 -0.000 -0.000 -0.000 -0.000 0.000 0.000
-1.500 -1.500 0.185 -0.000 -0.000 -0.000 -0.000 -0.000 -0.001 0.000 0.000
-1.500 -1.500 0.185 -0.000 -0.000 -0.000 -0.000 -0.000 -0.002 0.000 0.000
-1.500 -1.500 0.185 -0.000 -0.000 -0.000 -0.000 -0.000 -0.003 0.000 0.000
-1.500 -1.500 0.185 -0.000 -0.000 -0.000 -0.000 -0.000 -0.004 0.000 0.000
-1.500 -1.500 0.185 -0.000 -0.000 -0.001 -0.000 -0.000 -0.006 0.000 0.000
-1.500 -1.500 0.185 -0.000 -0.000 -0.001 -0.000 -0.000 -0.008 0.000 0.000
-1.500 -1.500 0.185 -0.000 -0.000 -0.001 -0.000 -0.000 -0.011 0.000 0.000
-1.500 -1.500 0.185 -0.000 -0.000 -0.002 -0.000 -0.000 -0.013 0.000 0.000
-1.500 -1.500 0.185 -0.000 -0.000 -0.003 -0.000 -0.000 -0.016 0.000 0.000
-1.500 -1.500 0.184 -0.000 -0.000 -0.004 -0.000 -0.000 -0.018 0.000 0.000
-1.500 -1.500 0.184 -0.000 -0.000 -0.005 -0.000 -0.000 -0.021 0.000 0.000
-1.500 -1.500 0.184 -0.000 -0.000 -0.006 -0.000 -0.000 -0.024 0.000 0.000
-1.500 -1.500 0.184 -0.000 -0.000 -0.007 -0.000 -0.000 -0.027 0.000 0.000
-1.500 -1.500 0.183 -0.000 -0.000 -0.008 -0.000 -0.000 -0.030 0.000 0.000
-1.500 -1.500 0.183 -0.000 -0.000 -0.010 -0.000 -0.000 -0.033 0.000 0.000
-1.500 -1.500 0.182 -0.000 -0.000 -0.012 -0.000 -0.000 -0.036 0.000 0.000
-1.500 -1.500 0.182 -0.000 -0.000 -0.014 -0.000 -0.000 -0.040 0.000 0.000
-1.500 -1.500 0.181 -0.000 -0.000 -0.016 -0.000 -0.000 -0.043 0.000 0.000
-1.500 -1.500 0.180 -0.000 -0.000 -0.018 -0.000 -0.000 -0.046 0.000 0.000
-1.500 -1.500 0.179 -0.000 -0.000 -0.020 -0.000 -0.000 -0.049 0.000 0.000
-1.500 -1.500 0.178 -0.000 -0.000 -0.023 -0.000 -0.000 -0.052 0.000 0.000
-1.500 -1.500 0.177 -0.000 -0.000 -0.026 -0.000 -0.000 -0.055 0.000 0.000
-1.500 -1.500 0.175 -0.000 -0.000 -0.028 -0.000 -0.000 -0.058 0.000 0.000
-1.500 -1.500 0.174 -0.000 -0.000 -0.031 -0.000 -0.000 -0.061 0.000 0.000
-1.500 -1.500 0.172 -0.000 -0.000 -0.034 -0.000 -0.000 -0.063 0.000 0.000
-1.500 -1.500 0.171 -0.000 -0.000 -0.038 -0.000 -0.000 -0.066 0.000 0.000
-1.500 -1.500 0.169 -0.000 -0.000 -0.041 -0.000 -0.000 -0.068 0.000 0.000
-1.500 -1.500 0.166 -0.000 -0.000 -0.044 -0.000 -0.000 -0.071 0.000 0.000
-1.500 -1.500 0.164 -0.000 -0.000 -0.048 -0.000 -0.000 -0.073 0.000 0.000
-1.500 -1.500 0.162 -0.000 -0.000 -0.052 -0.000 -0.000 -0.075 0.000 0.000
-1.500 -1.500 0.159 -0.000 -0.000 -0.056 -0.000 -0.000 -0.077 0.000 0.000
-1.500 -1.500 0.156 -0.000 -0.000 -0.059 -0.000 -0.000 -0.079 0.000 0.000
-1.500 -1.500 0.153 -0.000 -0.000 -0.063 -0.000 -0.000 -0.080 0.000 0.000
-1.500 -1.500 0.150 -0.000 -0.000 -0.067 -0.000 -0.000 -0.082 0.000 0.000
-1.500 -1.500 0.146 -0.000 -0.000 -0.072 -0.000 -0.000 -0.083 0.000 0.000
-1.500 -1.500 0.143 -0.000 -0.000 -0.076 -0.000 -0.000 -0.084 0.000 0.000
-1.500 -1.500 0.139 -0.000 -0.000 -0.080 -0.000 -0.000 -0.085 0.000 0.000
-1.500 -1.500 0.135 -0.000 -0.000 -0.084 -0.000 -0.000 -0.086 0.000 0.000
-1.500 -1.500 0.130 -0.000 -0.000 -0.089 -0.000 -0.000 -0.086 0.000 0.000
-1.500 -1.500 0.126 -0.000 -0.000 -0.093 -0.000 -0.000 -0.087 0.000 0.000
-1.500 -1.500 0.121 -0.000 -0.000 -0.097 -0.000 -0.000 -0.087 0.000 0.000
-1.500 -1.500 0.116 -0.000 -0.000 -0.102 -0.000 -0.000 -0.087 0.000 0.000
-1.500 -1.500 0.111 -0.000 -0.000 -0.106 -0.000 -0.000 -0.087 0.000 0.000
-1.500 -1.500 0.105 -0.000 -0.000 -0.110 -0.000 -0.000 -0.086 0.000 0.000
-1.500 -1.500 0.100 -0.000 -0.000 -0.114 -0.000 -0.000 -0.086 0.000 0.000
-1.500 -1.500 0.094 -0.000 -0.000 -0.119 -0.000 -0.000 -0.085 0.000 0.000
-1.500 -1.500 0.088 -0.000 -0.000 -0.123 -0.000 -0.000 -0.084 0.000 0.000
-1.500 -1.500 0.082 -0.000 -0.000 -0.127 -0.000 -0.000 -0.083 0.000 0.000
-1.500 -1.500 0.075 -0.000 -0.000 -0.131 -0.000 -0.000 -0.082 0.000 0.000
-1.500 -1.500 0.069 -0.000 -0.000 -0.135 -0.000 -0.000 -0.080 0.000 0.000
-1.500 -1.500 0.062 -0.000 -0.000 -0.139 -0.000 -0.000 -0.079 0.000 0.000
-1.500 -1.500 0.055 -0.000 -0.000 -0.143 -0.000 -0.000 -0.077 0.000 0.000
-1.500 -1.500 0.047 -0.000 -0.000 -0.147 -0.000 -0.000 -0.075 0.000 0.000
-1.500 -1.500 0.040 -0.000 -0.000 -0.151 -0.000 -0.000 -0.073 0.000 0.000
-1.500 -1.500 0.032 -0.000 -0.000 -0.154 0.000 0.000 -0.071 0.000 0.000
-1.500 -1.500 0.024 -0.000 -0.000 -0.158 0.000 0.000 -0.069 0.000 0.000
-1.500 -1.500 0.017 -0.000 -0.000 -0.161 0.000 0.000 -0.066 0.000 0.000
-1.500 -1.500 0.008 -0.000 -0.000 -0.164 0.000 0.000 -0.063 0.000 0.000
-1.500 -1.500 0.000 -0.000 -0.000 -0.168 0.000 0.000 -0.061 0.000 0.000
-1.500 -1.500 -0.008 -0.000 -0.000 -0.170 0.000 0.000 -0.058 0.000 0.000
-1.500 -1.500 -0.017 -0.000 -0.000 -0.173 0.000 0.000 -0.055 0.000 0.000
-1.500 -1.500 -0.026 -0.000 -0.000 -0.176 0.000 0.000 -0.052 0.000 0.000
-1.500 -1.500 -0.035 -0.000 -0.000 -0.178 0.000 0.000 -0.048 0.000 0.000
-1.500 -1.500 -0.044 -0.000 -0.000 -0.181 0.000 0.000 -0.045 0.000 0.000
-1.500 -1.500 -0.053 -0.000 -0.000 -0.183 0.000 0.000 -0.042 0.000 0.000
-1.500 -1.500 -0.062 -0.000 -0.000 -0.185 0.000 0.000 -0.038 0.000 0.000
-1.500 -1.500 -0.071 -0.000 -0.000 -0.187 0.000 0.000 -0.034 0.000 0.000
-1.500 -1.500 -0.080 -0.000 -0.000 -0.188 0.000 0.000 -0.031 0.000 0.000
-1.500 -1.500 -0.090 -0.000 -0.000 -0.190 0.000 0.000 -0.027 0.000 0.000
-1.500 -1.500 -0.099 -0.000 -0.000 -0.191 0.000 0.000 -0.023 0.000 0.000
-1.500 -1.500 -0.109 -0.000 -0.000 -0.192 0.000 0.000 -0.020 0.000 0.000
-1.500 -1.500 -0.119 -0.000 -0.000 -0.193 0.000 0.000 -0.016 0.000 0.000
-1.500 -1.500 -0.128 -0.000 -0.000 -0.194 0.000 0.000 -0.012 0.000 0.000
-1.500 -1.500 -0.138 -0.000 -0.000 -0.194 0.000 0.000 -0.008 0.000 0.000
-1.500 -1.500 -0.148 -0.000 -0.000 -0.195 0.000 0.000 -0.004 0.000 0.000
-1.500 -1.500 -0.157 -0.000 -0.000 -0.195 0.000 0.000 -0.000 0.000 0.000
-1.500 -1.500 -0.167 -0.000 -0.000 -0.195 0.000 0.000 0.004 0.000 0.000
-1.500 -1.500 -0.177 -0.000 -0.000 -0.194 0.000 0.000 0.008 0.000 0.000
-1.500 -1.500 -0.187 -0.000 -0.000 -0.194 0.000 0.000 0.012 0.000 0.000
-1.500 -1.500 -0.196 -0.000 -0.000 -0.193 0.000 0.000 0.016 0.000 0.000
-1.500 -1.500 -0.206 -0.000 -0.000 -0.192 0.000 0.000 0.020 0.000 0.000
-1.500 -1.500 -0.216 -0.000 -0.000 -0.191 0.000 0.000 0.023 0.000 0.000
-1.500 -1.500 -0.225 -0.000 -0.000 -0.190 0.000 0.000 0.027 0.000 0.000
-1.500 -1.500 -0.235 0.000 0.000 -0.188 0.000 0.000 0.031 0.000 0.000
-1.500 -1.500 -0.244 0.000 0.000 -0.187 0.000 0.000 0.034 0.000 0.000
-1.500 -1.500 -0.253 0.000 0.000 -0.185 0.000 0.000 0.038 0.000 0.000
-1.500 -1.500 -0.262 0.000 0.000 -0.183 0.000 0.000 0.042 0.000 0.000
-1.500 -1.500 -0.271 0.000 0.000 -0.181 0.000 0.000 0.045 0.000 0.000
-1.500 -1.500 -0.280 0.000 0.000 -0.178 0.000 0.000 0.048 0.000 0.000
-1.500 -1.500 -0.289 0.000 0.000 -0.176 0.000 0.000 0.052 0.000 0.000
-1.500 -1.500 -0.298 0.000 0.000 -0.173 0.000 0.000 0.055 0.000 0.000
-1.500 -1.500 -0.307 0.000 0.000 -0.170 0.000 0.000 0.058 0.000 0.000
-1.500 -1.500 -0.315 0.000 0.000 -0.168 0.000 0.000 0.061 0.000 0.000
-1.500 -1.500 -0.323 0.000 0.000 -0.164 0.000 0.000 0.063 0.000 0.000
-1.500 -1.500 -0.332 0.000 0.000 -0.161 0.000 0.000 0.066 0.000 0.000
-1.500 -1.500 -0.339 0.000 0.000 -0.158 0.000 0.000 0.069 0.000 0.000
-1.500 -1.500 -0.347 0.000 0.000 -0.154 0.000 0.000 0.071 0.000 0.000
-1.500 -1.500 -0.355 0.000 0.000 -0.151 0.000 0.000 0.073 0.000 0.000
-1.500 -1.500 -0.362 0.000 0.000 -0.147 0.000 0.000 0.075 0.000 0.000
-1.500 -1.500 -0.370 0.000 0.000 -0.143 0.000 0.000 0.077 0.000 0.000
-1.500 -1.500 -0.377 0.000 0.000 -0.139 0.000 0.000 0.079 0.000 0.000
-1.500 -1.500 -0.384 0.000 0.000 -0.135 0.000 0.000 0.080 0.000 0.000
-1.500 -1.500 -0.390 0.000 0.000 -0.131 0.000 0.000 0.082 0.000 0.000
-1.500 -1.500 -0.397 0.000 0.000 -0.127 0.000 0.000 0.083 0.000 0.000
-1.500 -1.500 -0.403 0.000 0.000 -0.123 0.000 0.000 0.084 0.000 0.000
-1.500 -1.500 -0.409 0.000 0.000 -0.119 0.000 0.000 0.085 0.000 0.000
-1.500 -1.500 -0.415 0.000 0.000 -0.114 0.000 0.000 0.086 0.000 0.000
-1.500 -1.500 -0.420 0.000 0.000 -0.110 0.000 0.000 0.086 0.000 0.000
-1.500 -1.500 -0.426 0.000 0.000 -0.106 0.000 0.000 0.087 0.000 0.000
-1.500 -1.500 -0.431 0.000 0.000 -0.102 0.000 0.000 0.087 0.000 0.000
-1.500 -1.500 -0.436 0.000 0.000 -0.097 0.000 0.000 0.087 0.000 0.000
-1.500 -1.500 -0.441 0.000 0.000 -0.093 0.000 0.000 0.087 0.000 0.000
-1.500 -1.500 -0.445 0.000 0.000 -0.089 0.000 0.000 0.086 0.000 0.000
-1.500 -1.500 -0.450 0.000 0.000 -0.084 0.000 0.000 0.086 0.000 0.000
-1.500 -1.500 -0.454 0.000 0.000 -0.080 -0.000 -0.000 0.085 0.000 0.000
-1.500 -1.500 -0.458 0.000 0.000 -0.076 -0.000 -0.000 0.084 0.000 0.000
-1.500 -1.500 -0.461 0.000 0.000 -0.072 -0.000 -0.000 0.083 0.000 0.000
-1.500 -1.500 -0.465 0.000 0.000 -0.067 -0.000 -0.000 0.082 0.000 0.000
-1.500 -1.500 -0.468 0.000 0.000 -0.063 -0.000 -0.000 0.080 0.000 0.000
-1.500 -1.500 -0.471 0.000 0.000 -0.059 -0.000 -0.000 0.079 0.000 0.000
-1.500 -1.500 -0.474 0.000 0.000 -0.056 -0.000 -0.000 0.077 0.000 0.000
-1.500 -1.500 -0.477 0.000 0.000 -0.052 -0.000 -0.000 0.075 0.000 0.000
-1.500 -1.500 -0.479 0.000 0.000 -0.048 -0.000 -0.000 0.073 0.000 0.000
-1.500 -1.500 -0.481 0.000 0.000 -0.044 -0.000 -0.000 0.071 0.000 0.000
-1.500 -1.500 -0.484 0.000 0.000 -0.041 -0.000 -0.000 0.068 0.000 0.000
-1.500 -1.500 -0.486 0.000 0.000 -0.038 -0.000 -0.000 0.066 0.000 0.000
-1.500 -1.500 -0.487 0.000 0.000 -0.034 -0.000 -0.000 0.063 0.000 0.000
-1.500 -1.500 -0.489 0.000 0.000 -0.031 -0.000 -0.000 0.061 0.000 0.000
-1.500 -1.500 -0.490 0.000 0.000 -0.028 -0.000 -0.000 0.058 0.000 0.000
-1.500 -1.500 -0.492 0.000 0.000 -0.026 -0.000 -0.000 0.055 0.000 0.000
-1.500 -1.500 -0.493 0.000 0.000 -0.023 -0.000 -0.000 0.052 0.000 0.000
-1.500 -1.500 -0.494 0.000 0.000 -0.020 -0.000 -0.000 0.049 0.000 0.000
-1.500 -1.500 -0.495 0.000 0.000 -0.018 -0.000 -0.000 0.046 0.000 0.000
-1.500 -1.500 -0.496 0.000 0.000 -0.016 -0.000 -0.000 0.043 0.000 0.000
-1.500 -1.500 -0.497 0.000 0.000 -0.014 -0.000 -0.000 0.040 0.000 0.000
-1.500 -1.500 -0.497 0.000 0.000 -0.012 -0.000 -0.000 0.036 0.000 0.000
-1.500 -1.500 -0.498 0.000 0.000 -0.010 -0.000 -0.000 0.033 0.000 0.000
-1.500 -1.500 -0.498 0.000 0.000 -0.008 -0.000 -0.000 0.030 0.000 0.000
-1.500 -1.500 -0.499 0.000 0.000 -0.007 -0.000 -0.000 0.027 0.000 0.000
-1.500 -1.500 -0.499 0.000 0.000 -0.006 -0.000 -0.000 0.024 0.000 0.000
-1.500 -1.500 -0.499 0.000 0.000 -0.005 -0.000 -0.000 0.021 0.000 0.000
-1.500 -1.500 -0.499 -0.000 -0.000 -0.004 -0.000 -0.000 0.018 0.000 0.000
-1.500 -1.500 -0.500 -0.000 -0.000 -0.003 -0.000 -0.000 0.016 0.000 0.000
-1.500 -1.500 -0.500 -0.000 -0.000 -0.002 -0.000 -0.000 0.013 0.000 0.000
-1.500 -1.500 -0.500 -0.000 -0.000 -0.001 -0.000 -0.000 0.011 0.000 0.000
-1.500 -1.500 -0.500 -0.000 -0.000 -0.001 -0.000 -0.000 0.008 0.000 0.000
-1.500 -1.500 -0.500 -0.000 -0.000 -0.001 -0.000 -0.000 0.006 0.000 0.000
-1.500 -1.500 -0.500 -0.000 -0.000 -0.000 -0.000 -0.000 0.004 0.000 0.000
-1.500 -1.500 -0.500 -0.000 -0.000 -0.000 -0.000 -0.000 0.003 0.000 0.000
-1.500 -1.500 -0.500 -0.000 -0.000 -0.000 -0.000 -0.000 0.002 0.000 0.000
-1.500 -1.500 -0.500 -0.000 -0.000 -0.000 -0.000 -0.000 0.001 0.000 0.000
-1.500 -1.500 -0.500 -0.000 -0.000 -0.000 -0.000 -0.000 0.000 0.000 0.000
-1.500 -1.500 -0.500 -0.000 -0.000 -0.000 -0.000 -0.000 -0.000 0.000 0.000
