-1.500 1.500 0.185 -0.000 0.000 0.000 -0.000 0.000 0.002 0.000 0.000
-1.500 1.500 0.185 -0.000 0.000 0.000 -0.000 0.000 0.006 0.000 0.000
-1.500 1.500 0.185 -0.000 0.000 0.001 0.000 -0.000 0.013 0.000 0.000
-1.500 1.500 0.185 -0.000 0.000 0.002 0.000 -0.000 0.023 0.000 0.000
-1.500 1.500 0.185 -0.000 0.000 0.003 0.000 -0.000 0.034 0.000 0.000
-1.500 1.500 0.185 -0.000 0.000 0.005 0.000 -0.000 0.047 0.000 0.000
-1.500 1.500 0.186 -0.000 0.000 0.008 0.000 -0.000 0.061 0.000 0.000
-1.500 1.500 0.186 -0.000 0.000 0.011 0.000 -0.000 0.076 0.000 0.000
-1.500 1.500 0.187 -0.000 0.000 0.015 0.000 -0.000 0.092 0.000 0.000
-1.500 1.500 0.188 -0.000 0.000 0.020 0.000 -0.000 0.109 0.000 0.000
-1.500 1.500 0.189 -0.000 0.000 0.026 0.000 -0.000 0.126 0.000 0.000
-1.500 1.500 0.190 -0.000 0.000 0.033 0.000 -0.000 0.142 0.000 0.000
-1.500 1.500 0.192 -0.000 0.000 0.041 0.000 -0.000 0.159 0.000 0.000
-1.500 1.500 0.194 -0.000 0.000 0.049 0.000 -0.000 0.175 0.000 0.000
-1.500 1.500 0.197 -0.000 0.000 0.058 0.000 -0.000 0.191 0.000 0.000
-1.500 1.500 0.200 -0.000 0.000 0.068 0.000 -0.000 0.206 0.000 0.000
-1.500 1.500 0.204 -0.000 0.000 0.079 0.000 -0.000 0.221 0.000 0.000
-1.500 1.500 0.208 -0.000 0.000 0.090 0.000 -0.000 0.234 0.000 0.000
-1.500 1.500 0.213 -0.000 0.000 0.102 0.000 -0.000 0.247 0.000 0.000
-1.500 1.500 0.218 -0.000 0.000 0.115 0.000 -0.000 0.258 0.000 0.000
-1.500 1.500 0.224 -0.000 0.000 0.128 0.000 -0.000 0.268 0.000 0.000
-1.500 1.500 0.231 -0.000 0.000 0.141 0.000 -0.000 0.277 0.000 0.000
-1.500 1.500 0.239 -0.000 0.000 0.156 0.000 -0.000 0.285 0.000 0.000
-1.500 1.500 0.247 -0.000 0.000 0.170 0.000 -0.000 0.291 0.000 0.000
-1.500 1.500 0.256 -0.000 0.000 0.185 0.000 -0.000 0.295 0.000 0.000
-1.500 1.500 0.265 -0.000 0.000 0.199 0.000 -0.000 0.299 0.000 0.000
-1.500 1.500 0.276 -0.000 0.000 0.214 0.000 -0.000 0.300 0.000 0.000
-1.500 1.500 0.287 -0.000 0.000 0.229 0.000 -0.000 0.300 0.000 0.000
-1.500 1.500 0.298 -0.000 0.000 0.244 0.000 -0.000 0.299 0.000 0.000
-1.500 1.500 0.311 -0.000 0.000 0.259 0.000 -0.000 0.296 0.000 0.000
-1.500 1.500 0.324 -0.000 0.000 0.274 0.000 -0.000 0.292 0.000 0.000
-1.500 1.500 0.338 -0.000 0.000 0.288 0.000 -0.000 0.286 0.000 0.000
-1.500 1.500 0.353 -0.000 0.000 0.303 0.000 -0.000 0.279 0.000 0.000
-1.500 1.500 0.369 -0.000 0.000 0.316 0.000 -0.000 0.271 0.000 0.000
-1.500 1.500 0.385 -0.000 0.000 0.330 0.000 -0.000 0.261 0.000 0.000
-1.500 1.500 0.402 -0.000 0.000 0.342 0.000 -0.000 0.250 0.000 0.000
-1.500 1.500 0.419 -0.000 0.000 0.355 0.000 -0.000 0.237 0.000 0.000
-1.500 1.500 0.437 0.000 -0.000 0.366 0.000 -0.000 0.224 0.000 0.000
-1.500 1.500 0.456 0.000 -0.000 0.377 0.000 -0.000 0.209 0.000 0.000
-1.500 1.500 0.475 0.000 -0.000 0.387 0.000 -0.000 0.194 0.000 0.000
-1.500 1.500 0.494 0.000 -0.000 0.396 0.000 -0.000 0.177 0.000 0.000
-1.500 1.500 0.514 0.000 -0.000 0.405 0.000 -0.000 0.160 0.000 0.000
-1.500 1.500 0.535 0.000 -0.000 0.412 0.000 -0.000 0.141 0.000 0.000
-1.500 1.500 0.556 0.000 -0.000 0.419 0.000 -0.000 0.122 0.000 0.000
-1.500 1.500 0.577 0.000 -0.000 0.425 0.000 -0.000 0.103 0.000 0.000
-1.500 1.500 0.598 0.000 -0.000 0.429 0.000 -0.000 0.083 0.000 0.000
-1.500 1.500 0.620 0.000 -0.000 0.433 0.000 -0.000 0.063 0.000 0.000
-1.500 1.500 0.641 0.000 -0.000 0.435 0.000 -0.000 0.042 0.000 0.000
-1.500 1.500 0.663 0.000 -0.000 0.437 0.000 -0.000 0.021 0.000 0.000
-1.500 1.500 0.685 0.000 -0.000 0.438 -0.000 0.000 0.000 0.000 0.000
-1.500 1.500 0.707 0.000 -0.000 0.437 0.000 -0.000 -0.021 0.000 0.000
-1.500 1.500 0.729 0.000 -0.000 0.435 0.000 -0.000 -0.042 0.000 0.000
-1.500 1.500 0.750 0.000 -0.000 0.433 -0.000 0.000 -0.063 0.000 0.000
-1.500 1.500 0.772 0.000 -0.000 0.429 -0.000 0.000 -0.083 0.000 0.000
-1.500 1.500 0.793 0.000 -0.000 0.425 -0.000 0.000 -0.103 0.000 0.000
-1.500 1.500 0.814 0.000 -0.000 0.419 -0.000 0.000 -0.122 0.000 0.000
-1.500 1.500 0.835 0.000 -0.000 0.412 -0.000 0.000 -0.141 0.000 0.000
-1.500 1.500 0.856 0.000 -0.000 0.405 -0.000 0.000 -0.160 0.000 0.000
-1.500 1.500 0.876 0.000 -0.000 0.396 -0.000 0.000 -0.177 0.000 0.000
-1.500 1.500 0.895 0.000 -0.000 0.387 -0.000 0.000 -0.194 0.000 0.000
-1.500 1.500 0.914 0.000 -0.000 0.377 -0.000 0.000 -0.209 0.000 0.000
-1.500 1.500 0.933 0.000 -0.000 0.366 -0.000 0.000 -0.224 0.000 0.000
-1.500 1.500 0.951 0.000 -0.000 0.355 -0.000 0.000 -0.237 0.000 0.000
-1.500 1.500 0.968 0.000 -0.000 0.342 -0.000 0.000 -0.250 0.000 0.000
-1.500 1.500 0.985 0.000 -0.000 0.330 -0.000 0.000 -0.261 0.000 0.000
-1.500 1.500 1.001 0.000 -0.000 0.316 -0.000 0.000 -0.271 0.000 0.000
-1.500 1.500 1.017 0.000 -0.000 0.303 0.000 -0.000 -0.279 0.000 0.000
-1.500 1.500 1.032 0.000 -0.000 0.288 0.000 -0.000 -0.286 0.000 0.000
-1.500 1.500 1.046 0.000 -0.000 0.274 0.000 -0.000 -0.292 0.000 0.000
-1.500 1.500 1.059 0.000 -0.000 0.259 0.000 -0.000 -0.296 0.000 0.000
-1.500 1.500 1.072 0.000 -0.000 0.244 0.000 -0.000 -0.299 0.000 0.000
-1.500 1.500 1.083 0.000 -0.000 0.229 0.000 -0.000 -0.300 0.000 0.000
-1.500 1.500 1.094 0.000 -0.000 0.214 0.000 -0.000 -0.300 0.000 0.000
-1.500 1.500 1.105 0.000 -0.000 0.199 0.000 -0.000 -0.299 0.000 0.000
-1.500 1.500 1.114 0.000 -0.000 0.185 0.000 -0.000 -0.295 0.000 0.000
-1.500 1.500 1.123 0.000 -0.000 0.170 0.000 -0.000 -0.291 0.000 0.000
-1.500 1.500 1.131 0.000 -0.000 0.156 0.000 -0.000 -0.285 0.000 0.000
-1.500 1.500 1.139 0.000 -0.000 0.141 0.000 -0.000 -0.277 0.000 0.000
-1.500 1.500 1.146 0.000 -0.000 0.128 0.000 -0.000 -0.268 0.000 0.000
-1.500 1.500 1.152 0.000 -0.000 0.115 0.000 -0.000 -0.258 0.000 0.000
-1.500 1.500 1.157 0.000 -0.000 0.102 0.000 -0.000 -0.247 0.000 0.000
-1.500 1.500 1.162 0.000 -0.000 0.090 0.000 -0.000 -0.234 0.000 0.000
-1.500 1.500 1.166 0.000 -0.000 0.079 0.000 -0.000 -0.221 0.000 0.000
-1.500 1.500 1.170 0.000 -0.000 0.068 -0.000 0.000 -0.206 0.000 0.000
-1.500 1.500 1.173 0.000 -0.000 0.058 -0.000 0.000 -0.191 0.000 0.000
-1.500 1.500 1.176 0.000 -0.000 0.049 -0.000 0.000 -0.175 0.000 0.000
-1.500 1.500 1.178 0.000 -0.000 0.041 -0.000 0.000 -0.159 0.000 0.000
-1.500 1.500 1.180 0.000 -0.000 0.033 -0.000 0.000 -0.142 0.000 0.000
-1.500 1.500 1.181 0.000 -0.000 0.026 -0.000 0.000 -0.126 0.000 0.000
-1.500 1.500 1.182 0.000 -0.000 0.020 -0.000 0.000 -0.109 0.000 0.000
-1.500 1.500 1.183 0.000 -0.000 0.015 -0.000 0.000 -0.092 0.000 0.000
-1.500 1.500 1.184 0.000 -0.000 0.011 -0.000 0.000 -0.076 0.000 0.000
-1.500 1.500 1.184 0.000 -0.000 0.008 -0.000 0.000 -0.061 0.000 0.000
-1.500 1.500 1.185 0.000 -0.000 0.005 -0.000 0.000 -0.047 0.000 0.000
-1.500 1.500 1.185 0.000 -0.000 0.003 -0.000 0.000 -0.034 0.000 0.000
-1.500 1.500 1.185 0.000 -0.000 0.002 -0.000 0.000 -0.023 0.000 0.000
-1.500 1.500 1.185 0.000 -0.000 0.001 -0.000 0.000 -0.013 0.000 0.000
-1.500 1.500 1.185 0.000 -0.000 0.000 -0.000 0.000 -0.006 0.000 0.000
-1.500 1.500 1.185 0.000 -0.000 0.000 -0.000 0.000 -0.002 0.000 0.000
-1.500 1.500 1.185 0.000 -0.000 -0.000 -0.000 0.000 -0.000 0.000 0.000
-1.500 1.500 1.185 0.000 0.000 0.000 0.000 0.000 0.000 0.000 0.000
-1.500 1.500 1.185 0.000 0.000 0.000 0.000 0.000 0.000 0.000 0.000
-1.500 1.500 1.185 0.000 0.000 0.000 0.000 0.000 0.000 0.000 0.000
-1.500 1.500 1.185 0.000 0.000 0.000 0.000 0.000 0.000 0.000 0.000
-1.500 1.500 1.185 0.000 0.000 0.000 0.000 0.000 0.000 0.000 0.000
-1.500 1.500 1.185 0.000 0.000 0.000 0.000 0.000 0.000 0.000 0.000
-1.500 1.500 1.185 0.000 0.000 0.000 0.000 0.000 0.000 0.000 0.000
-1.500 1.500 1.185 0.000 0.000 0.000 0.000 0.000 0.000 0.000 0.000
-1.500 1.500 1.185 0.000 0.000 0.000 0.000 0.000 0.000 0.000 0.000
-1.500 1.500 1.185 0.000 0.000 0.000 0.000 0.000 0.000 0.000 0.000
-1.500 1.500 1.185 0.000 0.000 0.000 0.000 0.000 0.000 0.000 0.000
-1.500 1.500 1.185 0.000 0.000 0.000 0.000 0.000 0.000 0.000 0.000
-1.500 1.500 1.185 0.000 0.000 0.000 0.000 0.000 0.000 0.000 0.000
-1.500 1.500 1.185 0.000 0.000 0.000 0.000 0.000 0.000 0.000 0.000
-1.500 1.500 1.185 0.000 0.000 0.000 0.000 0.000 0.000 0.000 0.000
-1.500 1.500 1.185 0.000 0.000 0.000 0.000 0.000 0.000 0.000 0.000
-1.500 1.500 1.185 0.000 0.000 0.000 0.000 0.000 0.000 0.000 0.000
-1.500 1.500 1.185 0.000 0.000 0.000 0.000 0.000 0.000 0.000 0.000
-1.500 1.500 1.185 0.000 0.000 0.000 0.000 0.000 0.000 0.000 0.000
-1.500 1.500 1.185 0.000 0.000 0.000 0.000 0.000 0.000 0.000 0.000
-1.500 1.500 1.185 0.000 0.000 0.000 0.000 0.000 0.000 0.000 0.000
-1.500 1.500 1.185 0.000 0.000 0.000 0.000 0.000 0.000 0.000 0.000
-1.500 1.500 1.185 0.000 0.000 0.000 0.000 0.000 0.000 0.000 0.000
-1.500 1.500 1.185 0.000 0.000 0.000 0.000 0.000 0.000 0.000 0.000
-1.500 1.500 1.185 0.000 0.000 0.000 0.000 0.000 0.000 0.000 0.000
-1.500 1.500 1.185 0.000 0.000 0.000 0.000 0.000 0.000 0.000 0.000
-1.500 1.500 1.185 0.000 0.000 0.000 0.000 0.000 0.000 0.000 0.000
-1.500 1.500 1.185 0.000 0.000 0.000 0.000 0.000 0.000 0.000 0.000
-1.500 1.500 1.185 0.000 0.000 0.000 0.000 0.000 0.000 0.000 0.000
-1.500 1.500 1.185 0.000 0.000 0.000 0.000 0.000 0.000 0.000 0.000
-1.500 1.500 1.185 0.000 0.000 0.000 0.000 0.000 0.000 0.000 0.000
-1.500 1.500 1.185 0.000 0.000 0.000 0.000 0.000 0.000 0.000 0.000
-1.500 1.500 1.185 0.000 0.000 0.000 0.000 0.000 0.000 0.000 0.000
-1.500 1.500 1.185 0.000 0.000 0.000 0.000 0.000 0.000 0.000 0.000
-1.500 1.500 1.185 0.000 0.000 0.000 0.000 0.000 0.000 0.000 0.000
-1.500 1.500 1.185 0.000 0.000 0.000 0.000 0.000 0.000 0.000 0.000
-1.500 1.500 1.185 0.000 0.000 0.000 0.000 0.000 0.000 0.000 0.000
-1.500 1.500 1.185 0.000 0.000 0.000 0.000 0.000 0.000 0.000 0.000
-1.500 1.500 1.185 0.000 0.000 0.000 0.000 0.000 0.000 0.000 0.000
-1.500 1.500 1.185 0.000 0.000 0.000 0.000 0.000 0.000 0.000 0.000
-1.500 1.500 1.185 0.000 0.000 0.000 0.000 0.000 0.000 0.000 0.000
-1.500 1.500 1.185 0.000 0.000 0.000 0.000 0.000 0.000 0.000 0.000
-1.500 1.500 1.185 0.000 0.000 0.000 0.000 0.000 0.000 0.000 0.000
-1.500 1.500 1.185 0.000 0.000 0.000 0.000 0.000 0.000 0.000 0.000
-1.500 1.500 1.185 0.000 0.000 0.000 0.000 0.000 0.000 0.000 0.000
-1.500 1.500 1.185 0.000 0.000 0.000 0.000 0.000 0.000 0.000 0.000
-1.500 1.500 1.185 0.000 0.000 0.000 0.000 0.000 0.000 0.000 0.000
-1.500 1.500 1.185 0.000 0.000 0.000 0.000 0.000 0.000 0.000 0.000
-1.500 1.500 1.185 0.000 0.000 0.000 0.000 0.000 0.000 0.000 0.000
-1.500 1.500 1.185 0.000 0.000 0.000 0.000 0.000 0.000 0.000 0.000
-1.500 1.500 1.185 0.000 0.000 0.000 0.000 0.000 0.000 0.000 0.000
-1.500 1.500 1.185 0.000 0.000 0.000 0.000 0.000 0.000 0.000 0.000
-1.500 1.500 1.185 0.000 0.000 0.000 0.000 0.000 0.000 0.000 0.000
-1.500 1.500 1.185 0.000 0.000 0.000 0.000 0.000 0.000 0.000 0.000
-1.500 1.500 1.185 0.000 0.000 0.000 0.000 0.000 0.000 0.000 0.000
-1.500 1.500 1.185 0.000 0.000 0.000 0.000 0.000 0.000 0.000 0.000
-1.500 1.500 1.185 0.000 0.000 0.000 0.000 0.000 0.000 0.000 0.000
-1.500 1.500 1.185 0.000 0.000 0.000 0.000 0.000 0.000 0.000 0.000
-1.500 1.500 1.185 0.000 0.000 0.000 0.000 0.000 0.000 0.000 0.000
-1.500 1.500 1.185 0.000 0.000 0.000 0.000 0.000 0.000 0.000 0.000
-1.500 1.500 1.185 0.000 0.000 0.000 0.000 0.000 0.000 0.000 0.000
-1.500 1.500 1.185 0.000 0.000 0.000 0.000 0.000 0.000 0.000 0.000
-1.500 1.500 1.185 0.000 0.000 0.000 0.000 0.000 0.000 0.000 0.000
-1.500 1.500 1.185 0.000 0.000 0.000 0.000 0.000 0.000 0.000 0.000
-1.500 1.500 1.185 0.000 0.000 0.000 0.000 0.000 0.000 0.000 0.000
-1.500 1.500 1.185 0.000 0.000 0.000 0.000 0.000 0.000 0.000 0.000
-1.500 1.500 1.185 0.000 0.000 0.000 0.000 0.000 0.000 0.000 0.000
-1.500 1.500 1.185 0.000 0.000 0.000 0.000 0.000 0.000 0.000 0.000
-1.500 1.500 1.185 0.000 0.000 0.000 0.000 0.000 0.000 0.000 0.000
-1.500 1.500 1.185 0.000 0.000 0.000 0.000 0.000 0.000 0.000 0.000
-1.500 1.500 1.185 0.000 0.000 0.000 0.000 0.000 0.000 0.000 0.000
-1.500 1.500 1.185 0.000 0.000 0.000 0.000 0.000 0.000 0.000 0.000
-1.500 1.500 1.185 0.000 0.000 0.000 0.000 0.000 0.000 0.000 0.000
-1.500 1.500 1.185 0.000 0.000 0.000 0.000 0.000 0.000 0.000 0.000
-1.500 1.500 1.185 0.000 0.000 0.000 0.000 0.000 0.000 0.000 0.000
-1.500 1.500 1.185 0.000 0.000 0.000 0.000 0.000 0.000 0.000 0.000
-1.500 1.500 1.185 0.000 0.000 0.000 0.000 0.000 0.000 0.000 0.000
-1.500 1.500 1.185 0.000 0.000 0.000 0.000 0.000 0.000 0.000 0.000
-1.500 1.500 1.185 0.000 0.000 0.000 0.000 0.000 0.000 0.000 0.000
-1.500 1.500 1.185 0.000 0.000 0.000 0.000 0.000 0.000 0.000 0.000
-1.500 1.500 1.185 0.000 0.000 0.000 0.000 0.000 0.000 0.000 0.000
-1.500 1.500 1.185 0.000 0.000 0.000 0.000 0.000 0.000 0.000 0.000
-1.500 1.500 1.185 0.000 0.000 0.000 0.000 0.000 0.000 0.000 0.000
-1.500 1.500 1.185 0.000 0.000 0.000 0.000 0.000 0.000 0.000 0.000
-1.500 1.500 1.185 0.000 0.000 0.000 0.000 0.000 0.000 0.000 0.000
-1.500 1.500 1.185 0.000 0.000 0.000 0.000 0.000 0.000 0.000 0.000
-1.500 1.500 1.185 0.000 0.000 0.000 0.000 0.000 0.000 0.000 0.000
-1.500 1.500 1.185 0.000 0.000 0.000 0.000 0.000 0.000 0.000 0.000
-1.500 1.500 1.185 0.000 0.000 0.000 0.000 0.000 0.000 0.000 0.000
-1.500 1.500 1.185 0.000 0.000 0.000 0.000 0.000 0.000 0.000 0.000
-1.500 1.500 1.185 0.000 0.000 0.000 0.000 0.000 0.000 0.000 0.000
-1.500 1.500 1.185 0.000 0.000 0.000 0.000 0.000 0.000 0.000 0.000
-1.500 1.500 1.185 0.000 0.000 0.000 0.000 0.000 0.000 0.000 0.000
-1.500 1.500 1.185 0.000 0.000 0.000 0.000 0.000 0.000 0.000 0.000
-1.500 1.500 1.185 0.000 0.000 0.000 0.000 0.000 0.000 0.000 0.000
-1.500 1.500 1.185 0.000 0.000 0.000 0.000 0.000 0.000 0.000 0.000
-1.500 1.500 1.185 0.000 0.000 0.000 0.000 0.000 0.000 0.000 0.000
-1.500 1.500 1.185 0.000 0.000 0.000 0.000 0.000 0.000 0.000 0.000
-1.500 1.500 1.185 0.000 0.000 0.000 0.000 0.000 0.000 0.000 0.000
-1.500 1.500 1.185 0.000 0.000 0.000 0.000 0.000 0.000 0.000 0.000
-1.500 1.500 1.185 0.000 0.000 0.000 0.000 0.000 0.000 0.000 0.000
-1.500 1.500 1.185 0.000 0.000 0.000 0.000 0.000 0.000 0.000 0.000
-1.500 1.500 1.185 0.000 0.000 0.000 0.000 0.000 0.000 0.000 0.000
-1.500 1.500 1.185 0.000 0.000 0.000 0.000 0.000 0.000 0.000 0.000
-1.500 1.500 1.185 0.000 0.000 0.000 0.000 0.000 0.000 0.000 0.000
-1.500 1.500 1.185 0.000 0.000 0.000 0.000 0.000 0.000 0.000 0.000
-1.500 1.500 1.185 0.000 0.000 0.000 0.000 0.000 0.000 0.000 0.000
-1.500 1.500 1.185 0.000 0.000 0.000 0.000 0.000 0.000 0.000 0.000
-1.500 1.500 1.185 0.000 0.000 0.000 0.000 0.000 0.000 0.000 0.000
-1.500 1.500 1.185 0.000 0.000 0.000 0.000 0.000 0.000 0.000 0.000
-1.500 1.500 1.185 0.000 0.000 0.000 0.000 0.000 0.000 0.000 0.000
-1.500 1.500 1.185 0.000 0.000 0.000 0.000 0.000 0.000 0.000 0.000
-1.500 1.500 1.185 0.000 0.000 0.000 0.000 0.000 0.000 0.000 0.000
-1.500 1.500 1.185 0.000 0.000 0.000 0.000 0.000 0.000 0.000 0.000
-1.500 1.500 1.185 0.000 0.000 0.000 0.000 0.000 0.000 0.000 0.000
-1.500 1.500 1.185 0.000 0.000 0.000 0.000 0.000 0.000 0.000 0.000
-1.500 1.500 1.185 0.000 0.000 0.000 0.000 0.000 0.000 0.000 0.000
-1.500 1.500 1.185 0.000 0.000 0.000 0.000 0.000 0.000 0.000 0.000
-1.500 1.500 1.185 0.000 0.000 0.000 0.000 0.000 0.000 0.000 0.000
-1.500 1.500 1.185 0.000 0.000 0.000 0.000 0.000 0.000 0.000 0.000
-1.500 1.500 1.185 0.000 0.000 0.000 0.000 0.000 0.000 0.000 0.000
-1.500 1.500 1.185 0.000 0.000 0.000 0.000 0.000 0.000 0.000 0.000
-1.500 1.500 1.185 0.000 0.000 0.000 0.000 0.000 0.000 0.000 0.000
-1.500 1.500 1.185 0.000 0.000 0.000 0.000 0.000 0.000 0.000 0.000
-1.500 1.500 1.185 0.000 0.000 0.000 0.000 0.000 0.000 0.000 0.000
-1.500 1.500 1.185 0.000 0.000 0.000 0.000 0.000 0.000 0.000 0.000
-1.500 1.500 1.185 0.000 0.000 0.000 0.000 0.000 0.000 0.000 0.000
-1.500 1.500 1.185 0.000 0.000 0.000 0.000 0.000 0.000 0.000 0.000
-1.500 1.500 1.185 0.000 0.000 0.000 0.000 0.000 0.000 0.000 0.000
-1.500 1.500 1.185 0.000 0.000 0.000 0.000 0.000 0.000 0.000 0.000
-1.500 1.500 1.185 0.000 0.000 0.000 0.000 0.000 0.000 0.000 0.000
-1.500 1.500 1.185 0.000 0.000 0.000 0.000 0.000 0.000 0.000 0.000
-1.500 1.500 1.185 0.000 0.000 0.000 0.000 0.000 0.000 0.000 0.000
-1.500 1.500 1.185 0.000 0.000 0.000 0.000 0.000 0.000 0.000 0.000
-1.500 1.500 1.185 0.000 0.000 0.000 0.000 0.000 0.000 0.000 0.000
-1.500 1.500 1.185 0.000 0.000 0.000 0.000 0.000 0.000 0.000 0.000
-1.500 1.500 1.185 0.000 0.000 0.000 0.000 0.000 0.000 0.000 0.000
-1.500 1.500 1.185 0.000 0.000 0.000 0.000 0.000 0.000 0.000 0.000
-1.500 1.500 1.185 0.000 0.000 0.000 0.000 0.000 0.000 0.000 0.000
-1.500 1.500 1.185 0.000 0.000 0.000 0.000 0.000 0.000 0.000 0.000
-1.500 1.500 1.185 0.000 0.000 0.000 0.000 0.000 0.000 0.000 0.000
-1.500 1.500 1.185 0.000 0.000 0.000 0.000 0.000 0.000 0.000 0.000
-1.500 1.500 1.185 0.000 0.000 0.000 0.000 0.000 0.000 0.000 0.000
-1.500 1.500 1.185 0.000 0.000 0.000 0.000 0.000 0.000 0.000 0.000
-1.500 1.500 1.185 0.000 0.000 0.000 0.000 0.000 0.000 0.000 0.000
-1.500 1.500 1.185 0.000 0.000 0.000 0.000 0.000 0.000 0.000 0.000
-1.500 1.500 1.185 0.000 0.000 0.000 0.000 0.000 0.000 0.000 0.000
-1.500 1.500 1.185 0.000 0.000 0.000 0.000 0.000 0.000 0.000 0.000
-1.500 1.500 1.185 0.000 0.000 0.000 0.000 0.000 0.000 0.000 0.000
-1.500 1.500 1.185 0.000 0.000 0.000 0.000 0.000 0.000 0.000 0.000
-1.500 1.500 1.185 0.000 0.000 0.000 0.000 0.000 0.000 0.000 0.000
-1.500 1.500 1.185 0.000 0.000 0.000 0.000 0.000 0.000 0.000 0.000
-1.500 1.500 1.185 0.000 0.000 0.000 0.000 0.000 0.000 0.000 0.000
-1.500 1.500 1.185 0.000 0.000 0.000 0.000 0.000 0.000 0.000 0.000
-1.500 1.500 1.185 0.000 0.000 0.000 0.000 0.000 0.000 0.000 0.000
-1.500 1.500 1.185 0.000 0.000 0.000 0.000 0.000 0.000 0.000 0.000
-1.500 1.500 1.185 0.000 0.000 0.000 0.000 0.000 0.000 0.000 0.000
-1.500 1.500 1.185 0.000 0.000 0.000 0.000 0.000 0.000 0.000 0.000
-1.500 1.500 1.185 0.000 0.000 0.000 0.000 0.000 0.000 0.000 0.000
-1.500 1.500 1.185 0.000 0.000 0.000 0.000 0.000 0.000 0.000 0.000
-1.500 1.500 1.185 0.000 0.000 0.000 0.000 0.000 0.000 0.000 0.000
-1.500 1.500 1.185 0.000 0.000 0.000 0.000 0.000 0.000 0.000 0.000
-1.500 1.500 1.185 0.000 0.000 0.000 0.000 0.000 0.000 0.000 0.000
-1.500 1.500 1.185 0.000 0.000 0.000 0.000 0.000 0.000 0.000 0.000
-1.500 1.500 1.185 0.000 0.000 0.000 0.000 0.000 0.000 0.000 0.000
-1.500 1.500 1.185 0.000 0.000 0.000 0.000 0.000 0.000 0.000 0.000
-1.500 1.500 1.185 0.000 0.000 0.000 0.000 0.000 0.000 0.000 0.000
-1.500 1.500 1.185 0.000 0.000 0.000 0.000 0.000 0.000 0.000 0.000
-1.500 1.500 1.185 0.000 0.000 0.000 0.000 0.000 0.000 0.000 0.000
-1.500 1.500 1.185 0.000 0.000 0.000 0.000 0.000 0.000 0.000 0.000
-1.500 1.500 1.185 0.000 0.000 0.000 0.000 0.000 0.000 0.000 0.000
-1.500 1.500 1.185 0.000 0.000 0.000 0.000 0.000 0.000 0.000 0.000
-1.500 1.500 1.185 0.000 0.000 0.000 0.000 0.000 0.000 0.000 0.000
-1.500 1.500 1.185 0.000 0.000 0.000 0.000 0.000 0.000 0.000 0.000
-1.500 1.500 1.185 0.000 0.000 0.000 0.000 0.000 0.000 0.000 0.000
-1.500 1.500 1.185 0.000 0.000 0.000 0.000 0.000 0.000 0.000 0.000
-1.500 1.500 1.185 0.000 0.000 0.000 0.000 0.000 0.000 0.000 0.000
-1.500 1.500 1.185 0.000 0.000 0.000 0.000 0.000 0.000 0.000 0.000
-1.500 1.500 1.185 0.000 0.000 0.000 0.000 0.000 0.000 0.000 0.000
-1.500 1.500 1.185 0.000 0.000 0.000 0.000 0.000 0.000 0.000 0.000
-1.500 1.500 1.185 0.000 0.000 0.000 0.000 0.000 0.000 0.000 0.000
-1.500 1.500 1.185 0.000 0.000 0.000 0.000 0.000 0.000 0.000 0.000
-1.500 1.500 1.185 0.000 0.000 0.000 0.000 0.000 0.000 0.000 0.000
-1.500 1.500 1.185 0.000 0.000 0.000 0.000 0.000 0.000 0.000 0.000
-1.500 1.500 1.185 0.000 0.000 0.000 0.000 0.000 0.000 0.000 0.000
-1.500 1.500 1.185 0.000 0.000 0.000 0.000 0.000 0.000 0.000 0.000
-1.500 1.500 1.185 0.000 0.000 0.000 0.000 0.000 0.000 0.000 0.000
-1.500 1.500 1.185 0.000 0.000 0.000 0.000 0.000 0.000 0.000 0.000
-1.500 1.500 1.185 0.000 0.000 0.000 0.000 0.000 0.000 0.000 0.000
-1.500 1.500 1.185 0.000 0.000 0.000 0.000 0.000 0.000 0.000 0.000
-1.500 1.500 1.185 0.000 0.000 0.000 0.000 0.000 0.000 0.000 0.000
-1.500 1.500 1.185 0.000 0.000 0.000 0.000 0.000 0.000 0.000 0.000
-1.500 1.500 1.185 0.000 0.000 0.000 0.000 0.000 0.000 0.000 0.000
-1.500 1.500 1.185 0.000 0.000 0.000 0.000 0.000 0.000 0.000 0.000
-1.500 1.500 1.185 0.000 0.000 0.000 0.000 0.000 0.000 0.000 0.000
-1.500 1.500 1.185 0.000 0.000 0.000 0.000 0.000 0.000 0.000 0.000
-1.500 1.500 1.185 0.000 0.000 0.000 0.000 0.000 0.000 0.000 0.000
-1.500 1.500 1.185 0.000 0.000 0.000 0.000 0.000 0.000 0.000 0.000
-1.500 1.500 1.185 0.000 0.000 0.000 0.000 0.000 0.000 0.000 0.000
-1.500 1.500 1.185 0.000 0.000 0.000 0.000 0.000 0.000 0.000 0.000
-1.500 1.500 1.185 0.000 -0.000 -0.000 0.006 -0.003 0.000 0.000 0.000
-1.500 1.500 1.185 0.001 -0.000 -0.000 0.021 -0.012 0.000 0.000 0.000
-1.500 1.500 1.185 0.002 -0.001 -0.000 0.045 -0.025 0.000 0.000 0.000
-1.500 1.500 1.185 0.005 -0.003 -0.000 0.075 -0.044 0.000 0.000 0.000
-1.499 1.500 1.185 0.010 -0.006 -0.000 0.110 -0.067 0.000 0.000 0.000
-1.499 1.499 1.185 0.016 -0.010 -0.000 0.148 -0.094 0.000 0.000 0.000
-1.498 1.499 1.185 0.025 -0.015 -0.000 0.187 -0.123 0.000 0.000 0.000
-1.496 1.498 1.185 0.035 -0.022 -0.000 0.227 -0.156 0.000 0.000 0.000
-1.494 1.496 1.185 0.048 -0.031 -0.000 0.267 -0.190 0.000 0.000 0.000
-1.491 1.495 1.185 0.062 -0.041 -0.000 0.306 -0.226 0.000 0.000 0.000
-1.488 1.492 1.185 0.078 -0.053 -0.000 0.342 -0.263 0.000 0.000 0.000
-1.484 1.489 1.185 0.096 -0.068 -0.000 0.375 -0.301 0.000 0.000 0.000
-1.478 1.485 1.185 0.116 -0.084 -0.000 0.405 -0.338 0.000 0.000 0.000
-1.472 1.481 1.185 0.136 -0.101 -0.000 0.431 -0.374 0.000 0.000 0.000
-1.465 1.475 1.185 0.159 -0.121 -0.000 0.453 -0.409 0.000 0.000 0.000
-1.456 1.469 1.185 0.182 -0.142 -0.000 0.471 -0.442 0.000 0.000 0.000
-1.446 1.461 1.185 0.206 -0.165 0.000 0.484 -0.473 0.000 0.000 0.000
-1.436 1.452 1.185 0.230 -0.189 0.000 0.493 -0.501 0.000 0.000 0.000
-1.423 1.442 1.185 0.255 -0.215 0.000 0.497 -0.525 0.000 0.000 0.000
-1.410 1.431 1.185 0.280 -0.242 0.000 0.496 -0.546 0.000 0.000 0.000
-1.395 1.418 1.185 0.304 -0.270 0.000 0.491 -0.563 0.000 0.000 0.000
-1.380 1.404 1.185 0.329 -0.298 0.000 0.482 -0.575 0.000 0.000 0.000
-1.363 1.388 1.185 0.353 -0.327 0.000 0.469 -0.583 0.000 0.000 0.000
-1.344 1.371 1.185 0.376 -0.356 0.000 0.453 -0.585 0.000 0.000 0.000
-1.325 1.352 1.185 0.398 -0.385 0.000 0.433 -0.582 0.000 0.000 0.000
-1.305 1.332 1.185 0.419 -0.414 0.000 0.410 -0.574 0.000 0.000 0.000
-1.283 1.311 1.185 0.439 -0.443 0.000 0.385 -0.560 0.000 0.000 0.000
-1.261 1.288 1.185 0.457 -0.470 0.000 0.358 -0.541 0.000 0.000 0.000
-1.237 1.264 1.185 0.474 -0.497 0.000 0.329 -0.516 0.000 0.000 0.000
-1.213 1.239 1.185 0.490 -0.522 0.000 0.298 -0.486 0.000 0.000 0.000
-1.189 1.212 1.185 0.504 -0.545 0.000 0.268 -0.450 0.000 0.000 0.000
-1.163 1.184 1.185 0.517 -0.567 0.000 0.236 -0.410 -0.000 0.000 0.000
-1.137 1.155 1.185 0.528 -0.586 0.000 0.205 -0.364 -0.000 0.000 0.000
-1.110 1.125 1.185 0.537 -0.603 0.000 0.175 -0.315 -0.000 0.000 0.000
-1.083 1.095 1.185 0.545 -0.618 0.000 0.145 -0.262 -0.000 0.000 0.000
-1.056 1.064 1.185 0.552 -0.629 0.000 0.117 -0.205 -0.000 0.000 0.000
-1.028 1.032 1.185 0.557 -0.638 0.000 0.090 -0.146 -0.000 0.000 0.000
-1.000 1.000 1.185 0.561 -0.644 0.000 0.066 -0.086 0.000 0.000 0.000
-0.972 0.968 1.185 0.564 -0.647 0.000 0.043 -0.025 0.000 0.000 0.000
-0.944 0.935 1.185 0.565 -0.646 0.000 0.023 0.036 0.000 0.000 0.000
-0.915 0.903 1.185 0.566 -0.643 0.000 0.005 0.096 0.000 0.000 0.000
-0.887 0.871 1.185 0.566 -0.637 0.000 -0.010 0.153 0.000 0.000 0.000
-0.859 0.840 1.185 0.565 -0.628 0.000 -0.023 0.207 0.000 0.000 0.000
-0.831 0.808 1.185 0.564 -0.616 0.000 -0.033 0.255 0.000 0.000 0.000
-0.802 0.778 1.185 0.562 -0.602 0.000 -0.041 0.298 0.000 0.000 0.000
-0.774 0.748 1.185 0.560 -0.586 0.000 -0.046 0.334 0.000 0.000 0.000
-0.746 0.719 1.185 0.557 -0.569 0.000 -0.049 0.361 0.000 0.000 0.000
-0.719 0.691 1.185 0.555 -0.550 0.000 -0.050 0.380 0.000 0.000 0.000
-0.691 0.664 1.185 0.552 -0.531 0.000 -0.048 0.389 0.000 0.000 0.000
-0.663 0.638 1.185 0.550 -0.512 0.000 -0.045 0.387 0.000 0.000 0.000
-0.636 0.613 1.185 0.548 -0.493 0.000 -0.041 0.375 0.000 0.000 0.000
-0.609 0.589 1.185 0.546 -0.474 0.000 -0.034 0.351 0.000 0.000 0.000
-0.581 0.566 1.185 0.544 -0.458 0.000 -0.027 0.316 0.000 0.000 0.000
-0.554 0.543 1.185 0.543 -0.443 0.000 -0.019 0.271 0.000 0.000 0.000
-0.527 0.521 1.185 0.542 -0.431 0.000 -0.011 0.215 0.000 0.000 0.000
-0.500 0.500 1.185 0.542 -0.422 0.000 -0.002 0.149 0.000 0.000 0.000
-0.473 0.479 1.185 0.542 -0.416 0.000 0.007 0.075 0.000 0.000 0.000
-0.446 0.458 1.185 0.543 -0.414 0.000 0.016 -0.005 0.000 0.000 0.000
-0.419 0.438 1.185 0.544 -0.417 0.000 0.024 -0.090 0.000 0.000 0.000
-0.391 0.417 1.185 0.545 -0.423 0.000 0.032 -0.179 0.000 0.000 0.000
-0.364 0.395 1.185 0.547 -0.434 0.000 0.038 -0.268 0.000 0.000 0.000
-0.337 0.373 1.185 0.549 -0.450 0.000 0.044 -0.354 0.000 0.000 0.000
-0.309 0.350 1.185 0.551 -0.470 0.000 0.047 -0.437 0.000 0.000 0.000
-0.282 0.326 1.185 0.554 -0.494 0.000 0.050 -0.512 0.000 0.000 0.000
-0.254 0.301 1.185 0.556 -0.521 0.000 0.050 -0.578 0.000 0.000 0.000
-0.226 0.274 1.185 0.559 -0.551 0.000 0.048 -0.632 0.000 0.000 0.000
-0.198 0.246 1.185 0.561 -0.584 0.000 0.045 -0.672 0.000 0.000 0.000
-0.170 0.215 1.185 0.563 -0.618 0.000 0.039 -0.696 0.000 0.000 0.000
-0.142 0.184 1.185 0.565 -0.653 0.000 0.031 -0.701 0.000 0.000 0.000
-0.113 0.150 1.185 0.566 -0.688 0.000 0.021 -0.688 0.000 0.000 0.000
-0.085 0.115 1.185 0.567 -0.722 0.000 0.009 -0.653 0.000 0.000 0.000
-0.057 0.078 1.185 0.567 -0.753 0.000 -0.005 -0.597 0.000 0.000 0.000
-0.028 0.040 1.185 0.566 -0.781 0.000 -0.020 -0.520 0.000 0.000 0.000
-0.000 -0.000 1.185 0.565 -0.805 0.000 -0.037 -0.422 0.000 0.000 0.000
0.028 -0.041 1.185 0.563 -0.823 0.000 -0.056 -0.304 0.000 0.000 0.000
0.056 -0.082 1.185 0.559 -0.835 0.000 -0.074 -0.167 0.000 0.000 0.000
0.084 -0.124 1.185 0.555 -0.839 0.000 -0.094 -0.013 0.000 0.000 0.000
0.112 -0.166 1.185 0.550 -0.836 0.000 -0.113 0.153 0.000 0.000 0.000
0.139 -0.207 1.185 0.544 -0.824 0.000 -0.131 0.331 0.000 0.000 0.000
0.166 -0.248 1.185 0.537 -0.803 0.000 -0.148 0.515 0.000 0.000 0.000
0.193 -0.288 1.185 0.529 -0.772 0.000 -0.163 0.703 0.000 0.000 0.000
0.219 -0.325 1.185 0.521 -0.732 0.000 -0.176 0.891 0.000 0.000 0.000
0.245 -0.361 1.185 0.512 -0.683 0.000 -0.186 1.073 0.000 0.000 0.000
0.270 -0.393 1.185 0.502 -0.625 0.000 -0.193 1.248 0.000 0.000 0.000
0.295 -0.423 1.185 0.493 -0.559 0.000 -0.195 1.410 0.000 0.000 0.000
0.319 -0.449 1.185 0.483 -0.484 0.000 -0.194 1.555 0.000 0.000 0.000
0.343 -0.471 1.185 0.473 -0.403 0.000 -0.188 1.681 0.000 0.000 0.000
0.367 -0.489 1.185 0.464 -0.317 0.000 -0.177 1.783 0.000 0.000 0.000
0.390 -0.503 1.185 0.456 -0.226 0.000 -0.161 1.859 0.000 0.000 0.000
0.412 -0.512 1.185 0.448 -0.131 0.000 -0.139 1.907 0.000 0.000 0.000
0.435 -0.516 1.185 0.442 -0.035 0.000 -0.112 1.924 0.000 0.000 0.000
0.457 -0.515 1.185 0.437 0.061 0.000 -0.081 1.909 0.000 0.000 0.000
0.478 -0.510 1.185 0.434 0.155 0.000 -0.044 1.861 0.000 0.000 0.000
0.500 -0.500 1.185 0.433 0.246 0.000 -0.003 1.781 0.000 0.000 0.000
0.522 -0.486 1.185 0.434 0.333 0.000 0.042 1.670 0.000 0.000 0.000
0.543 -0.467 1.185 0.437 0.413 0.000 0.091 1.530 0.000 0.000 0.000
0.565 -0.444 1.185 0.443 0.485 0.000 0.142 1.363 0.000 0.000 0.000
0.588 -0.418 1.185 0.451 0.549 0.000 0.194 1.172 0.000 0.000 0.000
0.611 -0.390 1.185 0.462 0.602 0.000 0.246 0.962 -0.000 0.000 0.000
0.634 -0.358 1.185 0.476 0.645 0.000 0.298 0.738 -0.000 0.000 0.000
0.658 -0.325 1.185 0.492 0.676 0.000 0.348 0.503 -0.000 0.000 0.000
0.683 -0.291 1.185 0.510 0.695 0.000 0.395 0.264 -0.000 0.000 0.000
0.709 -0.256 1.185 0.531 0.702 0.000 0.438 0.025 -0.000 0.000 0.000
0.736 -0.221 1.185 0.554 0.697 0.000 0.475 -0.208 -0.000 0.000 0.000
0.765 -0.187 1.185 0.579 0.681 0.000 0.506 -0.431 -0.000 0.000 0.000
0.794 -0.153 1.185 0.605 0.655 0.000 0.529 -0.638 -0.000 0.000 0.000
0.825 -0.121 1.185 0.632 0.618 0.000 0.545 -0.825 -0.000 0.000 0.000
0.857 -0.092 1.185 0.659 0.572 0.000 0.551 -0.988 -0.000 0.000 0.000
0.891 -0.064 1.185 0.686 0.520 0.000 0.548 -1.124 -0.000 0.000 0.000
0.926 -0.040 1.185 0.714 0.461 0.000 0.534 -1.229 -0.000 0.000 0.000
0.962 -0.018 1.185 0.740 0.397 0.000 0.511 -1.302 -0.000 0.000 0.000
1.000 0.000 1.185 0.764 0.331 0.000 0.477 -1.342 -0.000 0.000 0.000
1.039 0.015 1.185 0.787 0.263 0.000 0.433 -1.349 -0.000 0.000 0.000
1.079 0.026 1.185 0.808 0.197 0.000 0.381 -1.323 -0.000 0.000 0.000
1.120 0.035 1.185 0.825 0.132 0.000 0.320 -1.268 -0.000 0.000 0.000
1.161 0.040 1.185 0.839 0.070 0.000 0.251 -1.185 -0.000 0.000 0.000
1.203 0.042 1.185 0.850 0.013 0.000 0.176 -1.079 -0.000 0.000 0.000
1.246 0.041 1.185 0.857 -0.037 -0.000 0.097 -0.954 -0.000 0.000 0.000
1.289 0.038 1.185 0.860 -0.082 -0.000 0.014 -0.815 -0.000 0.000 0.000
1.332 0.033 1.185 0.858 -0.119 -0.000 -0.071 -0.665 -0.000 0.000 0.000
1.375 0.026 1.185 0.853 -0.148 -0.000 -0.156 -0.511 -0.000 0.000 0.000
1.417 0.018 1.185 0.843 -0.170 -0.000 -0.240 -0.356 -0.000 0.000 0.000
1.459 0.009 1.185 0.829 -0.184 -0.000 -0.322 -0.206 -0.000 0.000 0.000
1.500 -0.000 1.185 0.811 -0.191 -0.000 -0.400 -0.063 -0.000 0.000 0.000
1.540 -0.010 1.185 0.789 -0.190 -0.000 -0.473 0.068 0.000 0.000 0.000
1.579 -0.019 1.185 0.763 -0.184 -0.000 -0.540 0.185 0.000 0.000 0.000
1.616 -0.028 1.185 0.735 -0.172 -0.000 -0.601 0.286 0.000 0.000 0.000
1.652 -0.036 1.185 0.703 -0.156 -0.000 -0.654 0.369 0.000 0.000 0.000
1.687 -0.043 1.185 0.670 -0.136 -0.000 -0.700 0.434 0.000 0.000 0.000
1.719 -0.050 1.185 0.634 -0.113 -0.000 -0.737 0.480 0.000 0.000 0.000
1.750 -0.055 1.185 0.596 -0.088 -0.000 -0.767 0.508 0.000 0.000 0.000
1.779 -0.058 1.185 0.557 -0.062 -0.000 -0.787 0.519 0.000 0.000 0.000
1.806 -0.061 1.185 0.517 -0.036 0.000 -0.800 0.513 0.000 0.000 0.000
1.830 -0.062 1.185 0.477 -0.011 0.000 -0.804 0.492 0.000 0.000 0.000
1.853 -0.062 1.185 0.437 0.013 0.000 -0.800 0.457 0.000 0.000 0.000
1.874 -0.061 1.185 0.397 0.034 0.000 -0.789 0.412 0.000 0.000 0.000
1.893 -0.059 1.185 0.358 0.054 0.000 -0.771 0.357 0.000 0.000 0.000
1.910 -0.055 1.185 0.320 0.070 0.000 -0.746 0.295 0.000 0.000 0.000
1.925 -0.052 1.185 0.284 0.083 0.000 -0.715 0.229 0.000 0.000 0.000
1.938 -0.047 1.185 0.249 0.093 0.000 -0.679 0.160 0.000 0.000 0.000
1.950 -0.042 1.185 0.216 0.099 0.000 -0.639 0.092 0.000 0.000 0.000
1.960 -0.037 1.185 0.185 0.102 0.000 -0.594 0.026 -0.000 0.000 0.000
1.969 -0.032 1.185 0.157 0.102 0.000 -0.547 -0.036 -0.000 0.000 0.000
1.976 -0.027 1.185 0.131 0.099 0.000 -0.497 -0.092 -0.000 0.000 0.000
1.982 -0.022 1.185 0.107 0.093 0.000 -0.446 -0.139 -0.000 0.000 0.000
1.987 -0.018 1.185 0.086 0.085 0.000 -0.394 -0.177 -0.000 0.000 0.000
1.990 -0.014 1.185 0.068 0.075 0.000 -0.342 -0.204 -0.000 0.000 0.000
1.993 -0.010 1.185 0.052 0.065 0.000 -0.292 -0.220 -0.000 0.000 0.000
1.996 -0.007 1.185 0.038 0.053 0.000 -0.243 -0.225 -0.000 0.000 0.000
1.997 -0.005 1.185 0.027 0.042 0.000 -0.197 -0.218 -0.000 0.000 0.000
1.998 -0.003 1.185 0.019 0.032 0.000 -0.154 -0.201 -0.000 0.000 0.000
1.999 -0.002 1.185 0.012 0.022 0.000 -0.116 -0.176 -0.000 0.000 0.000
2.000 -0.001 1.185 0.007 0.014 0.000 -0.082 -0.143 -0.000 0.000 0.000
2.000 -0.000 1.185 0.004 0.008 0.000 -0.053 -0.106 -0.000 0.000 0.000
2.000 -0.000 1.185 0.002 0.004 0.000 -0.030 -0.068 -0.000 0.000 0.000
2.000 -0.000 1.185 0.000 0.001 0.000 -0.014 -0.035 -0.000 0.000 0.000
2.000 -0.000 1.185 0.000 0.000 0.000 -0.003 -0.010 -0.000 0.000 0.000
2.000 0.000 1.185 0.000 -0.000 0.000 0.000 -0.000 -0.000 0.000 0.000
2.000 0.000 1.185 0.000 0.000 0.000 0.000 0.000 0.000 0.000 0.000
2.000 0.000 1.185 0.000 0.000 0.000 0.000 0.000 0.000 0.000 0.000
2.000 0.000 1.185 0.000 0.000 0.000 0.000 0.000 0.000 0.000 0.000
2.000 0.000 1.185 0.000 0.000 0.000 0.000 0.000 0.000 0.000 0.000
2.000 0.000 1.185 0.000 0.000 0.000 0.000 0.000 0.000 0.000 0.000
2.000 0.000 1.185 0.000 0.000 0.000 0.000 0.000 0.000 0.000 0.000
2.000 0.000 1.185 0.000 0.000 0.000 0.000 0.000 0.000 0.000 0.000
2.000 0.000 1.185 0.000 0.000 0.000 0.000 0.000 0.000 0.000 0.000
2.000 0.000 1.185 0.000 0.000 0.000 0.000 0.000 0.000 0.000 0.000
2.000 0.000 1.185 0.000 0.000 0.000 0.000 0.000 0.000 0.000 0.000
2.000 0.000 1.185 0.000 0.000 0.000 0.000 0.000 0.000 0.000 0.000
2.000 0.000 1.185 0.000 0.000 0.000 0.000 0.000 0.000 0.000 0.000
2.000 0.000 1.185 0.000 0.000 0.000 0.000 0.000 0.000 0.000 0.000
2.000 0.000 1.185 0.000 0.000 0.000 0.000 0.000 0.000 0.000 0.000
2.000 0.000 1.185 0.000 0.000 0.000 0.000 0.000 0.000 0.000 0.000
2.000 0.000 1.185 0.000 0.000 0.000 0.000 0.000 0.000 0.000 0.000
2.000 0.000 1.185 0.000 0.000 0.000 0.000 0.000 0.000 0.000 0.000
2.000 0.000 1.185 0.000 0.000 0.000 0.000 0.000 0.000 0.000 0.000
2.000 0.000 1.185 0.000 0.000 0.000 0.000 0.000 0.000 0.000 0.000
2.000 0.000 1.185 0.000 0.000 0.000 0.000 0.000 0.000 0.000 0.000
2.000 0.000 1.185 0.000 0.000 0.000 0.000 0.000 0.000 0.000 0.000
2.000 0.000 1.185 0.000 0.000 0.000 0.000 0.000 0.000 0.000 0.000
2.000 0.000 1.185 0.000 0.000 0.000 0.000 0.000 0.000 0.000 0.000
2.000 0.000 1.185 0.000 0.000 0.000 0.000 0.000 0.000 0.000 0.000
2.000 0.000 1.185 0.000 0.000 0.000 0.000 0.000 0.000 0.000 0.000
2.000 0.000 1.185 0.000 0.000 0.000 0.000 0.000 0.000 0.000 0.000
2.000 0.000 1.185 0.000 0.000 0.000 0.000 0.000 0.000 0.000 0.000
2.000 0.000 1.185 0.000 0.000 0.000 0.000 0.000 0.000 0.000 0.000
2.000 0.000 1.185 0.000 0.000 0.000 0.000 0.000 0.000 0.000 0.000
2.000 0.000 1.185 0.000 0.000 0.000 0.000 0.000 0.000 0.000 0.000
2.000 0.000 1.185 0.000 0.000 0.000 0.000 0.000 0.000 0.000 0.000
2.000 0.000 1.185 0.000 0.000 0.000 0.000 0.000 0.000 0.000 0.000
2.000 0.000 1.185 0.000 0.000 0.000 0.000 0.000 0.000 0.000 0.000
2.000 0.000 1.185 0.000 0.000 0.000 0.000 0.000 0.000 0.000 0.000
2.000 0.000 1.185 0.000 0.000 0.000 0.000 0.000 0.000 0.000 0.000
2.000 0.000 1.185 0.000 0.000 0.000 0.000 0.000 0.000 0.000 0.000
2.000 0.000 1.185 0.000 0.000 0.000 0.000 0.000 0.000 0.000 0.000
2.000 0.000 1.185 0.000 0.000 0.000 0.000 0.000 0.000 0.000 0.000
2.000 0.000 1.185 0.000 0.000 0.000 0.000 0.000 0.000 0.000 0.000
2.000 0.000 1.185 0.000 0.000 0.000 0.000 0.000 0.000 0.000 0.000
2.000 0.000 1.185 0.000 0.000 0.000 0.000 0.000 0.000 0.000 0.000
2.000 0.000 1.185 0.000 0.000 0.000 0.000 0.000 0.000 0.000 0.000
2.000 0.000 1.185 0.000 0.000 0.000 0.000 0.000 0.000 0.000 0.000
2.000 0.000 1.185 0.000 0.000 0.000 0.000 0.000 0.000 0.000 0.000
2.000 0.000 1.185 0.000 0.000 0.000 0.000 0.000 0.000 0.000 0.000
2.000 0.000 1.185 0.000 0.000 0.000 0.000 0.000 0.000 0.000 0.000
2.000 0.000 1.185 0.000 0.000 0.000 0.000 0.000 0.000 0.000 0.000
2.000 0.000 1.185 0.000 0.000 0.000 0.000 0.000 0.000 0.000 0.000
2.000 0.000 1.185 0.000 0.000 0.000 0.000 0.000 0.000 0.000 0.000
2.000 0.000 1.185 0.000 0.000 0.000 0.000 0.000 0.000 0.000 0.000
2.000 0.000 1.185 0.000 0.000 0.000 0.000 0.000 0.000 0.000 0.000
2.000 0.000 1.185 0.000 0.000 0.000 0.000 0.000 0.000 0.000 0.000
2.000 0.000 1.185 0.000 0.000 0.000 0.000 0.000 0.000 0.000 0.000
2.000 0.000 1.185 0.000 0.000 0.000 0.000 0.000 0.000 0.000 0.000
2.000 0.000 1.185 0.000 0.000 0.000 0.000 0.000 0.000 0.000 0.000
2.000 0.000 1.185 0.000 0.000 0.000 0.000 0.000 0.000 0.000 0.000
2.000 0.000 1.185 0.000 0.000 0.000 0.000 0.000 0.000 0.000 0.000
2.000 0.000 1.185 0.000 0.000 0.000 0.000 0.000 0.000 0.000 0.000
2.000 0.000 1.185 0.000 0.000 0.000 0.000 0.000 0.000 0.000 0.000
2.000 0.000 1.185 0.000 0.000 0.000 0.000 0.000 0.000 0.000 0.000
2.000 -0.000 1.185 -0.000 -0.000 0.000 -0.010 -0.011 0.001 0.000 0.000
2.000 -0.000 1.185 -0.001 -0.001 0.000 -0.037 -0.040 0.002 0.000 0.000
2.000 -0.000 1.185 -0.004 -0.004 0.000 -0.078 -0.083 0.004 0.000 0.000
2.000 -0.001 1.185 -0.009 -0.010 0.000 -0.128 -0.136 0.006 0.000 0.000
1.999 -0.001 1.185 -0.017 -0.018 0.001 -0.184 -0.195 0.008 0.000 0.000
1.998 -0.002 1.185 -0.028 -0.029 0.001 -0.243 -0.256 0.010 0.000 0.000
1.996 -0.004 1.185 -0.041 -0.044 0.002 -0.304 -0.319 0.012 0.000 0.000
1.994 -0.007 1.185 -0.058 -0.061 0.002 -0.362 -0.379 0.013 0.000 0.000
1.990 -0.010 1.185 -0.078 -0.082 0.003 -0.418 -0.435 0.013 0.000 0.000
1.986 -0.015 1.186 -0.100 -0.105 0.004 -0.468 -0.485 0.013 0.000 0.000
1.980 -0.021 1.186 -0.124 -0.130 0.004 -0.513 -0.529 0.013 0.000 0.000
1.973 -0.028 1.186 -0.151 -0.157 0.005 -0.551 -0.565 0.011 0.000 0.000
1.965 -0.037 1.186 -0.179 -0.186 0.006 -0.581 -0.592 0.009 0.000 0.000
1.955 -0.047 1.187 -0.209 -0.216 0.006 -0.602 -0.611 0.007 0.000 0.000
1.944 -0.058 1.187 -0.239 -0.247 0.006 -0.616 -0.620 0.004 0.000 0.000
1.931 -0.071 1.187 -0.270 -0.278 0.006 -0.621 -0.621 0.000 0.000 0.000
1.917 -0.086 1.188 -0.301 -0.309 0.006 -0.618 -0.613 -0.004 0.000 0.000
1.901 -0.102 1.188 -0.332 -0.339 0.006 -0.607 -0.597 -0.008 0.000 0.000
1.884 -0.120 1.188 -0.362 -0.369 0.005 -0.589 -0.574 -0.012 0.000 0.000
1.865 -0.139 1.188 -0.391 -0.397 0.005 -0.564 -0.543 -0.016 0.000 0.000
1.845 -0.160 1.189 -0.418 -0.423 0.004 -0.533 -0.507 -0.020 0.000 0.000
1.823 -0.181 1.189 -0.444 -0.447 0.003 -0.496 -0.466 -0.024 0.000 0.000
1.801 -0.204 1.189 -0.468 -0.470 0.001 -0.456 -0.421 -0.027 0.000 0.000
1.777 -0.228 1.189 -0.489 -0.489 0.000 -0.411 -0.374 -0.030 0.000 0.000
1.752 -0.253 1.189 -0.509 -0.507 -0.001 -0.365 -0.325 -0.032 0.000 0.000
1.726 -0.279 1.189 -0.526 -0.522 -0.003 -0.316 -0.275 -0.033 0.000 0.000
1.699 -0.305 1.189 -0.541 -0.534 -0.005 -0.268 -0.226 -0.034 0.000 0.000
1.672 -0.332 1.188 -0.553 -0.544 -0.007 -0.219 -0.178 -0.034 0.000 0.000
1.644 -0.360 1.188 -0.563 -0.552 -0.008 -0.172 -0.133 -0.032 0.000 0.000
1.615 -0.388 1.187 -0.570 -0.558 -0.010 -0.128 -0.091 -0.030 0.000 0.000
1.587 -0.416 1.187 -0.575 -0.561 -0.011 -0.086 -0.054 -0.027 0.000 0.000
1.558 -0.444 1.186 -0.579 -0.563 -0.012 -0.048 -0.021 -0.023 0.000 0.000
1.529 -0.472 1.186 -0.580 -0.564 -0.013 -0.014 0.006 -0.017 0.000 0.000
1.500 -0.500 1.185 -0.580 -0.563 -0.014 0.015 0.027 -0.011 0.000 0.000
1.471 -0.528 1.184 -0.579 -0.561 -0.015 0.039 0.042 -0.004 0.000 0.000
1.442 -0.556 1.184 -0.576 -0.559 -0.015 0.058 0.051 0.003 0.000 0.000
1.413 -0.584 1.183 -0.573 -0.556 -0.014 0.071 0.055 0.011 0.000 0.000
1.385 -0.612 1.182 -0.569 -0.553 -0.013 0.080 0.053 0.020 0.000 0.000
1.356 -0.639 1.181 -0.565 -0.551 -0.012 0.084 0.047 0.028 0.000 0.000
1.328 -0.667 1.181 -0.561 -0.549 -0.011 0.084 0.037 0.037 0.000 0.000
1.300 -0.694 1.180 -0.557 -0.547 -0.009 0.080 0.024 0.044 0.000 0.000
1.273 -0.721 1.180 -0.553 -0.546 -0.006 0.072 0.008 0.052 0.000 0.000
1.245 -0.749 1.180 -0.550 -0.546 -0.003 0.062 -0.009 0.058 0.000 0.000
1.218 -0.776 1.180 -0.547 -0.547 -0.000 0.050 -0.026 0.064 0.000 0.000
1.190 -0.804 1.180 -0.545 -0.549 0.003 0.037 -0.043 0.068 0.000 0.000
1.163 -0.831 1.180 -0.543 -0.551 0.006 0.022 -0.058 0.070 0.000 0.000
1.136 -0.859 1.180 -0.542 -0.555 0.010 0.008 -0.072 0.071 0.000 0.000
1.109 -0.887 1.181 -0.542 -0.559 0.013 -0.006 -0.082 0.070 0.000 0.000
1.082 -0.915 1.182 -0.543 -0.563 0.017 -0.019 -0.089 0.067 0.000 0.000
1.055 -0.943 1.183 -0.544 -0.567 0.020 -0.030 -0.092 0.062 0.000 0.000
1.027 -0.971 1.184 -0.546 -0.572 0.023 -0.039 -0.090 0.054 0.000 0.000
1.000 -1.000 1.185 -0.548 -0.576 0.026 -0.046 -0.083 0.045 0.000 0.000
0.973 -1.029 1.186 -0.551 -0.580 0.027 -0.050 -0.072 0.033 0.000 0.000
0.945 -1.058 1.188 -0.553 -0.583 0.029 -0.051 -0.056 0.020 0.000 0.000
0.917 -1.087 1.189 -0.556 -0.586 0.029 -0.050 -0.036 0.004 0.000 0.000
0.889 -1.117 1.191 -0.558 -0.587 0.029 -0.046 -0.012 -0.013 0.000 0.000
0.861 -1.146 1.192 -0.560 -0.587 0.028 -0.039 0.015 -0.032 0.000 0.000
0.833 -1.175 1.193 -0.562 -0.585 0.026 -0.030 0.043 -0.051 0.000 0.000
0.805 -1.204 1.195 -0.563 -0.583 0.023 -0.019 0.073 -0.072 0.000 0.000
0.777 -1.233 1.196 -0.564 -0.578 0.019 -0.007 0.103 -0.093 0.000 0.000
0.749 -1.262 1.197 -0.564 -0.572 0.014 0.007 0.133 -0.115 0.000 0.000
0.721 -1.291 1.197 -0.563 -0.565 0.007 0.021 0.160 -0.136 0.000 0.000
0.693 -1.319 1.197 -0.562 -0.556 -0.000 0.036 0.185 -0.157 0.000 0.000
0.665 -1.346 1.197 -0.560 -0.546 -0.008 0.050 0.206 -0.177 0.000 0.000
0.637 -1.373 1.196 -0.557 -0.536 -0.018 0.064 0.222 -0.196 0.000 0.000
0.609 -1.400 1.195 -0.553 -0.524 -0.028 0.077 0.233 -0.214 0.000 0.000
0.581 -1.426 1.194 -0.549 -0.513 -0.039 0.088 0.237 -0.229 0.000 0.000
0.554 -1.451 1.191 -0.544 -0.501 -0.051 0.097 0.235 -0.244 0.000 0.000
0.527 -1.476 1.188 -0.539 -0.489 -0.063 0.104 0.226 -0.255 0.000 0.000
0.500 -1.500 1.185 -0.534 -0.478 -0.076 0.109 0.210 -0.265 0.000 0.000
0.473 -1.524 1.181 -0.529 -0.468 -0.090 0.111 0.187 -0.272 0.000 0.000
0.447 -1.547 1.176 -0.523 -0.460 -0.104 0.111 0.157 -0.277 0.000 0.000
0.421 -1.570 1.170 -0.518 -0.453 -0.117 0.108 0.121 -0.279 0.000 0.000
0.395 -1.592 1.164 -0.512 -0.448 -0.131 0.103 0.080 -0.279 0.000 0.000
0.370 -1.614 1.157 -0.507 -0.445 -0.145 0.096 0.035 -0.276 0.000 0.000
0.345 -1.637 1.150 -0.503 -0.444 -0.159 0.087 -0.013 -0.271 0.000 0.000
0.320 -1.659 1.141 -0.499 -0.446 -0.172 0.076 -0.064 -0.264 0.000 0.000
0.295 -1.681 1.133 -0.495 -0.451 -0.185 0.064 -0.114 -0.255 0.000 0.000
0.270 -1.704 1.123 -0.492 -0.457 -0.198 0.051 -0.165 -0.245 0.000 0.000
0.246 -1.727 1.113 -0.490 -0.467 -0.210 0.037 -0.213 -0.232 0.000 0.000
0.221 -1.751 1.102 -0.488 -0.479 -0.221 0.023 -0.257 -0.219 0.000 0.000
0.197 -1.775 1.091 -0.488 -0.493 -0.232 0.009 -0.296 -0.204 0.000 0.000
0.172 -1.800 1.079 -0.488 -0.508 -0.242 -0.004 -0.329 -0.189 0.000 0.000
0.148 -1.826 1.066 -0.488 -0.525 -0.251 -0.016 -0.355 -0.173 0.000 0.000
0.124 -1.853 1.054 -0.489 -0.544 -0.259 -0.027 -0.371 -0.156 0.000 0.000
0.099 -1.880 1.041 -0.491 -0.562 -0.266 -0.036 -0.378 -0.140 0.000 0.000
0.074 -1.909 1.027 -0.493 -0.581 -0.273 -0.043 -0.375 -0.124 0.000 0.000
0.050 -1.938 1.013 -0.495 -0.600 -0.279 -0.048 -0.360 -0.108 0.000 0.000
0.025 -1.969 0.999 -0.497 -0.617 -0.284 -0.051 -0.333 -0.093 0.000 0.000
-0.000 -2.000 0.985 -0.500 -0.633 -0.288 -0.052 -0.294 -0.079 0.000 0.000
-0.025 -2.032 0.971 -0.503 -0.646 -0.292 -0.050 -0.244 -0.066 0.000 0.000
-0.050 -2.065 0.956 -0.505 -0.657 -0.295 -0.046 -0.182 -0.053 0.000 0.000
-0.076 -2.098 0.941 -0.507 -0.664 -0.297 -0.039 -0.109 -0.042 0.000 0.000
-0.101 -2.131 0.926 -0.509 -0.668 -0.299 -0.031 -0.027 -0.032 0.000 0.000
-0.126 -2.164 0.911 -0.510 -0.667 -0.300 -0.021 0.064 -0.023 0.000 0.000
-0.152 -2.198 0.896 -0.511 -0.661 -0.301 -0.010 0.162 -0.016 0.000 0.000
-0.178 -2.230 0.881 -0.511 -0.650 -0.302 0.002 0.267 -0.010 0.000 0.000
-0.203 -2.262 0.866 -0.511 -0.634 -0.302 0.014 0.375 -0.005 0.000 0.000
-0.229 -2.294 0.851 -0.510 -0.613 -0.302 0.027 0.486 -0.001 0.000 0.000
-0.254 -2.324 0.836 -0.508 -0.586 -0.302 0.039 0.598 0.002 0.000 0.000
-0.279 -2.352 0.821 -0.506 -0.553 -0.302 0.050 0.709 0.004 0.000 0.000
-0.305 -2.379 0.806 -0.503 -0.515 -0.302 0.060 0.817 0.005 0.000 0.000
-0.330 -2.404 0.790 -0.500 -0.471 -0.302 0.069 0.920 0.005 0.000 0.000
-0.355 -2.426 0.775 -0.496 -0.423 -0.301 0.075 1.017 0.004 0.000 0.000
-0.379 -2.446 0.760 -0.492 -0.370 -0.301 0.079 1.106 0.003 0.000 0.000
-0.404 -2.463 0.745 -0.488 -0.313 -0.301 0.081 1.186 0.002 0.000 0.000
-0.428 -2.477 0.730 -0.484 -0.251 -0.301 0.080 1.255 -0.000 0.000 0.000
-0.452 -2.488 0.715 -0.480 -0.187 -0.301 0.076 1.311 -0.002 0.000 0.000
-0.476 -2.496 0.700 -0.477 -0.121 -0.301 0.069 1.354 -0.004 0.000 0.000
-0.500 -2.500 0.685 -0.474 -0.052 -0.302 0.058 1.384 -0.006 0.000 0.000
-0.524 -2.501 0.670 -0.471 0.018 -0.302 0.046 1.399 -0.007 0.000 0.000
-0.547 -2.498 0.655 -0.469 0.088 -0.302 0.030 1.399 -0.009 0.000 0.000
-0.571 -2.492 0.640 -0.468 0.157 -0.303 0.012 1.385 -0.009 0.000 0.000
-0.594 -2.483 0.625 -0.468 0.226 -0.303 -0.007 1.357 -0.010 0.000 0.000
-0.617 -2.470 0.609 -0.469 0.293 -0.304 -0.028 1.314 -0.009 0.000 0.000
-0.641 -2.453 0.594 -0.471 0.357 -0.304 -0.049 1.259 -0.008 0.000 0.000
-0.664 -2.434 0.579 -0.474 0.418 -0.305 -0.070 1.191 -0.006 0.000 0.000
-0.688 -2.412 0.564 -0.478 0.476 -0.305 -0.091 1.113 -0.003 0.000 0.000
-0.712 -2.386 0.548 -0.483 0.529 -0.305 -0.111 1.024 0.001 0.000 0.000
-0.737 -2.359 0.533 -0.489 0.578 -0.305 -0.128 0.927 0.006 0.000 0.000
-0.761 -2.329 0.518 -0.496 0.622 -0.304 -0.144 0.823 0.012 0.000 0.000
-0.786 -2.297 0.503 -0.503 0.660 -0.303 -0.156 0.713 0.019 0.000 0.000
-0.811 -2.263 0.488 -0.511 0.693 -0.302 -0.164 0.599 0.027 0.000 0.000
-0.837 -2.227 0.473 -0.519 0.720 -0.301 -0.168 0.482 0.036 0.000 0.000
-0.863 -2.191 0.458 -0.528 0.742 -0.299 -0.167 0.364 0.046 0.000 0.000
-0.890 -2.153 0.443 -0.536 0.757 -0.296 -0.161 0.247 0.057 0.000 0.000
-0.917 -2.115 0.428 -0.544 0.766 -0.293 -0.150 0.131 0.068 0.000 0.000
-0.944 -2.077 0.413 -0.551 0.770 -0.289 -0.133 0.018 0.081 0.000 0.000
-0.972 -2.038 0.399 -0.557 0.768 -0.285 -0.110 -0.090 0.094 0.000 0.000
-1.000 -2.000 0.385 -0.562 0.761 -0.280 -0.082 -0.192 0.107 0.000 0.000
-1.028 -1.962 0.371 -0.565 0.749 -0.274 -0.048 -0.288 0.121 0.000 0.000
-1.056 -1.925 0.358 -0.566 0.732 -0.268 -0.009 -0.377 0.136 0.000 0.000
-1.085 -1.889 0.344 -0.566 0.711 -0.261 0.034 -0.457 0.150 0.000 0.000
-1.113 -1.854 0.332 -0.563 0.687 -0.253 0.081 -0.529 0.164 0.000 0.000
-1.141 -1.820 0.319 -0.558 0.659 -0.244 0.130 -0.592 0.178 0.000 0.000
-1.169 -1.788 0.307 -0.550 0.628 -0.235 0.183 -0.645 0.191 0.000 0.000
-1.196 -1.758 0.296 -0.540 0.594 -0.225 0.236 -0.689 0.204 0.000 0.000
-1.223 -1.729 0.285 -0.526 0.559 -0.215 0.290 -0.723 0.215 0.000 0.000
-1.249 -1.702 0.274 -0.511 0.522 -0.203 0.343 -0.748 0.226 0.000 0.000
-1.274 -1.677 0.264 -0.492 0.484 -0.192 0.394 -0.763 0.235 0.000 0.000
-1.298 -1.653 0.255 -0.471 0.446 -0.180 0.442 -0.770 0.243 0.000 0.000
-1.321 -1.632 0.246 -0.448 0.408 -0.168 0.487 -0.768 0.248 0.000 0.000
-1.343 -1.613 0.238 -0.423 0.369 -0.155 0.527 -0.758 0.252 0.000 0.000
-1.363 -1.595 0.231 -0.395 0.332 -0.143 0.561 -0.741 0.254 0.000 0.000
-1.382 -1.579 0.224 -0.367 0.295 -0.130 0.589 -0.716 0.254 0.000 0.000
-1.400 -1.566 0.218 -0.337 0.260 -0.117 0.609 -0.686 0.252 0.000 0.000
-1.416 -1.553 0.212 -0.306 0.227 -0.105 0.622 -0.650 0.247 0.000 0.000
-1.430 -1.543 0.207 -0.275 0.195 -0.093 0.627 -0.609 0.240 0.000 0.000
-1.443 -1.534 0.203 -0.243 0.166 -0.081 0.623 -0.564 0.231 0.000 0.000
-1.455 -1.526 0.199 -0.212 0.139 -0.069 0.610 -0.516 0.220 0.000 0.000
-1.464 -1.520 0.196 -0.182 0.115 -0.059 0.589 -0.466 0.206 0.000 0.000
-1.473 -1.515 0.193 -0.154 0.093 -0.049 0.559 -0.415 0.191 0.000 0.000
-1.480 -1.511 0.191 -0.127 0.073 -0.040 0.521 -0.363 0.174 0.000 0.000
-1.486 -1.507 0.189 -0.102 0.056 -0.032 0.476 -0.311 0.155 0.000 0.000
-1.490 -1.505 0.188 -0.079 0.042 -0.024 0.425 -0.261 0.136 0.000 0.000
-1.493 -1.503 0.187 -0.059 0.030 -0.018 0.369 -0.213 0.116 0.000 0.000
-1.496 -1.502 0.186 -0.042 0.021 -0.013 0.309 -0.168 0.095 0.000 0.000
-1.498 -1.501 0.186 -0.028 0.013 -0.008 0.248 -0.127 0.075 0.000 0.000
-1.499 -1.500 0.185 -0.017 0.008 -0.005 0.188 -0.091 0.056 0.000 0.000
-1.500 -1.500 0.185 -0.009 0.004 -0.003 0.130 -0.059 0.038 0.000 0.000
-1.500 -1.500 0.185 -0.004 0.002 -0.001 0.080 -0.034 0.023 0.000 0.000
-1.500 -1.500 0.185 -0.001 0.001 -0.000 0.038 -0.015 0.011 0.000 0.000
-1.500 -1.500 0.185 -0.000 0.000 -0.000 0.010 -0.004 0.003 0.000 0.000
-1.500 -1.500 0.185 -0.000 -0.000 -0.000 0.000 -0.000 -0.000 0.000 0.000
-1.500 -1.500 0.185 -0.000 -0.000 -0.000 -0.000 -0.000 -0.000 0.000 0.000
-1.500 -1.500 0.185 -0.000 -0.000 -0.000 -0.000 -0.000 -0.001 0.000 0.000
-1.500 -1.500 0.185 -0.000 -0.000 -0.000 -0.000 -0.000 -0.002 0.000 0.000
-1.500 -1.500 0.185 -0.000 -0.000 -0.000 -0.000 -0.000 -0.003 0.000 0.000
-1.500 -1.500 0.185 -0.000 -0.000 -0.000 -0.000 -0.000 -0.004 0.000 0.000
-1.500 -1.500 0.185 -0.000 -0.000 -0.001 -0.000 -0.000 -0.006 0.000 0.000
-1.500 -1.500 0.185 -0.000 -0.000 -0.001 -0.000 -0.000 -0.008 0.000 0.000
-1.500 -1.500 0.185 -0.000 -0.000 -0.001 -0.000 -0.000 -0.011 0.000 0.000
-1.500 -1.500 0.185 -0.000 -0.000 -0.002 -0.000 -0.000 -0.013 0.000 0.000
-1.500 -1.500 0.185 -0.000 -0.000 -0.003 -0.000 -0.000 -0.016 0.000 0.000
-1.500 -1.500 0.184 -0.000 -0.000 -0.004 -0.000 -0.000 -0.018 0.000 0.000
-1.500 -1.500 0.184 -0.000 -0.000 -0.005 -0.000 -0.000 -0.021 0.000 0.000
-1.500 -1.500 0.184 -0.000 -0.000 -0.006 -0.000 -0.000 -0.024 0.000 0.000
-1.500 -1.500 0.184 -0.000 -0.000 -0.007 -0.000 -0.000 -0.027 0.000 0.000
-1.500 -1.500 0.183 -0.000 -0.000 -0.008 -0.000 -0.000 -0.030 0.000 0.000
-1.500 -1.500 0.183 -0.000 -0.000 -0.010 -0.000 -0.000 -0.033 0.000 0.000
-1.500 -1.500 0.182 -0.000 -0.000 -0.012 -0.000 -0.000 -0.036 0.000 0.000
-1.500 -1.500 0.182 -0.000 -0.000 -0.014 -0.000 -0.000 -0.040 0.000 0.000
-1.500 -1.500 0.181 -0.000 -0.000 -0.016 -0.000 -0.000 -0.043 0.000 0.000
-1.500 -1.500 0.180 -0.000 -0.000 -0.018 -0.000 -0.000 -0.046 0.000 0.000
-1.500 -1.500 0.179 -0.000 -0.000 -0.020 -0.000 -0.000 -0.049 0.000 0.000
-1.500 -1.500 0.178 -0.000 -0.000 -0.023 -0.000 -0.000 -0.052 0.000 0.000
-1.500 -1.500 0.177 -0.000 -0.000 -0.026 -0.000 -0.000 -0.055 0.000 0.000
-1.500 -1.500 0.175 -0.000 -0.000 -0.028 -0.000 -0.000 -0.058 0.000 0.000
-1.500 -1.500 0.174 -0.000 -0.000 -0.031 -0.000 -0.000 -0.061 0.000 0.000
-1.500 -1.500 0.172 -0.000 -0.000 -0.034 -0.000 -0.000 -0.063 0.000 0.000
-1.500 -1.500 0.171 -0.000 -0.000 -0.038 -0.000 -0.000 -0.066 0.000 0.000
-1.500 -1.500 0.169 -0.000 -0.000 -0.041 -0.000 -0.000 -0.068 0.000 0.000
-1.500 -1.500 0.166 -0.000 -0.000 -0.044 -0.000 -0.000 -0.071 0.000 0.000
-1.500 -1.500 0.164 -0.000 -0.000 -0.048 -0.000 -0.000 -0.073 0.000 0.000
-1.500 -1.500 0.162 -0.000 -0.000 -0.052 -0.000 -0.000 -0.075 0.000 0.000
-1.500 -1.500 0.159 -0.000 -0.000 -0.056 -0.000 -0.000 -0.077 0.000 0.000
-1.500 -1.500 0.156 -0.000 -0.000 -0.059 -0.000 -0.000 -0.079 0.000 0.000
-1.500 -1.500 0.153 -0.000 -0.000 -0.063 -0.000 -0.000 -0.080 0.000 0.000
-1.500 -1.500 0.150 -0.000 -0.000 -0.067 -0.000 -0.000 -0.082 0.000 0.000
-1.500 -1.500 0.146 -0.000 -0.000 -0.072 -0.000 -0.000 -0.083 0.000 0.000
-1.500 -1.500 0.143 -0.000 -0.000 -0.076 -0.000 -0.000 -0.084 0.000 0.000
-1.500 -1.500 0.139 -0.000 -0.000 -0.080 -0.000 -0.000 -0.085 0.000 0.000
-1.500 -1.500 0.135 -0.000 -0.000 -0.084 -0.000 -0.000 -0.086 0.000 0.000
-1.500 -1.500 0.130 -0.000 -0.000 -0.089 -0.000 -0.000 -0.086 0.000 0.000
-1.500 -1.500 0.126 -0.000 -0.000 -0.093 -0.000 -0.000 -0.087 0.000 0.000
-1.500 -1.500 0.121 -0.000 -0.000 -0.097 -0.000 -0.000 -0.087 0.000 0.000
-1.500 -1.500 0.116 -0.000 -0.000 -0.102 -0.000 -0.000 -0.087 0.000 0.000
-1.500 -1.500 0.111 -0.000 -0.000 -0.106 -0.000 -0.000 -0.087 0.000 0.000
-1.500 -1.500 0.105 -0.000 -0.000 -0.110 -0.000 -0.000 -0.086 0.000 0.000
-1.500 -1.500 0.100 -0.000 -0.000 -0.114 -0.000 -0.000 -0.086 0.000 0.000
-1.500 -1.500 0.094 -0.000 -0.000 -0.119 -0.000 -0.000 -0.085 0.000 0.000
-1.500 -1.500 0.088 -0.000 -0.000 -0.123 -0.000 -0.000 -0.084 0.000 0.000
-1.500 -1.500 0.082 -0.000 -0.000 -0.127 -0.000 -0.000 -0.083 0.000 0.000
-1.500 -1.500 0.075 -0.000 -0.000 -0.131 -0.000 -0.000 -0.082 0.000 0.000
-1.500 -1.500 0.069 -0.000 -0.000 -0.135 -0.000 -0.000 -0.080 0.000 0.000
-1.500 -1.500 0.062 -0.000 -0.000 -0.139 -0.000 -0.000 -0.079 0.000 0.000
-1.500 -1.500 0.055 -0.000 -0.000 -0.143 -0.000 -0.000 -0.077 0.000 0.000
-1.500 -1.500 0.047 -0.000 -0.000 -0.147 -0.000 -0.000 -0.075 0.000 0.000
-1.500 -1.500 0.040 -0.000 -0.000 -0.151 -0.000 -0.000 -0.073 0.000 0.000
-1.500 -1.500 0.032 -0.000 -0.000 -0.154 0.000 0.000 -0.071 0.000 0.000
-1.500 -1.500 0.024 -0.000 -0.000 -0.158 0.000 0.000 -0.069 0.000 0.000
-1.500 -1.500 0.017 -0.000 -0.000 -0.161 0.000 0.000 -0.066 0.000 0.000
-1.500 -1.500 0.008 -0.000 -0.000 -0.164 0.000 0.000 -0.063 0.000 0.000
-1.500 -1.500 0.000 -0.000 -0.000 -0.168 0.000 0.000 -0.061 0.000 0.000
-1.500 -1.500 -0.008 -0.000 -0.000 -0.170 0.000 0.000 -0.058 0.000 0.000
-1.500 -1.500 -0.017 -0.000 -0.000 -0.173 0.000 0.000 -0.055 0.000 0.000
-1.500 -1.500 -0.026 -0.000 -0.000 -0.176 0.000 0.000 -0.052 0.000 0.000
-1.500 -1.500 -0.035 -0.000 -0.000 -0.178 0.000 0.000 -0.048 0.000 0.000
-1.500 -1.500 -0.044 -0.000 -0.000 -0.181 0.000 0.000 -0.045 0.000 0.000
-1.500 -1.500 -0.053 -0.000 -0.000 -0.183 0.000 0.000 -0.042 0.000 0.000
-1.500 -1.500 -0.062 -0.000 -0.000 -0.185 0.000 0.000 -0.038 0.000 0.000
-1.500 -1.500 -0.071 -0.000 -0.000 -0.187 0.000 0.000 -0.034 0.000 0.000
-1.500 -1.500 -0.080 -0.000 -0.000 -0.188 0.000 0.000 -0.031 0.000 0.000
-1.500 -1.500 -0.090 -0.000 -0.000 -0.190 0.000 0.000 -0.027 0.000 0.000
-1.500 -1.500 -0.099 -0.000 -0.000 -0.191 0.000 0.000 -0.023 0.000 0.000
-1.500 -1.500 -0.109 -0.000 -0.000 -0.192 0.000 0.000 -0.020 0.000 0.000
-1.500 -1.500 -0.119 -0.000 -0.000 -0.193 0.000 0.000 -0.016 0.000 0.000
-1.500 -1.500 -0.128 -0.000 -0.000 -0.194 0.000 0.000 -0.012 0.000 0.000
-1.500 -1.500 -0.138 -0.000 -0.000 -0.194 0.000 0.000 -0.008 0.000 0.000
-1.500 -1.500 -0.148 -0.000 -0.000 -0.195 0.000 0.000 -0.004 0.000 0.000
-1.500 -1.500 -0.157 -0.000 -0.000 -0.195 0.000 0.000 -0.000 0.000 0.000
-1.500 -1.500 -0.167 -0.000 -0.000 -0.195 0.000 0.000 0.004 0.000 0.000
-1.500 -1.500 -0.177 -0.000 -0.000 -0.194 0.000 0.000 0.008 0.000 0.000
-1.500 -1.500 -0.187 -0.000 -0.000 -0.194 0.000 0.000 0.012 0.000 0.000
-1.500 -1.500 -0.196 -0.000 -0.000 -0.193 0.000 0.000 0.016 0.000 0.000
-1.500 -1.500 -0.206 -0.000 -0.000 -0.192 0.000 0.000 0.020 0.000 0.000
-1.500 -1.500 -0.216 -0.000 -0.000 -0.191 0.000 0.000 0.023 0.000 0.000
-1.500 -1.500 -0.225 -0.000 -0.000 -0.190 0.000 0.000 0.027 0.000 0.000
-1.500 -1.500 -0.235 0.000 0.000 -0.188 0.000 0.000 0.031 0.000 0.000
-1.500 -1.500 -0.244 0.000 0.000 -0.187 0.000 0.000 0.034 0.000 0.000
-1.500 -1.500 -0.253 0.000 0.000 -0.185 0.000 0.000 0.038 0.000 0.000
-1.500 -1.500 -0.262 0.000 0.000 -0.183 0.000 0.000 0.042 0.000 0.000
-1.500 -1.500 -0.271 0.000 0.000 -0.181 0.000 0.000 0.045 0.000 0.000
-1.500 -1.500 -0.280 0.000 0.000 -0.178 0.000 0.000 0.048 0.000 0.000
-1.500 -1.500 -0.289 0.000 0.000 -0.176 0.000 0.000 0.052 0.000 0.000
-1.500 -1.500 -0.298 0.000 0.000 -0.173 0.000 0.000 0.055 0.000 0.000
-1.500 -1.500 -0.307 0.000 0.000 -0.170 0.000 0.000 0.058 0.000 0.000
-1.500 -1.500 -0.315 0.000 0.000 -0.168 0.000 0.000 0.061 0.000 0.000
-1.500 -1.500 -0.323 0.000 0.000 -0.164 0.000 0.000 0.063 0.000 0.000
-1.500 -1.500 -0.332 0.000 0.000 -0.161 0.000 0.000 0.066 0.000 0.000
-1.500 -1.500 -0.339 0.000 0.000 -0.158 0.000 0.000 0.069 0.000 0.000
-1.500 -1.500 -0.347 0.000 0.000 -0.154 0.000 0.000 0.071 0.000 0.000
-1.500 -1.500 -0.355 0.000 0.000 -0.151 0.000 0.000 0.073 0.000 0.000
-1.500 -1.500 -0.362 0.000 0.000 -0.147 0.000 0.000 0.075 0.000 0.000
-1.500 -1.500 -0.370 0.000 0.000 -0.143 0.000 0.000 0.077 0.000 0.000
-1.500 -1.500 -0.377 0.000 0.000 -0.139 0.000 0.000 0.079 0.000 0.000
-1.500 -1.500 -0.384 0.000 0.000 -0.135 0.000 0.000 0.080 0.000 0.000
-1.500 -1.500 -0.390 0.000 0.000 -0.131 0.000 0.000 0.082 0.000 0.000
-1.500 -1.500 -0.397 0.000 0.000 -0.127 0.000 0.000 0.083 0.000 0.000
-1.500 -1.500 -0.403 0.000 0.000 -0.123 0.000 0.000 0.084 0.000 0.000
-1.500 -1.500 -0.409 0.000 0.000 -0.119 0.000 0.000 0.085 0.000 0.000
-1.500 -1.500 -0.415 0.000 0.000 -0.114 0.000 0.000 0.086 0.000 0.000
-1.500 -1.500 -0.420 0.000 0.000 -0.110 0.000 0.000 0.086 0.000 0.000
-1.500 -1.500 -0.426 0.000 0.000 -0.106 0.000 0.000 0.087 0.000 0.000
-1.500 -1.500 -0.431 0.000 0.000 -0.102 0.000 0.000 0.087 0.000 0.000
-1.500 -1.500 -0.436 0.000 0.000 -0.097 0.000 0.000 0.087 0.000 0.000
-1.500 -1.500 -0.441 0.000 0.000 -0.093 0.000 0.000 0.087 0.000 0.000
-1.500 -1.500 -0.445 0.000 0.000 -0.089 0.000 0.000 0.086 0.000 0.000
-1.500 -1.500 -0.450 0.000 0.000 -0.084 0.000 0.000 0.086 0.000 0.000
-1.500 -1.500 -0.454 0.000 0.000 -0.080 -0.000 -0.000 0.085 0.000 0.000
-1.500 -1.500 -0.458 0.000 0.000 -0.076 -0.000 -0.000 0.084 0.000 0.000
-1.500 -1.500 -0.461 0.000 0.000 -0.072 -0.000 -0.000 0.083 0.000 0.000
-1.500 -1.500 -0.465 0.000 0.000 -0.067 -0.000 -0.000 0.082 0.000 0.000
-1.500 -1.500 -0.468 0.000 0.000 -0.063 -0.000 -0.000 0.080 0.000 0.000
-1.500 -1.500 -0.471 0.000 0.000 -0.059 -0.000 -0.000 0.079 0.000 0.000
-1.500 -1.500 -0.474 0.000 0.000 -0.056 -0.000 -0.000 0.077 0.000 0.000
-1.500 -1.500 -0.477 0.000 0.000 -0.052 -0.000 -0.000 0.075 0.000 0.000
-1.500 -1.500 -0.479 0.000 0.000 -0.048 -0.000 -0.000 0.073 0.000 0.000
-1.500 -1.500 -0.481 0.000 0.000 -0.044 -0.000 -0.000 0.071 0.000 0.000
-1.500 -1.500 -0.484 0.000 0.000 -0.041 -0.000 -0.000 0.068 0.000 0.000
-1.500 -1.500 -0.486 0.000 0.000 -0.038 -0.000 -0.000 0.066 0.000 0.000
-1.500 -1.500 -0.487 0.000 0.000 -0.034 -0.000 -0.000 0.063 0.000 0.000
-1.500 -1.500 -0.489 0.000 0.000 -0.031 -0.000 -0.000 0.061 0.000 0.000
-1.500 -1.500 -0.490 0.000 0.000 -0.028 -0.000 -0.000 0.058 0.000 0.000
-1.500 -1.500 -0.492 0.000 0.000 -0.026 -0.000 -0.000 0.055 0.000 0.000
-1.500 -1.500 -0.493 0.000 0.000 -0.023 -0.000 -0.000 0.052 0.000 0.000
-1.500 -1.500 -0.494 0.000 0.000 -0.020 -0.000 -0.000 0.049 0.000 0.000
-1.500 -1.500 -0.495 0.000 0.000 -0.018 -0.000 -0.000 0.046 0.000 0.000
-1.500 -1.500 -0.496 0.000 0.000 -0.016 -0.000 -0.000 0.043 0.000 0.000
-1.500 -1.500 -0.497 0.000 0.000 -0.014 -0.000 -0.000 0.040 0.000 0.000
-1.500 -1.500 -0.497 0.000 0.000 -0.012 -0.000 -0.000 0.036 0.000 0.000
-1.500 -1.500 -0.498 0.000 0.000 -0.010 -0.000 -0.000 0.033 0.000 0.000
-1.500 -1.500 -0.498 0.000 0.000 -0.008 -0.000 -0.000 0.030 0.000 0.000
-1.500 -1.500 -0.499 0.000 0.000 -0.007 -0.000 -0.000 0.027 0.000 0.000
-1.500 -1.500 -0.499 0.000 0.000 -0.006 -0.000 -0.000 0.024 0.000 0.000
-1.500 -1.500 -0.499 0.000 0.000 -0.005 -0.000 -0.000 0.021 0.000 0.000
-1.500 -1.500 -0.499 -0.000 -0.000 -0.004 -0.000 -0.000 0.018 0.000 0.000
-1.500 -1.500 -0.500 -0.000 -0.000 -0.003 -0.000 -0.000 0.016 0.000 0.000
-1.500 -1.500 -0.500 -0.000 -0.000 -0.002 -0.000 -0.000 0.013 0.000 0.000
-1.500 -1.500 -0.500 -0.000 -0.000 -0.001 -0.000 -0.000 0.011 0.000 0.000
-1.500 -1.500 -0.500 -0.000 -0.000 -0.001 -0.000 -0.000 0.008 0.000 0.000
-1.500 -1.500 -0.500 -0.000 -0.000 -0.001 -0.000 -0.000 0.006 0.000 0.000
-1.500 -1.500 -0.500 -0.000 -0.000 -0.000 -0.000 -0.000 0.004 0.000 0.000
-1.500 -1.500 -0.500 -0.000 -0.000 -0.000 -0.000 -0.000 0.003 0.000 0.000
-1.500 -1.500 -0.500 -0.000 -0.000 -0.000 -0.000 -0.000 0.002 0.000 0.000
-1.500 -1.500 -0.500 -0.000 -0.000 -0.000 -0.000 -0.000 0.001 0.000 0.000
-1.500 -1.500 -0.500 -0.000 -0.000 -0.000 -0.000 -0.000 0.000 0.000 0.000
-1.500 -1.500 -0.500 -0.000 -0.000 -0.000 -0.000 -0.000 -0.000 0.000 0.000
