-1.500 1.500 0.185 -0.000 0.000 0.000 -0.000 0.000 0.002 0.000 0.000
-1.500 1.500 0.185 -0.000 0.000 0.000 -0.000 0.000 0.006 0.000 0.000
-1.500 1.500 0.185 -0.000 0.000 0.001 0.000 -0.000 0.013 0.000 0.000
-1.500 1.500 0.185 -0.000 0.000 0.002 0.000 -0.000 0.023 0.000 0.000
-1.500 1.500 0.185 -0.000 0.000 0.003 0.000 -0.000 0.034 0.000 0.000
-1.500 1.500 0.185 -0.000 0.000 0.005 0.000 -0.000 0.047 0.000 0.000
-1.500 1.500 0.186 -0.000 0.000 0.008 0.000 -0.000 0.061 0.000 0.000
-1.500 1.500 0.186 -0.000 0.000 0.011 0.000 -0.000 0.076 0.000 0.000
-1.500 1.500 0.187 -0.000 0.000 0.015 0.000 -0.000 0.092 0.000 0.000
-1.500 1.500 0.188 -0.000 0.000 0.020 0.000 -0.000 0.109 0.000 0.000
-1.500 1.500 0.189 -0.000 0.000 0.026 0.000 -0.000 0.126 0.000 0.000
-1.500 1.500 0.190 -0.000 0.000 0.033 0.000 -0.000 0.142 0.000 0.000
-1.500 1.500 0.192 -0.000 0.000 0.041 0.000 -0.000 0.159 0.000 0.000
-1.500 1.500 0.194 -0.000 0.000 0.049 0.000 -0.000 0.175 0.000 0.000
-1.500 1.500 0.197 -0.000 0.000 0.058 0.000 -0.000 0.191 0.000 0.000
-1.500 1.500 0.200 -0.000 0.000 0.068 0.000 -0.000 0.206 0.000 0.000
-1.500 1.500 0.204 -0.000 0.000 0.079 0.000 -0.000 0.221 0.000 0.000
-1.500 1.500 0.208 -0.000 0.000 0.090 0.000 -0.000 0.234 0.000 0.000
-1.500 1.500 0.213 -0.000 0.000 0.102 0.000 -0.000 0.247 0.000 0.000
-1.500 1.500 0.218 -0.000 0.000 0.115 0.000 -0.000 0.258 0.000 0.000
-1.500 1.500 0.224 -0.000 0.000 0.128 0.000 -0.000 0.268 0.000 0.000
-1.500 1.500 0.231 -0.000 0.000 0.141 0.000 -0.000 0.277 0.000 0.000
-1.500 1.500 0.239 -0.000 0.000 0.156 0.000 -0.000 0.285 0.000 0.000
-1.500 1.500 0.247 -0.000 0.000 0.170 0.000 -0.000 0.291 0.000 0.000
-1.500 1.500 0.256 -0.000 0.000 0.185 0.000 -0.000 0.295 0.000 0.000
-1.500 1.500 0.265 -0.000 0.000 0.199 0.000 -0.000 0.299 0.000 0.000
-1.500 1.500 0.276 -0.000 0.000 0.214 0.000 -0.000 0.300 0.000 0.000
-1.500 1.500 0.287 -0.000 0.000 0.229 0.000 -0.000 0.300 0.000 0.000
-1.500 1.500 0.298 -0.000 0.000 0.244 0.000 -0.000 0.299 0.000 0.000
-1.500 1.500 0.311 -0.000 0.000 0.259 0.000 -0.000 0.296 0.000 0.000
-1.500 1.500 0.324 -0.000 0.000 0.274 0.000 -0.000 0.292 0.000 0.000
-1.500 1.500 0.338 -0.000 0.000 0.288 0.000 -0.000 0.286 0.000 0.000
-1.500 1.500 0.353 -0.000 0.000 0.303 0.000 -0.000 0.279 0.000 0.000
-1.500 1.500 0.369 -0.000 0.000 0.316 0.000 -0.000 0.271 0.000 0.000
-1.500 1.500 0.385 -0.000 0.000 0.330 0.000 -0.000 0.261 0.000 0.000
-1.500 1.500 0.402 -0.000 0.000 0.342 0.000 -0.000 0.250 0.000 0.000
-1.500 1.500 0.419 -0.000 0.000 0.355 0.000 -0.000 0.237 0.000 0.000
-1.500 1.500 0.437 0.000 -0.000 0.366 0.000 -0.000 0.224 0.000 0.000
-1.500 1.500 0.456 0.000 -0.000 0.377 0.000 -0.000 0.209 0.000 0.000
-1.500 1.500 0.475 0.000 -0.000 0.387 0.000 -0.000 0.194 0.000 0.000
-1.500 1.500 0.494 0.000 -0.000 0.396 0.000 -0.000 0.177 0.000 0.000
-1.500 1.500 0.514 0.000 -0.000 0.405 0.000 -0.000 0.160 0.000 0.000
-1.500 1.500 0.535 0.000 -0.000 0.412 0.000 -0.000 0.141 0.000 0.000
-1.500 1.500 0.556 0.000 -0.000 0.419 0.000 -0.000 0.122 0.000 0.000
-1.500 1.500 0.577 0.000 -0.000 0.425 0.000 -0.000 0.103 0.000 0.000
-1.500 1.500 0.598 0.000 -0.000 0.429 0.000 -0.000 0.083 0.000 0.000
-1.500 1.500 0.620 0.000 -0.000 0.433 0.000 -0.000 0.063 0.000 0.000
-1.500 1.500 0.641 0.000 -0.000 0.435 0.000 -0.000 0.042 0.000 0.000
-1.500 1.500 0.663 0.000 -0.000 0.437 0.000 -0.000 0.021 0.000 0.000
-1.500 1.500 0.685 0.000 -0.000 0.438 -0.000 0.000 0.000 0.000 0.000
-1.500 1.500 0.707 0.000 -0.000 0.437 0.000 -0.000 -0.021 0.000 0.000
-1.500 1.500 0.729 0.000 -0.000 0.435 0.000 -0.000 -0.042 0.000 0.000
-1.500 1.500 0.750 0.000 -0.000 0.433 -0.000 0.000 -0.063 0.000 0.000
-1.500 1.500 0.772 0.000 -0.000 0.429 -0.000 0.000 -0.083 0.000 0.000
-1.500 1.500 0.793 0.000 -0.000 0.425 -0.000 0.000 -0.103 0.000 0.000
-1.500 1.500 0.814 0.000 -0.000 0.419 -0.000 0.000 -0.122 0.000 0.000
-1.500 1.500 0.835 0.000 -0.000 0.412 -0.000 0.000 -0.141 0.000 0.000
-1.500 1.500 0.856 0.000 -0.000 0.405 -0.000 0.000 -0.160 0.000 0.000
-1.500 1.500 0.876 0.000 -0.000 0.396 -0.000 0.000 -0.177 0.000 0.000
-1.500 1.500 0.895 0.000 -0.000 0.387 -0.000 0.000 -0.194 0.000 0.000
-1.500 1.500 0.914 0.000 -0.000 0.377 -0.000 0.000 -0.209 0.000 0.000
-1.500 1.500 0.933 0.000 -0.000 0.366 -0.000 0.000 -0.224 0.000 0.000
-1.500 1.500 0.951 0.000 -0.000 0.355 -0.000 0.000 -0.237 0.000 0.000
-1.500 1.500 0.968 0.000 -0.000 0.342 -0.000 0.000 -0.250 0.000 0.000
-1.500 1.500 0.985 0.000 -0.000 0.330 -0.000 0.000 -0.261 0.000 0.000
-1.500 1.500 1.001 0.000 -0.000 0.316 -0.000 0.000 -0.271 0.000 0.000
-1.500 1.500 1.017 0.000 -0.000 0.303 0.000 -0.000 -0.279 0.000 0.000
-1.500 1.500 1.032 0.000 -0.000 0.288 0.000 -0.000 -0.286 0.000 0.000
-1.500 1.500 1.046 0.000 -0.000 0.274 0.000 -0.000 -0.292 0.000 0.000
-1.500 1.500 1.059 0.000 -0.000 0.259 0.000 -0.000 -0.296 0.000 0.000
-1.500 1.500 1.072 0.000 -0.000 0.244 0.000 -0.000 -0.299 0.000 0.000
-1.500 1.500 1.083 0.000 -0.000 0.229 0.000 -0.000 -0.300 0.000 0.000
-1.500 1.500 1.094 0.000 -0.000 0.214 0.000 -0.000 -0.300 0.000 0.000
-1.500 1.500 1.105 0.000 -0.000 0.199 0.000 -0.000 -0.299 0.000 0.000
-1.500 1.500 1.114 0.000 -0.000 0.185 0.000 -0.000 -0.295 0.000 0.000
-1.500 1.500 1.123 0.000 -0.000 0.170 0.000 -0.000 -0.291 0.000 0.000
-1.500 1.500 1.131 0.000 -0.000 0.156 0.000 -0.000 -0.285 0.000 0.000
-1.500 1.500 1.139 0.000 -0.000 0.141 0.000 -0.000 -0.277 0.000 0.000
-1.500 1.500 1.146 0.000 -0.000 0.128 0.000 -0.000 -0.268 0.000 0.000
-1.500 1.500 1.152 0.000 -0.000 0.115 0.000 -0.000 -0.258 0.000 0.000
-1.500 1.500 1.157 0.000 -0.000 0.102 0.000 -0.000 -0.247 0.000 0.000
-1.500 1.500 1.162 0.000 -0.000 0.090 0.000 -0.000 -0.234 0.000 0.000
-1.500 1.500 1.166 0.000 -0.000 0.079 0.000 -0.000 -0.221 0.000 0.000
-1.500 1.500 1.170 0.000 -0.000 0.068 -0.000 0.000 -0.206 0.000 0.000
-1.500 1.500 1.173 0.000 -0.000 0.058 -0.000 0.000 -0.191 0.000 0.000
-1.500 1.500 1.176 0.000 -0.000 0.049 -0.000 0.000 -0.175 0.000 0.000
-1.500 1.500 1.178 0.000 -0.000 0.041 -0.000 0.000 -0.159 0.000 0.000
-1.500 1.500 1.180 0.000 -0.000 0.033 -0.000 0.000 -0.142 0.000 0.000
-1.500 1.500 1.181 0.000 -0.000 0.026 -0.000 0.000 -0.126 0.000 0.000
-1.500 1.500 1.182 0.000 -0.000 0.020 -0.000 0.000 -0.109 0.000 0.000
-1.500 1.500 1.183 0.000 -0.000 0.015 -0.000 0.000 -0.092 0.000 0.000
-1.500 1.500 1.184 0.000 -0.000 0.011 -0.000 0.000 -0.076 0.000 0.000
-1.500 1.500 1.184 0.000 -0.000 0.008 -0.000 0.000 -0.061 0.000 0.000
-1.500 1.500 1.185 0.000 -0.000 0.005 -0.000 0.000 -0.047 0.000 0.000
-1.500 1.500 1.185 0.000 -0.000 0.003 -0.000 0.000 -0.034 0.000 0.000
-1.500 1.500 1.185 0.000 -0.000 0.002 -0.000 0.000 -0.023 0.000 0.000
-1.500 1.500 1.185 0.000 -0.000 0.001 -0.000 0.000 -0.013 0.000 0.000
-1.500 1.500 1.185 0.000 -0.000 0.000 -0.000 0.000 -0.006 0.000 0.000
-1.500 1.500 1.185 0.000 -0.000 0.000 -0.000 0.000 -0.002 0.000 0.000
-1.500 1.500 1.185 0.000 -0.000 -0.000 -0.000 0.000 -0.000 0.000 0.000
-1.500 1.500 1.185 0.000 0.000 0.000 0.000 0.000 0.000 0.000 0.000
-1.500 1.500 1.185 0.000 0.000 0.000 0.000 0.000 0.000 0.000 0.000
-1.500 1.500 1.185 0.000 0.000 0.000 0.000 0.000 0.000 0.000 0.000
-1.500 1.500 1.185 0.000 0.000 0.000 0.000 0.000 0.000 0.000 0.000
-1.500 1.500 1.185 0.000 0.000 0.000 0.000 0.000 0.000 0.000 0.000
-1.500 1.500 1.185 0.000 0.000 0.000 0.000 0.000 0.000 0.000 0.000
-1.500 1.500 1.185 0.000 0.000 0.000 0.000 0.000 0.000 0.000 0.000
-1.500 1.500 1.185 0.000 0.000 0.000 0.000 0.000 0.000 0.000 0.000
-1.500 1.500 1.185 0.000 0.000 0.000 0.000 0.000 0.000 0.000 0.000
-1.500 1.500 1.185 0.000 0.000 0.000 0.000 0.000 0.000 0.000 0.000
-1.500 1.500 1.185 0.000 0.000 0.000 0.000 0.000 0.000 0.000 0.000
-1.500 1.500 1.185 0.000 0.000 0.000 0.000 0.000 0.000 0.000 0.000
-1.500 1.500 1.185 0.000 0.000 0.000 0.000 0.000 0.000 0.000 0.000
-1.500 1.500 1.185 0.000 0.000 0.000 0.000 0.000 0.000 0.000 0.000
-1.500 1.500 1.185 0.000 0.000 0.000 0.000 0.000 0.000 0.000 0.000
-1.500 1.500 1.185 0.000 0.000 0.000 0.000 0.000 0.000 0.000 0.000
-1.500 1.500 1.185 0.000 0.000 0.000 0.000 0.000 0.000 0.000 0.000
-1.500 1.500 1.185 0.000 0.000 0.000 0.000 0.000 0.000 0.000 0.000
-1.500 1.500 1.185 0.000 0.000 0.000 0.000 0.000 0.000 0.000 0.000
-1.500 1.500 1.185 0.000 0.000 0.000 0.000 0.000 0.000 0.000 0.000
-1.500 1.500 1.185 0.000 0.000 0.000 0.000 0.000 0.000 0.000 0.000
-1.500 1.500 1.185 0.000 0.000 0.000 0.000 0.000 0.000 0.000 0.000
-1.500 1.500 1.185 0.000 0.000 0.000 0.000 0.000 0.000 0.000 0.000
-1.500 1.500 1.185 0.000 0.000 0.000 0.000 0.000 0.000 0.000 0.000
-1.500 1.500 1.185 0.000 0.000 0.000 0.000 0.000 0.000 0.000 0.000
-1.500 1.500 1.185 0.000 0.000 0.000 0.000 0.000 0.000 0.000 0.000
-1.500 1.500 1.185 0.000 0.000 0.000 0.000 0.000 0.000 0.000 0.000
-1.500 1.500 1.185 0.000 0.000 0.000 0.000 0.000 0.000 0.000 0.000
-1.500 1.500 1.185 0.000 0.000 0.000 0.000 0.000 0.000 0.000 0.000
-1.500 1.500 1.185 0.000 0.000 0.000 0.000 0.000 0.000 0.000 0.000
-1.500 1.500 1.185 0.000 0.000 0.000 0.000 0.000 0.000 0.000 0.000
-1.500 1.500 1.185 0.000 0.000 0.000 0.000 0.000 0.000 0.000 0.000
-1.500 1.500 1.185 0.000 0.000 0.000 0.000 0.000 0.000 0.000 0.000
-1.500 1.500 1.185 0.000 0.000 0.000 0.000 0.000 0.000 0.000 0.000
-1.500 1.500 1.185 0.000 0.000 0.000 0.000 0.000 0.000 0.000 0.000
-1.500 1.500 1.185 0.000 0.000 0.000 0.000 0.000 0.000 0.000 0.000
-1.500 1.500 1.185 0.000 0.000 0.000 0.000 0.000 0.000 0.000 0.000
-1.500 1.500 1.185 0.000 0.000 0.000 0.000 0.000 0.000 0.000 0.000
-1.500 1.500 1.185 0.000 0.000 0.000 0.000 0.000 0.000 0.000 0.000
-1.500 1.500 1.185 0.000 0.000 0.000 0.000 0.000 0.000 0.000 0.000
-1.500 1.500 1.185 0.000 0.000 0.000 0.000 0.000 0.000 0.000 0.000
-1.500 1.500 1.185 0.000 0.000 0.000 0.000 0.000 0.000 0.000 0.000
-1.500 1.500 1.185 0.000 0.000 0.000 0.000 0.000 0.000 0.000 0.000
-1.500 1.500 1.185 0.000 0.000 0.000 0.000 0.000 0.000 0.000 0.000
-1.500 1.500 1.185 0.000 0.000 0.000 0.000 0.000 0.000 0.000 0.000
-1.500 1.500 1.185 0.000 0.000 0.000 0.000 0.000 0.000 0.000 0.000
-1.500 1.500 1.185 0.000 0.000 0.000 0.000 0.000 0.000 0.000 0.000
-1.500 1.500 1.185 0.000 0.000 0.000 0.000 0.000 0.000 0.000 0.000
-1.500 1.500 1.185 0.000 0.000 0.000 0.000 0.000 0.000 0.000 0.000
-1.500 1.500 1.185 0.000 0.000 0.000 0.000 0.000 0.000 0.000 0.000
-1.500 1.500 1.185 0.000 0.000 0.000 0.000 0.000 0.000 0.000 0.000
-1.500 1.500 1.185 0.000 0.000 0.000 0.000 0.000 0.000 0.000 0.000
-1.500 1.500 1.185 0.000 0.000 0.000 0.000 0.000 0.000 0.000 0.000
-1.500 1.500 1.185 0.000 0.000 0.000 0.000 0.000 0.000 0.000 0.000
-1.500 1.500 1.185 0.000 0.000 0.000 0.000 0.000 0.000 0.000 0.000
-1.500 1.500 1.185 0.000 0.000 0.000 0.000 0.000 0.000 0.000 0.000
-1.500 1.500 1.185 0.000 0.000 0.000 0.000 0.000 0.000 0.000 0.000
-1.500 1.500 1.185 0.000 0.000 0.000 0.000 0.000 0.000 0.000 0.000
-1.500 1.500 1.185 0.000 0.000 0.000 0.000 0.000 0.000 0.000 0.000
-1.500 1.500 1.185 0.000 0.000 0.000 0.000 0.000 0.000 0.000 0.000
-1.500 1.500 1.185 0.000 0.000 0.000 0.000 0.000 0.000 0.000 0.000
-1.500 1.500 1.185 0.000 0.000 0.000 0.000 0.000 0.000 0.000 0.000
-1.500 1.500 1.185 0.000 0.000 0.000 0.000 0.000 0.000 0.000 0.000
-1.500 1.500 1.185 0.000 0.000 0.000 0.000 0.000 0.000 0.000 0.000
-1.500 1.500 1.185 0.000 0.000 0.000 0.000 0.000 0.000 0.000 0.000
-1.500 1.500 1.185 0.000 0.000 0.000 0.000 0.000 0.000 0.000 0.000
-1.500 1.500 1.185 0.000 0.000 0.000 0.000 0.000 0.000 0.000 0.000
-1.500 1.500 1.185 0.000 0.000 0.000 0.000 0.000 0.000 0.000 0.000
-1.500 1.500 1.185 0.000 0.000 0.000 0.000 0.000 0.000 0.000 0.000
-1.500 1.500 1.185 0.000 0.000 0.000 0.000 0.000 0.000 0.000 0.000
-1.500 1.500 1.185 0.000 0.000 0.000 0.000 0.000 0.000 0.000 0.000
-1.500 1.500 1.185 0.000 0.000 0.000 0.000 0.000 0.000 0.000 0.000
-1.500 1.500 1.185 0.000 0.000 0.000 0.000 0.000 0.000 0.000 0.000
-1.500 1.500 1.185 0.000 0.000 0.000 0.000 0.000 0.000 0.000 0.000
-1.500 1.500 1.185 0.000 0.000 0.000 0.000 0.000 0.000 0.000 0.000
-1.500 1.500 1.185 0.000 0.000 0.000 0.000 0.000 0.000 0.000 0.000
-1.500 1.500 1.185 0.000 0.000 0.000 0.000 0.000 0.000 0.000 0.000
-1.500 1.500 1.185 0.000 0.000 0.000 0.000 0.000 0.000 0.000 0.000
-1.500 1.500 1.185 0.000 0.000 0.000 0.000 0.000 0.000 0.000 0.000
-1.500 1.500 1.185 0.000 0.000 0.000 0.000 0.000 0.000 0.000 0.000
-1.500 1.500 1.185 0.000 0.000 0.000 0.000 0.000 0.000 0.000 0.000
-1.500 1.500 1.185 0.000 0.000 0.000 0.000 0.000 0.000 0.000 0.000
-1.500 1.500 1.185 0.000 0.000 0.000 0.000 0.000 0.000 0.000 0.000
-1.500 1.500 1.185 0.000 0.000 0.000 0.000 0.000 0.000 0.000 0.000
-1.500 1.500 1.185 0.000 0.000 0.000 0.000 0.000 0.000 0.000 0.000
-1.500 1.500 1.185 0.000 0.000 0.000 0.000 0.000 0.000 0.000 0.000
-1.500 1.500 1.185 0.000 0.000 0.000 0.000 0.000 0.000 0.000 0.000
-1.500 1.500 1.185 0.000 0.000 0.000 0.000 0.000 0.000 0.000 0.000
-1.500 1.500 1.185 0.000 0.000 0.000 0.000 0.000 0.000 0.000 0.000
-1.500 1.500 1.185 0.000 0.000 0.000 0.000 0.000 0.000 0.000 0.000
-1.500 1.500 1.185 0.000 0.000 0.000 0.000 0.000 0.000 0.000 0.000
-1.500 1.500 1.185 0.000 0.000 0.000 0.000 0.000 0.000 0.000 0.000
-1.500 1.500 1.185 0.000 0.000 0.000 0.000 0.000 0.000 0.000 0.000
-1.500 1.500 1.185 0.000 0.000 0.000 0.000 0.000 0.000 0.000 0.000
-1.500 1.500 1.185 0.000 0.000 0.000 0.000 0.000 0.000 0.000 0.000
-1.500 1.500 1.185 0.000 0.000 0.000 0.000 0.000 0.000 0.000 0.000
-1.500 1.500 1.185 0.000 0.000 0.000 0.000 0.000 0.000 0.000 0.000
-1.500 1.500 1.185 0.000 0.000 0.000 0.000 0.000 0.000 0.000 0.000
-1.500 1.500 1.185 0.000 0.000 0.000 0.000 0.000 0.000 0.000 0.000
-1.500 1.500 1.185 0.000 0.000 0.000 0.000 0.000 0.000 0.000 0.000
-1.500 1.500 1.185 0.000 0.000 0.000 0.000 0.000 0.000 0.000 0.000
-1.500 1.500 1.185 0.000 0.000 0.000 0.000 0.000 0.000 0.000 0.000
-1.500 1.500 1.185 0.000 0.000 0.000 0.000 0.000 0.000 0.000 0.000
-1.500 1.500 1.185 0.000 0.000 0.000 0.000 0.000 0.000 0.000 0.000
-1.500 1.500 1.185 0.000 0.000 0.000 0.000 0.000 0.000 0.000 0.000
-1.500 1.500 1.185 0.000 0.000 0.000 0.000 0.000 0.000 0.000 0.000
-1.500 1.500 1.185 0.000 0.000 0.000 0.000 0.000 0.000 0.000 0.000
-1.500 1.500 1.185 0.000 0.000 0.000 0.000 0.000 0.000 0.000 0.000
-1.500 1.500 1.185 0.000 0.000 0.000 0.000 0.000 0.000 0.000 0.000
-1.500 1.500 1.185 0.000 0.000 0.000 0.000 0.000 0.000 0.000 0.000
-1.500 1.500 1.185 0.000 0.000 0.000 0.000 0.000 0.000 0.000 0.000
-1.500 1.500 1.185 0.000 0.000 0.000 0.000 0.000 0.000 0.000 0.000
-1.500 1.500 1.185 0.000 0.000 0.000 0.000 0.000 0.000 0.000 0.000
-1.500 1.500 1.185 0.000 0.000 0.000 0.000 0.000 0.000 0.000 0.000
-1.500 1.500 1.185 0.000 0.000 0.000 0.000 0.000 0.000 0.000 0.000
-1.500 1.500 1.185 0.000 0.000 0.000 0.000 0.000 0.000 0.000 0.000
-1.500 1.500 1.185 0.000 0.000 0.000 0.000 0.000 0.000 0.000 0.000
-1.500 1.500 1.185 0.000 0.000 0.000 0.000 0.000 0.000 0.000 0.000
-1.500 1.500 1.185 0.000 0.000 0.000 0.000 0.000 0.000 0.000 0.000
-1.500 1.500 1.185 0.000 0.000 0.000 0.000 0.000 0.000 0.000 0.000
-1.500 1.500 1.185 0.000 0.000 0.000 0.000 0.000 0.000 0.000 0.000
-1.500 1.500 1.185 0.000 0.000 0.000 0.000 0.000 0.000 0.000 0.000
-1.500 1.500 1.185 0.000 0.000 0.000 0.000 0.000 0.000 0.000 0.000
-1.500 1.500 1.185 0.000 0.000 0.000 0.000 0.000 0.000 0.000 0.000
-1.500 1.500 1.185 0.000 0.000 0.000 0.000 0.000 0.000 0.000 0.000
-1.500 1.500 1.185 0.000 0.000 0.000 0.000 0.000 0.000 0.000 0.000
-1.500 1.500 1.185 0.000 0.000 0.000 0.000 0.000 0.000 0.000 0.000
-1.500 1.500 1.185 0.000 0.000 0.000 0.000 0.000 0.000 0.000 0.000
-1.500 1.500 1.185 0.000 0.000 0.000 0.000 0.000 0.000 0.000 0.000
-1.500 1.500 1.185 0.000 0.000 0.000 0.000 0.000 0.000 0.000 0.000
-1.500 1.500 1.185 0.000 0.000 0.000 0.000 0.000 0.000 0.000 0.000
-1.500 1.500 1.185 0.000 0.000 0.000 0.000 0.000 0.000 0.000 0.000
-1.500 1.500 1.185 0.000 0.000 0.000 0.000 0.000 0.000 0.000 0.000
-1.500 1.500 1.185 0.000 0.000 0.000 0.000 0.000 0.000 0.000 0.000
-1.500 1.500 1.185 0.000 0.000 0.000 0.000 0.000 0.000 0.000 0.000
-1.500 1.500 1.185 0.000 0.000 0.000 0.000 0.000 0.000 0.000 0.000
-1.500 1.500 1.185 0.000 0.000 0.000 0.000 0.000 0.000 0.000 0.000
-1.500 1.500 1.185 0.000 0.000 0.000 0.000 0.000 0.000 0.000 0.000
-1.500 1.500 1.185 0.000 0.000 0.000 0.000 0.000 0.000 0.000 0.000
-1.500 1.500 1.185 0.000 0.000 0.000 0.000 0.000 0.000 0.000 0.000
-1.500 1.500 1.185 0.000 0.000 0.000 0.000 0.000 0.000 0.000 0.000
-1.500 1.500 1.185 0.000 0.000 0.000 0.000 0.000 0.000 0.000 0.000
-1.500 1.500 1.185 0.000 0.000 0.000 0.000 0.000 0.000 0.000 0.000
-1.500 1.500 1.185 0.000 0.000 0.000 0.000 0.000 0.000 0.000 0.000
-1.500 1.500 1.185 0.000 0.000 0.000 0.000 0.000 0.000 0.000 0.000
-1.500 1.500 1.185 0.000 0.000 0.000 0.000 0.000 0.000 0.000 0.000
-1.500 1.500 1.185 0.000 0.000 0.000 0.000 0.000 0.000 0.000 0.000
-1.500 1.500 1.185 0.000 0.000 0.000 0.000 0.000 0.000 0.000 0.000
-1.500 1.500 1.185 0.000 0.000 0.000 0.000 0.000 0.000 0.000 0.000
-1.500 1.500 1.185 0.000 0.000 0.000 0.000 0.000 0.000 0.000 0.000
-1.500 1.500 1.185 0.000 0.000 0.000 0.000 0.000 0.000 0.000 0.000
-1.500 1.500 1.185 0.000 0.000 0.000 0.000 0.000 0.000 0.000 0.000
-1.500 1.500 1.185 0.000 0.000 0.000 0.000 0.000 0.000 0.000 0.000
-1.500 1.500 1.185 0.000 0.000 0.000 0.000 0.000 0.000 0.000 0.000
-1.500 1.500 1.185 0.000 0.000 0.000 0.000 0.000 0.000 0.000 0.000
-1.500 1.500 1.185 0.000 0.000 0.000 0.000 0.000 0.000 0.000 0.000
-1.500 1.500 1.185 0.000 0.000 0.000 0.000 0.000 0.000 0.000 0.000
-1.500 1.500 1.185 0.000 0.000 0.000 0.000 0.000 0.000 0.000 0.000
-1.500 1.500 1.185 0.000 0.000 0.000 0.000 0.000 0.000 0.000 0.000
-1.500 1.500 1.185 0.000 0.000 0.000 0.000 0.000 0.000 0.000 0.000
-1.500 1.500 1.185 0.000 0.000 0.000 0.000 0.000 0.000 0.000 0.000
-1.500 1.500 1.185 0.000 0.000 0.000 0.000 0.000 0.000 0.000 0.000
-1.500 1.500 1.185 0.000 0.000 0.000 0.000 0.000 0.000 0.000 0.000
-1.500 1.500 1.185 0.000 0.000 0.000 0.000 0.000 0.000 0.000 0.000
-1.500 1.500 1.185 0.000 0.000 0.000 0.000 0.000 0.000 0.000 0.000
-1.500 1.500 1.185 0.000 0.000 0.000 0.000 0.000 0.000 0.000 0.000
-1.500 1.500 1.185 0.000 0.000 0.000 0.000 0.000 0.000 0.000 0.000
-1.500 1.500 1.185 0.000 0.000 0.000 0.000 0.000 0.000 0.000 0.000
-1.500 1.500 1.185 0.000 0.000 0.000 0.000 0.000 0.000 0.000 0.000
-1.500 1.500 1.185 0.000 0.000 0.000 0.000 0.000 0.000 0.000 0.000
-1.500 1.500 1.185 0.000 0.000 0.000 0.000 0.000 0.000 0.000 0.000
-1.500 1.500 1.185 0.000 0.000 0.000 0.000 0.000 0.000 0.000 0.000
-1.500 1.500 1.185 0.000 0.000 0.000 0.000 0.000 0.000 0.000 0.000
-1.500 1.500 1.185 0.000 0.000 0.000 0.000 0.000 0.000 0.000 0.000
-1.500 1.500 1.185 0.000 0.000 0.000 0.000 0.000 0.000 0.000 0.000
-1.500 1.500 1.185 0.000 0.000 0.000 0.000 0.000 0.000 0.000 0.000
-1.500 1.500 1.185 0.000 0.000 0.000 0.000 0.000 0.000 0.000 0.000
-1.500 1.500 1.185 0.000 0.000 0.000 0.000 0.000 0.000 0.000 0.000
-1.500 1.500 1.185 0.000 0.000 0.000 0.000 0.000 0.000 0.000 0.000
-1.500 1.500 1.185 0.000 0.000 0.000 0.000 0.000 0.000 0.000 0.000
-1.500 1.500 1.185 0.000 0.000 0.000 0.000 0.000 0.000 0.000 0.000
-1.500 1.500 1.185 0.000 0.000 0.000 0.000 0.000 0.000 0.000 0.000
-1.500 1.500 1.185 0.000 0.000 0.000 0.000 0.000 0.000 0.000 0.000
-1.500 1.500 1.185 0.000 0.000 0.000 0.000 0.000 0.000 0.000 0.000
-1.500 1.500 1.185 0.000 0.000 0.000 0.000 0.000 0.000 0.000 0.000
-1.500 1.500 1.185 0.000 0.000 0.000 0.000 0.000 0.000 0.000 0.000
-1.500 1.500 1.185 0.000 0.000 0.000 0.000 0.000 0.000 0.000 0.000
-1.500 1.500 1.185 0.000 0.000 0.000 0.000 0.000 0.000 0.000 0.000
-1.500 1.500 1.185 0.000 0.000 0.000 0.000 0.000 0.000 0.000 0.000
-1.500 1.500 1.185 0.000 0.000 0.000 0.000 0.000 0.000 0.000 0.000
-1.500 1.500 1.185 0.000 0.000 0.000 0.000 0.000 0.000 0.000 0.000
-1.500 1.500 1.185 0.000 0.000 0.000 0.000 0.000 0.000 0.000 0.000
-1.500 1.500 1.185 0.000 0.000 0.000 0.000 0.000 0.000 0.000 0.000
-1.500 1.500 1.185 0.000 0.000 0.000 0.000 0.000 0.000 0.000 0.000
-1.500 1.500 1.185 0.000 0.000 0.000 0.000 0.000 0.000 0.000 0.000
-1.500 1.500 1.185 0.000 0.000 0.000 0.000 0.000 0.000 0.000 0.000
-1.500 1.500 1.185 0.000 0.000 0.000 0.000 0.000 0.000 0.000 0.000
-1.500 1.500 1.185 0.000 0.000 0.000 0.000 0.000 0.000 0.000 0.000
-1.500 1.500 1.185 0.000 0.000 0.000 0.000 0.000 0.000 0.000 0.000
-1.500 1.500 1.185 0.000 0.000 0.000 0.000 0.000 0.000 0.000 0.000
-1.500 1.500 1.185 0.000 0.000 -0.000 0.002 0.001 -0.000 0.000 0.000
-1.500 1.500 1.185 0.000 0.000 -0.000 0.006 0.003 -0.000 0.000 0.000
-1.500 1.500 1.185 0.001 0.000 -0.000 0.013 0.006 -0.000 0.000 0.000
-1.500 1.500 1.185 0.002 0.001 -0.000 0.022 0.011 -0.000 0.000 0.000
-1.500 1.500 1.185 0.003 0.001 -0.000 0.033 0.016 -0.000 0.000 0.000
-1.500 1.500 1.185 0.005 0.002 -0.000 0.046 0.023 -0.000 0.000 0.000
-1.499 1.500 1.185 0.008 0.004 -0.000 0.061 0.030 -0.000 0.000 0.000
-1.499 1.501 1.185 0.011 0.005 -0.000 0.077 0.038 -0.000 0.000 0.000
-1.498 1.501 1.185 0.015 0.007 -0.000 0.094 0.046 -0.000 0.000 0.000
-1.497 1.501 1.185 0.020 0.010 -0.000 0.112 0.055 -0.000 0.000 0.000
-1.496 1.502 1.185 0.026 0.013 -0.000 0.130 0.063 -0.000 0.000 0.000
-1.495 1.503 1.185 0.033 0.016 -0.000 0.150 0.073 -0.000 0.000 0.000
-1.493 1.504 1.185 0.041 0.020 -0.000 0.169 0.082 -0.000 0.000 0.000
-1.490 1.505 1.185 0.050 0.025 -0.000 0.189 0.091 -0.000 0.000 0.000
-1.488 1.506 1.185 0.060 0.029 -0.000 0.208 0.100 -0.000 0.000 0.000
-1.484 1.508 1.185 0.071 0.035 -0.000 0.228 0.109 -0.001 0.000 0.000
-1.481 1.509 1.185 0.083 0.040 -0.000 0.247 0.118 -0.001 0.000 0.000
-1.476 1.512 1.185 0.096 0.046 -0.000 0.266 0.127 -0.001 0.000 0.000
-1.471 1.514 1.185 0.110 0.053 -0.000 0.284 0.135 -0.001 0.000 0.000
-1.465 1.517 1.185 0.124 0.060 -0.000 0.302 0.143 -0.001 0.000 0.000
-1.459 1.520 1.185 0.140 0.067 -0.000 0.318 0.151 -0.001 0.000 0.000
-1.451 1.524 1.185 0.156 0.075 -0.000 0.335 0.158 -0.001 0.000 0.000
-1.443 1.528 1.185 0.173 0.083 -0.000 0.350 0.164 -0.001 0.000 0.000
-1.434 1.532 1.185 0.191 0.091 -0.000 0.364 0.170 -0.001 0.000 0.000
-1.424 1.537 1.185 0.210 0.100 -0.000 0.377 0.175 -0.001 0.000 0.000
-1.413 1.542 1.185 0.229 0.109 -0.000 0.389 0.180 -0.001 0.000 0.000
-1.401 1.548 1.185 0.248 0.118 -0.001 0.400 0.184 -0.001 0.000 0.000
-1.388 1.554 1.185 0.269 0.127 -0.001 0.409 0.187 -0.001 0.000 0.000
-1.374 1.560 1.185 0.289 0.137 -0.001 0.418 0.190 -0.001 0.000 0.000
-1.359 1.567 1.185 0.310 0.146 -0.001 0.425 0.192 -0.001 0.000 0.000
-1.343 1.575 1.185 0.332 0.156 -0.001 0.430 0.193 -0.001 0.000 0.000
-1.326 1.583 1.185 0.353 0.165 -0.001 0.435 0.193 -0.001 0.000 0.000
-1.308 1.591 1.185 0.375 0.175 -0.001 0.438 0.193 -0.001 0.000 0.000
-1.288 1.600 1.185 0.397 0.185 -0.001 0.439 0.192 -0.001 0.000 0.000
-1.268 1.610 1.185 0.419 0.194 -0.001 0.439 0.190 -0.001 0.000 0.000
-1.246 1.620 1.184 0.441 0.204 -0.001 0.438 0.187 -0.001 0.000 0.000
-1.224 1.630 1.184 0.463 0.213 -0.001 0.436 0.184 -0.001 0.000 0.000
-1.200 1.641 1.184 0.485 0.222 -0.001 0.432 0.180 -0.000 0.000 0.000
-1.175 1.653 1.184 0.506 0.231 -0.001 0.427 0.175 -0.000 0.000 0.000
-1.149 1.664 1.184 0.527 0.239 -0.001 0.420 0.169 -0.000 0.000 0.000
-1.123 1.676 1.184 0.548 0.248 -0.001 0.412 0.163 -0.000 0.000 0.000
-1.095 1.689 1.184 0.568 0.256 -0.001 0.403 0.156 -0.000 0.000 0.000
-1.066 1.702 1.184 0.588 0.263 -0.001 0.393 0.148 -0.000 0.000 0.000
-1.036 1.715 1.184 0.608 0.271 -0.001 0.381 0.140 -0.000 0.000 0.000
-1.005 1.729 1.184 0.626 0.277 -0.001 0.369 0.131 -0.000 0.000 0.000
-0.973 1.743 1.184 0.645 0.284 -0.001 0.355 0.121 -0.000 0.000 0.000
-0.941 1.757 1.184 0.662 0.289 -0.001 0.340 0.111 0.000 0.000 0.000
-0.907 1.772 1.184 0.679 0.295 -0.001 0.324 0.100 0.000 0.000 0.000
-0.873 1.787 1.184 0.694 0.299 -0.001 0.308 0.089 0.000 0.000 0.000
-0.838 1.802 1.184 0.709 0.304 -0.001 0.290 0.078 0.000 0.000 0.000
-0.802 1.817 1.184 0.723 0.307 -0.001 0.272 0.065 0.000 0.000 0.000
-0.765 1.833 1.184 0.737 0.310 -0.001 0.253 0.053 0.000 0.000 0.000
-0.728 1.848 1.184 0.749 0.313 -0.001 0.233 0.040 0.000 0.000 0.000
-0.690 1.864 1.184 0.760 0.314 -0.001 0.212 0.027 0.000 0.000 0.000
-0.652 1.880 1.184 0.770 0.315 -0.001 0.192 0.013 0.001 0.000 0.000
-0.613 1.895 1.184 0.779 0.315 -0.001 0.170 -0.001 0.001 0.000 0.000
-0.574 1.911 1.183 0.787 0.315 -0.001 0.148 -0.015 0.001 0.000 0.000
-0.535 1.927 1.183 0.794 0.314 -0.001 0.126 -0.029 0.001 0.000 0.000
-0.495 1.943 1.183 0.799 0.312 -0.001 0.104 -0.043 0.001 0.000 0.000
-0.455 1.958 1.183 0.804 0.310 -0.001 0.081 -0.058 0.001 0.000 0.000
-0.415 1.974 1.183 0.808 0.306 -0.001 0.058 -0.072 0.001 0.000 0.000
-0.374 1.989 1.183 0.810 0.302 -0.001 0.036 -0.087 0.001 0.000 0.000
-0.334 2.004 1.183 0.811 0.298 -0.001 0.013 -0.102 0.001 0.000 0.000
-0.293 2.019 1.183 0.811 0.292 -0.001 -0.009 -0.116 0.001 0.000 0.000
-0.252 2.033 1.183 0.810 0.286 -0.000 -0.032 -0.131 0.001 0.000 0.000
-0.212 2.047 1.183 0.808 0.279 -0.000 -0.054 -0.145 0.001 0.000 0.000
-0.172 2.061 1.183 0.805 0.272 -0.000 -0.076 -0.159 0.001 0.000 0.000
-0.132 2.074 1.183 0.801 0.263 -0.000 -0.097 -0.173 0.001 0.000 0.000
-0.092 2.087 1.183 0.795 0.254 -0.000 -0.118 -0.186 0.001 0.000 0.000
-0.052 2.100 1.183 0.789 0.245 -0.000 -0.138 -0.200 0.001 0.000 0.000
-0.013 2.112 1.183 0.781 0.234 -0.000 -0.157 -0.213 0.001 0.000 0.000
0.026 2.123 1.183 0.773 0.223 0.000 -0.176 -0.225 0.001 0.000 0.000
0.064 2.134 1.183 0.764 0.212 0.000 -0.194 -0.237 0.001 0.000 0.000
0.102 2.144 1.183 0.754 0.200 0.000 -0.211 -0.249 0.001 0.000 0.000
0.140 2.154 1.183 0.743 0.187 0.000 -0.228 -0.260 0.001 0.000 0.000
0.177 2.163 1.183 0.731 0.174 0.000 -0.243 -0.271 0.001 0.000 0.000
0.213 2.171 1.183 0.718 0.160 0.000 -0.257 -0.281 0.001 0.000 0.000
0.248 2.179 1.183 0.705 0.146 0.000 -0.271 -0.290 0.001 0.000 0.000
0.283 2.186 1.183 0.691 0.131 0.001 -0.283 -0.299 0.001 0.000 0.000
0.318 2.192 1.183 0.677 0.116 0.001 -0.294 -0.307 0.001 0.000 0.000
0.351 2.197 1.183 0.662 0.100 0.001 -0.303 -0.314 0.001 0.000 0.000
0.384 2.202 1.183 0.647 0.084 0.001 -0.312 -0.321 0.001 0.000 0.000
0.416 2.206 1.183 0.631 0.068 0.001 -0.319 -0.327 0.001 0.000 0.000
0.447 2.209 1.183 0.615 0.052 0.001 -0.325 -0.332 0.001 0.000 0.000
0.477 2.211 1.183 0.598 0.035 0.001 -0.329 -0.337 0.001 0.000 0.000
0.507 2.212 1.183 0.582 0.018 0.001 -0.332 -0.340 0.001 0.000 0.000
0.535 2.213 1.184 0.565 0.001 0.001 -0.334 -0.343 0.001 0.000 0.000
0.563 2.212 1.184 0.548 -0.016 0.001 -0.334 -0.345 0.001 0.000 0.000
0.590 2.211 1.184 0.532 -0.033 0.001 -0.333 -0.346 0.001 0.000 0.000
0.616 2.209 1.184 0.515 -0.051 0.001 -0.330 -0.346 0.001 0.000 0.000
0.642 2.206 1.184 0.499 -0.068 0.001 -0.326 -0.346 0.001 0.000 0.000
0.666 2.202 1.184 0.483 -0.085 0.001 -0.321 -0.344 0.001 0.000 0.000
0.690 2.198 1.184 0.467 -0.102 0.001 -0.314 -0.342 0.001 0.000 0.000
0.713 2.192 1.184 0.451 -0.119 0.001 -0.305 -0.338 0.001 0.000 0.000
0.735 2.186 1.184 0.436 -0.136 0.001 -0.296 -0.334 0.000 0.000 0.000
0.757 2.178 1.184 0.422 -0.153 0.001 -0.285 -0.329 0.000 0.000 0.000
0.777 2.170 1.184 0.408 -0.169 0.001 -0.272 -0.324 0.000 0.000 0.000
0.797 2.162 1.184 0.394 -0.185 0.001 -0.259 -0.317 0.000 0.000 0.000
0.817 2.152 1.184 0.382 -0.201 0.001 -0.244 -0.310 0.000 0.000 0.000
0.836 2.141 1.184 0.370 -0.216 0.001 -0.228 -0.301 -0.000 0.000 0.000
0.854 2.130 1.184 0.359 -0.231 0.001 -0.211 -0.292 -0.000 0.000 0.000
0.871 2.118 1.185 0.349 -0.245 0.001 -0.192 -0.283 -0.000 0.000 0.000
0.889 2.106 1.185 0.340 -0.259 0.001 -0.173 -0.272 -0.000 0.000 0.000
0.905 2.092 1.185 0.332 -0.273 0.001 -0.153 -0.261 -0.001 0.000 0.000
0.922 2.079 1.185 0.325 -0.285 0.001 -0.133 -0.250 -0.001 0.000 0.000
0.938 2.064 1.185 0.318 -0.298 0.001 -0.112 -0.237 -0.001 0.000 0.000
0.954 2.049 1.185 0.313 -0.309 0.001 -0.090 -0.225 -0.001 0.000 0.000
0.969 2.033 1.185 0.309 -0.320 0.001 -0.067 -0.212 -0.001 0.000 0.000
0.985 2.017 1.185 0.307 -0.330 0.001 -0.045 -0.198 -0.001 0.000 0.000
1.000 2.000 1.185 0.305 -0.340 0.001 -0.022 -0.184 -0.001 0.000 0.000
1.015 1.983 1.185 0.304 -0.349 0.001 0.000 -0.170 -0.001 0.000 0.000
1.030 1.965 1.185 0.305 -0.357 0.001 0.023 -0.155 -0.001 0.000 0.000
1.046 1.947 1.185 0.307 -0.364 0.001 0.045 -0.141 -0.002 0.000 0.000
1.061 1.929 1.185 0.309 -0.371 0.001 0.066 -0.126 -0.002 0.000 0.000
1.077 1.910 1.185 0.313 -0.377 0.001 0.087 -0.111 -0.002 0.000 0.000
1.092 1.891 1.185 0.318 -0.382 0.001 0.107 -0.097 -0.002 0.000 0.000
1.109 1.872 1.185 0.324 -0.386 0.001 0.126 -0.082 -0.002 0.000 0.000
1.125 1.852 1.185 0.331 -0.390 0.000 0.143 -0.068 -0.002 0.000 0.000
1.142 1.833 1.185 0.338 -0.393 0.000 0.159 -0.055 -0.002 0.000 0.000
1.159 1.813 1.185 0.347 -0.396 0.000 0.174 -0.042 -0.002 0.000 0.000
1.176 1.793 1.185 0.356 -0.397 0.000 0.187 -0.029 -0.002 0.000 0.000
1.194 1.773 1.185 0.365 -0.399 0.000 0.198 -0.017 -0.002 0.000 0.000
1.213 1.753 1.185 0.375 -0.399 -0.000 0.206 -0.006 -0.002 0.000 0.000
1.232 1.733 1.185 0.386 -0.399 -0.000 0.213 0.005 -0.002 0.000 0.000
1.251 1.714 1.185 0.397 -0.399 -0.000 0.217 0.015 -0.002 0.000 0.000
1.272 1.694 1.185 0.407 -0.398 -0.000 0.219 0.023 -0.002 0.000 0.000
1.292 1.674 1.185 0.418 -0.396 -0.000 0.218 0.031 -0.002 0.000 0.000
1.313 1.654 1.185 0.429 -0.395 -0.000 0.214 0.038 -0.001 0.000 0.000
1.335 1.634 1.185 0.440 -0.393 -0.001 0.208 0.044 -0.001 0.000 0.000
1.357 1.615 1.185 0.450 -0.390 -0.001 0.199 0.048 -0.001 0.000 0.000
1.380 1.595 1.185 0.460 -0.388 -0.001 0.188 0.052 -0.001 0.000 0.000
1.403 1.576 1.185 0.469 -0.385 -0.001 0.173 0.054 -0.001 0.000 0.000
1.427 1.557 1.185 0.477 -0.382 -0.001 0.156 0.055 -0.001 0.000 0.000
1.451 1.538 1.185 0.484 -0.380 -0.001 0.137 0.055 -0.001 0.000 0.000
1.475 1.519 1.185 0.491 -0.377 -0.001 0.115 0.054 -0.000 0.000 0.000
1.500 1.500 1.185 0.496 -0.374 -0.001 0.090 0.051 -0.000 0.000 0.000
1.525 1.481 1.185 0.500 -0.372 -0.001 0.064 0.048 0.000 0.000 0.000
1.550 1.463 1.185 0.502 -0.370 -0.001 0.035 0.043 0.000 0.000 0.000
1.575 1.444 1.185 0.503 -0.368 -0.001 0.005 0.037 0.001 0.000 0.000
1.600 1.426 1.185 0.502 -0.366 -0.001 -0.027 0.030 0.001 0.000 0.000
1.625 1.408 1.185 0.500 -0.365 -0.001 -0.060 0.023 0.001 0.000 0.000
1.650 1.390 1.185 0.496 -0.364 -0.001 -0.094 0.015 0.001 0.000 0.000
1.675 1.371 1.185 0.491 -0.363 -0.001 -0.128 0.005 0.001 0.000 0.000
1.699 1.353 1.185 0.484 -0.363 -0.001 -0.163 -0.004 0.002 0.000 0.000
1.723 1.335 1.185 0.475 -0.363 -0.000 -0.197 -0.014 0.002 0.000 0.000
1.747 1.317 1.185 0.464 -0.364 -0.000 -0.231 -0.025 0.002 0.000 0.000
1.770 1.299 1.185 0.452 -0.366 -0.000 -0.264 -0.036 0.002 0.000 0.000
1.792 1.280 1.185 0.438 -0.368 -0.000 -0.296 -0.047 0.002 0.000 0.000
1.813 1.262 1.185 0.422 -0.371 -0.000 -0.326 -0.058 0.002 0.000 0.000
1.834 1.243 1.185 0.405 -0.374 0.000 -0.354 -0.068 0.002 0.000 0.000
1.854 1.224 1.185 0.387 -0.377 0.000 -0.380 -0.079 0.002 0.000 0.000
1.873 1.205 1.185 0.367 -0.382 0.000 -0.403 -0.089 0.002 0.000 0.000
1.891 1.186 1.185 0.346 -0.386 0.000 -0.424 -0.099 0.002 0.000 0.000
1.907 1.167 1.185 0.325 -0.392 0.000 -0.442 -0.108 0.002 0.000 0.000
1.923 1.147 1.185 0.302 -0.397 0.001 -0.456 -0.117 0.002 0.000 0.000
1.937 1.127 1.185 0.279 -0.403 0.001 -0.466 -0.125 0.002 0.000 0.000
1.951 1.107 1.185 0.256 -0.410 0.001 -0.473 -0.131 0.002 0.000 0.000
1.963 1.086 1.185 0.232 -0.416 0.001 -0.476 -0.137 0.001 0.000 0.000
1.974 1.065 1.185 0.208 -0.423 0.001 -0.476 -0.142 0.001 0.000 0.000
1.984 1.044 1.185 0.184 -0.431 0.001 -0.471 -0.146 0.001 0.000 0.000
1.993 1.022 1.185 0.161 -0.438 0.001 -0.462 -0.148 0.000 0.000 0.000
2.000 1.000 1.185 0.138 -0.445 0.001 -0.450 -0.149 0.000 0.000 0.000
2.006 0.978 1.185 0.116 -0.453 0.001 -0.434 -0.149 -0.000 0.000 0.000
2.012 0.955 1.185 0.095 -0.460 0.001 -0.415 -0.147 -0.001 0.000 0.000
2.016 0.932 1.185 0.075 -0.468 0.001 -0.392 -0.145 -0.001 0.000 0.000
2.019 0.908 1.185 0.056 -0.475 0.001 -0.366 -0.140 -0.001 0.000 0.000
2.021 0.884 1.185 0.038 -0.482 0.001 -0.338 -0.135 -0.002 0.000 0.000
2.023 0.860 1.185 0.022 -0.488 0.001 -0.308 -0.128 -0.002 0.000 0.000
2.024 0.835 1.185 0.007 -0.494 0.001 -0.276 -0.120 -0.002 0.000 0.000
2.024 0.810 1.185 -0.006 -0.500 0.000 -0.243 -0.110 -0.003 0.000 0.000
2.023 0.785 1.185 -0.017 -0.505 0.000 -0.210 -0.099 -0.003 0.000 0.000
2.022 0.760 1.185 -0.027 -0.510 0.000 -0.175 -0.087 -0.003 0.000 0.000
2.021 0.734 1.185 -0.035 -0.514 -0.000 -0.141 -0.075 -0.003 0.000 0.000
2.019 0.708 1.185 -0.041 -0.517 -0.000 -0.108 -0.061 -0.004 0.000 0.000
2.016 0.683 1.185 -0.045 -0.520 -0.000 -0.076 -0.046 -0.004 0.000 0.000
2.014 0.656 1.185 -0.048 -0.522 -0.001 -0.045 -0.030 -0.004 0.000 0.000
2.012 0.630 1.185 -0.050 -0.523 -0.001 -0.016 -0.014 -0.004 0.000 0.000
2.009 0.604 1.185 -0.050 -0.523 -0.001 0.011 0.003 -0.003 0.000 0.000
2.007 0.578 1.185 -0.049 -0.523 -0.001 0.035 0.020 -0.003 0.000 0.000
2.004 0.552 1.185 -0.047 -0.521 -0.001 0.056 0.037 -0.003 0.000 0.000
2.002 0.526 1.185 -0.043 -0.519 -0.001 0.074 0.055 -0.003 0.000 0.000
2.000 0.500 1.185 -0.039 -0.516 -0.001 0.089 0.072 -0.002 0.000 0.000
1.998 0.474 1.185 -0.034 -0.512 -0.002 0.100 0.090 -0.002 0.000 0.000
1.997 0.449 1.185 -0.029 -0.507 -0.002 0.108 0.107 -0.001 0.000 0.000
1.995 0.424 1.185 -0.024 -0.501 -0.002 0.112 0.123 -0.000 0.000 0.000
1.994 0.399 1.185 -0.018 -0.495 -0.002 0.114 0.139 0.000 0.000 0.000
1.993 0.374 1.185 -0.012 -0.487 -0.002 0.112 0.154 0.001 0.000 0.000
1.993 0.350 1.185 -0.007 -0.479 -0.002 0.107 0.168 0.002 0.000 0.000
1.993 0.326 1.184 -0.002 -0.471 -0.001 0.100 0.180 0.002 0.000 0.000
1.993 0.303 1.184 0.003 -0.461 -0.001 0.090 0.192 0.003 0.000 0.000
1.993 0.280 1.184 0.007 -0.452 -0.001 0.078 0.201 0.004 0.000 0.000
1.993 0.258 1.184 0.011 -0.441 -0.001 0.065 0.209 0.004 0.000 0.000
1.994 0.236 1.184 0.014 -0.431 -0.001 0.050 0.216 0.005 0.000 0.000
1.995 0.215 1.184 0.016 -0.420 -0.001 0.035 0.220 0.005 0.000 0.000
1.996 0.194 1.184 0.017 -0.409 -0.000 0.019 0.222 0.006 0.000 0.000
1.996 0.174 1.184 0.018 -0.398 0.000 0.003 0.222 0.006 0.000 0.000
1.997 0.154 1.184 0.017 -0.386 0.000 -0.013 0.220 0.007 0.000 0.000
1.998 0.135 1.184 0.016 -0.376 0.001 -0.028 0.216 0.007 0.000 0.000
1.999 0.117 1.184 0.014 -0.365 0.001 -0.042 0.209 0.007 0.000 0.000
2.000 0.099 1.184 0.012 -0.355 0.001 -0.055 0.200 0.007 0.000 0.000
2.000 0.081 1.184 0.009 -0.345 0.002 -0.066 0.188 0.007 0.000 0.000
2.001 0.064 1.184 0.006 -0.336 0.002 -0.074 0.174 0.006 0.000 0.000
2.001 0.048 1.185 0.002 -0.328 0.002 -0.081 0.158 0.006 0.000 0.000
2.001 0.031 1.185 -0.003 -0.320 0.003 -0.085 0.139 0.005 0.000 0.000
2.000 0.016 1.185 -0.007 -0.314 0.003 -0.087 0.119 0.005 0.000 0.000
2.000 -0.000 1.185 -0.011 -0.308 0.003 -0.086 0.096 0.004 0.000 0.000
1.999 -0.015 1.185 -0.015 -0.304 0.003 -0.082 0.072 0.003 0.000 0.000
1.998 -0.030 1.185 -0.019 -0.301 0.003 -0.076 0.046 0.002 0.000 0.000
1.997 -0.045 1.185 -0.023 -0.300 0.003 -0.067 0.019 0.001 0.000 0.000
1.996 -0.060 1.186 -0.026 -0.299 0.003 -0.056 -0.009 -0.001 0.000 0.000
1.995 -0.075 1.186 -0.028 -0.300 0.003 -0.042 -0.037 -0.002 0.000 0.000
1.993 -0.090 1.186 -0.030 -0.303 0.003 -0.027 -0.066 -0.003 0.000 0.000
1.992 -0.106 1.186 -0.031 -0.307 0.003 -0.011 -0.095 -0.004 0.000 0.000
1.990 -0.121 1.186 -0.031 -0.313 0.003 0.007 -0.124 -0.006 0.000 0.000
1.989 -0.137 1.186 -0.030 -0.319 0.003 0.025 -0.151 -0.007 0.000 0.000
1.987 -0.153 1.187 -0.029 -0.328 0.002 0.043 -0.178 -0.008 0.000 0.000
1.986 -0.170 1.187 -0.026 -0.337 0.002 0.062 -0.203 -0.009 0.000 0.000
1.985 -0.187 1.187 -0.023 -0.348 0.001 0.080 -0.227 -0.010 0.000 0.000
1.984 -0.205 1.187 -0.018 -0.360 0.001 0.097 -0.248 -0.011 0.000 0.000
1.983 -0.223 1.187 -0.013 -0.373 0.000 0.112 -0.267 -0.011 0.000 0.000
1.982 -0.242 1.187 -0.007 -0.386 -0.000 0.126 -0.283 -0.012 0.000 0.000
1.982 -0.262 1.187 -0.000 -0.401 -0.001 0.137 -0.296 -0.012 0.000 0.000
1.982 -0.282 1.187 0.007 -0.416 -0.002 0.146 -0.306 -0.012 0.000 0.000
1.983 -0.303 1.187 0.014 -0.431 -0.002 0.152 -0.312 -0.012 0.000 0.000
1.984 -0.325 1.186 0.022 -0.447 -0.003 0.154 -0.314 -0.011 0.000 0.000
1.985 -0.348 1.186 0.030 -0.463 -0.003 0.153 -0.313 -0.010 0.000 0.000
1.987 -0.371 1.186 0.037 -0.478 -0.004 0.149 -0.308 -0.009 0.000 0.000
1.989 -0.396 1.186 0.044 -0.494 -0.004 0.140 -0.298 -0.008 0.000 0.000
1.991 -0.421 1.186 0.051 -0.508 -0.005 0.128 -0.285 -0.007 0.000 0.000
1.994 -0.447 1.186 0.057 -0.522 -0.005 0.111 -0.268 -0.005 0.000 0.000
1.997 -0.473 1.185 0.062 -0.535 -0.005 0.090 -0.246 -0.003 0.000 0.000
2.000 -0.500 1.185 0.066 -0.547 -0.005 0.066 -0.222 -0.001 0.000 0.000
2.003 -0.528 1.185 0.069 -0.557 -0.005 0.038 -0.194 0.001 0.000 0.000
2.007 -0.556 1.184 0.070 -0.566 -0.005 0.006 -0.163 0.003 0.000 0.000
2.010 -0.584 1.184 0.069 -0.573 -0.005 -0.028 -0.130 0.006 0.000 0.000
2.014 -0.613 1.184 0.067 -0.579 -0.004 -0.065 -0.094 0.008 0.000 0.000
2.017 -0.642 1.184 0.063 -0.583 -0.004 -0.104 -0.057 0.011 0.000 0.000
2.020 -0.671 1.184 0.056 -0.585 -0.003 -0.144 -0.019 0.013 0.000 0.000
2.023 -0.700 1.183 0.048 -0.585 -0.003 -0.185 0.019 0.015 0.000 0.000
2.025 -0.730 1.183 0.038 -0.583 -0.002 -0.227 0.057 0.017 0.000 0.000
2.026 -0.759 1.183 0.026 -0.579 -0.001 -0.268 0.095 0.019 0.000 0.000
2.027 -0.787 1.183 0.011 -0.573 0.000 -0.307 0.131 0.021 0.000 0.000
2.027 -0.816 1.183 -0.005 -0.566 0.001 -0.345 0.165 0.022 0.000 0.000
2.027 -0.844 1.183 -0.023 -0.557 0.002 -0.381 0.196 0.023 0.000 0.000
2.025 -0.872 1.183 -0.043 -0.546 0.003 -0.413 0.224 0.023 0.000 0.000
2.022 -0.899 1.184 -0.065 -0.534 0.004 -0.442 0.249 0.023 0.000 0.000
2.019 -0.925 1.184 -0.087 -0.521 0.006 -0.467 0.270 0.022 0.000 0.000
2.014 -0.951 1.184 -0.111 -0.507 0.007 -0.488 0.286 0.021 0.000 0.000
2.007 -0.976 1.185 -0.136 -0.493 0.008 -0.504 0.298 0.020 0.000 0.000
2.000 -1.000 1.185 -0.162 -0.478 0.009 -0.514 0.304 0.018 0.000 0.000
1.991 -1.024 1.185 -0.187 -0.462 0.009 -0.519 0.306 0.015 0.000 0.000
1.981 -1.046 1.186 -0.213 -0.447 0.010 -0.519 0.303 0.012 0.000 0.000
1.970 -1.068 1.186 -0.239 -0.432 0.011 -0.513 0.295 0.009 0.000 0.000
1.957 -1.089 1.187 -0.265 -0.418 0.011 -0.502 0.283 0.005 0.000 0.000
1.943 -1.110 1.188 -0.289 -0.404 0.011 -0.487 0.266 0.001 0.000 0.000
1.928 -1.130 1.188 -0.313 -0.391 0.011 -0.466 0.244 -0.004 0.000 0.000
1.912 -1.149 1.189 -0.336 -0.380 0.011 -0.441 0.220 -0.008 0.000 0.000
1.895 -1.168 1.189 -0.357 -0.369 0.010 -0.411 0.192 -0.013 0.000 0.000
1.877 -1.186 1.190 -0.377 -0.361 0.009 -0.378 0.161 -0.017 0.000 0.000
1.857 -1.204 1.190 -0.395 -0.353 0.008 -0.342 0.128 -0.022 0.000 0.000
1.837 -1.221 1.191 -0.411 -0.348 0.007 -0.304 0.094 -0.026 0.000 0.000
1.816 -1.239 1.191 -0.425 -0.344 0.006 -0.263 0.059 -0.031 0.000 0.000
1.795 -1.256 1.191 -0.437 -0.342 0.004 -0.221 0.024 -0.034 0.000 0.000
1.772 -1.273 1.191 -0.447 -0.342 0.002 -0.179 -0.012 -0.038 0.000 0.000
1.750 -1.290 1.191 -0.455 -0.343 0.000 -0.136 -0.046 -0.041 0.000 0.000
1.727 -1.307 1.191 -0.461 -0.346 -0.002 -0.094 -0.078 -0.043 0.000 0.000
1.704 -1.325 1.191 -0.465 -0.351 -0.004 -0.052 -0.109 -0.045 0.000 0.000
1.680 -1.342 1.191 -0.466 -0.357 -0.006 -0.012 -0.137 -0.046 0.000 0.000
1.657 -1.360 1.191 -0.466 -0.364 -0.008 0.025 -0.161 -0.046 0.000 0.000
1.634 -1.379 1.190 -0.464 -0.373 -0.011 0.060 -0.182 -0.046 0.000 0.000
1.611 -1.398 1.189 -0.460 -0.382 -0.013 0.092 -0.198 -0.044 0.000 0.000
1.588 -1.417 1.189 -0.455 -0.393 -0.015 0.120 -0.210 -0.042 0.000 0.000
1.565 -1.437 1.188 -0.448 -0.403 -0.017 0.144 -0.217 -0.039 0.000 0.000
1.543 -1.457 1.187 -0.440 -0.414 -0.019 0.163 -0.218 -0.035 0.000 0.000
1.521 -1.478 1.186 -0.432 -0.425 -0.021 0.178 -0.215 -0.030 0.000 0.000
1.500 -1.500 1.185 -0.423 -0.436 -0.022 0.189 -0.206 -0.025 0.000 0.000
1.479 -1.522 1.184 -0.413 -0.446 -0.023 0.194 -0.191 -0.018 0.000 0.000
1.459 -1.545 1.183 -0.403 -0.455 -0.024 0.195 -0.172 -0.011 0.000 0.000
1.439 -1.567 1.181 -0.394 -0.463 -0.024 0.191 -0.147 -0.004 0.000 0.000
1.419 -1.591 1.180 -0.384 -0.469 -0.024 0.182 -0.118 0.004 0.000 0.000
1.400 -1.614 1.179 -0.376 -0.474 -0.024 0.169 -0.084 0.012 0.000 0.000
1.382 -1.638 1.178 -0.368 -0.478 -0.023 0.152 -0.047 0.021 0.000 0.000
1.364 -1.662 1.177 -0.360 -0.479 -0.022 0.131 -0.007 0.029 0.000 0.000
1.346 -1.686 1.176 -0.354 -0.478 -0.020 0.107 0.036 0.038 0.000 0.000
1.328 -1.710 1.175 -0.350 -0.475 -0.018 0.081 0.081 0.046 0.000 0.000
1.311 -1.734 1.174 -0.346 -0.470 -0.015 0.052 0.128 0.054 0.000 0.000
1.293 -1.757 1.173 -0.345 -0.463 -0.013 0.022 0.175 0.061 0.000 0.000
1.276 -1.780 1.173 -0.344 -0.453 -0.009 -0.010 0.221 0.068 0.000 0.000
1.259 -1.802 1.172 -0.346 -0.440 -0.006 -0.042 0.267 0.074 0.000 0.000
1.242 -1.824 1.172 -0.348 -0.426 -0.002 -0.074 0.312 0.078 0.000 0.000
1.224 -1.845 1.172 -0.353 -0.409 0.002 -0.106 0.354 0.082 0.000 0.000
1.206 -1.865 1.172 -0.359 -0.391 0.006 -0.136 0.393 0.084 0.000 0.000
1.188 -1.884 1.173 -0.367 -0.370 0.010 -0.165 0.429 0.085 0.000 0.000
1.170 -1.902 1.173 -0.375 -0.348 0.015 -0.192 0.461 0.085 0.000 0.000
1.151 -1.919 1.174 -0.386 -0.324 0.019 -0.216 0.488 0.082 0.000 0.000
1.131 -1.934 1.175 -0.397 -0.299 0.023 -0.238 0.509 0.079 0.000 0.000
1.111 -1.948 1.176 -0.409 -0.273 0.027 -0.255 0.526 0.073 0.000 0.000
1.090 -1.961 1.178 -0.423 -0.247 0.030 -0.269 0.536 0.066 0.000 0.000
1.069 -1.973 1.180 -0.436 -0.220 0.033 -0.279 0.540 0.057 0.000 0.000
1.046 -1.983 1.181 -0.450 -0.193 0.036 -0.285 0.539 0.046 0.000 0.000
1.024 -1.992 1.183 -0.465 -0.166 0.038 -0.287 0.530 0.034 0.000 0.000
1.000 -2.000 1.185 -0.479 -0.140 0.039 -0.284 0.516 0.020 0.000 0.000
0.976 -2.006 1.187 -0.493 -0.115 0.040 -0.277 0.496 0.005 0.000 0.000
0.951 -2.011 1.189 -0.507 -0.090 0.040 -0.266 0.470 -0.012 0.000 0.000
0.925 -2.015 1.191 -0.520 -0.068 0.039 -0.250 0.440 -0.030 0.000 0.000
0.899 -2.018 1.193 -0.532 -0.046 0.037 -0.232 0.405 -0.048 0.000 0.000
0.872 -2.020 1.195 -0.543 -0.027 0.034 -0.210 0.366 -0.068 0.000 0.000
0.845 -2.021 1.196 -0.553 -0.010 0.030 -0.185 0.324 -0.087 0.000 0.000
0.817 -2.021 1.198 -0.561 0.005 0.025 -0.159 0.280 -0.107 0.000 0.000
0.788 -2.021 1.199 -0.568 0.018 0.019 -0.130 0.234 -0.127 0.000 0.000
0.760 -2.019 1.199 -0.574 0.029 0.012 -0.101 0.189 -0.147 0.000 0.000
0.731 -2.018 1.200 -0.578 0.037 0.004 -0.071 0.143 -0.166 0.000 0.000
0.702 -2.016 1.200 -0.581 0.043 -0.004 -0.041 0.099 -0.183 0.000 0.000
0.673 -2.013 1.199 -0.583 0.047 -0.014 -0.011 0.057 -0.200 0.000 0.000
0.644 -2.011 1.198 -0.582 0.049 -0.024 0.017 0.017 -0.216 0.000 0.000
0.615 -2.009 1.197 -0.581 0.049 -0.035 0.044 -0.019 -0.229 0.000 0.000
0.586 -2.006 1.195 -0.578 0.047 -0.047 0.068 -0.050 -0.241 0.000 0.000
0.557 -2.004 1.192 -0.574 0.044 -0.060 0.090 -0.077 -0.251 0.000 0.000
0.528 -2.002 1.189 -0.569 0.039 -0.072 0.109 -0.099 -0.259 0.000 0.000
0.500 -2.000 1.185 -0.563 0.034 -0.085 0.125 -0.115 -0.265 0.000 0.000
0.472 -1.998 1.180 -0.557 0.028 -0.099 0.138 -0.126 -0.268 0.000 0.000
0.444 -1.997 1.175 -0.549 0.021 -0.112 0.148 -0.131 -0.269 0.000 0.000
0.417 -1.996 1.169 -0.542 0.015 -0.126 0.154 -0.132 -0.268 0.000 0.000
0.390 -1.996 1.163 -0.534 0.008 -0.139 0.156 -0.127 -0.265 0.000 0.000
0.364 -1.995 1.155 -0.526 0.002 -0.152 0.156 -0.117 -0.259 0.000 0.000
0.338 -1.996 1.147 -0.519 -0.003 -0.165 0.152 -0.103 -0.252 0.000 0.000
0.312 -1.996 1.139 -0.511 -0.008 -0.177 0.147 -0.086 -0.242 0.000 0.000
0.286 -1.996 1.130 -0.504 -0.012 -0.189 0.138 -0.067 -0.231 0.000 0.000
0.261 -1.997 1.120 -0.497 -0.015 -0.200 0.128 -0.045 -0.219 0.000 0.000
0.237 -1.998 1.110 -0.491 -0.016 -0.211 0.116 -0.022 -0.205 0.000 0.000
0.212 -1.999 1.099 -0.486 -0.017 -0.221 0.103 0.002 -0.190 0.000 0.000
0.188 -1.999 1.088 -0.481 -0.016 -0.230 0.090 0.025 -0.175 0.000 0.000
0.164 -2.000 1.076 -0.477 -0.014 -0.238 0.075 0.047 -0.159 0.000 0.000
0.140 -2.001 1.064 -0.473 -0.012 -0.246 0.062 0.067 -0.142 0.000 0.000
0.117 -2.001 1.051 -0.471 -0.008 -0.253 0.048 0.085 -0.125 0.000 0.000
0.093 -2.002 1.038 -0.469 -0.003 -0.258 0.036 0.099 -0.109 0.000 0.000
0.070 -2.002 1.025 -0.467 0.002 -0.263 0.024 0.110 -0.093 0.000 0.000
0.047 -2.001 1.012 -0.466 0.008 -0.268 0.014 0.116 -0.077 0.000 0.000
0.023 -2.001 0.999 -0.466 0.014 -0.271 0.006 0.118 -0.062 0.000 0.000
0.000 -2.000 0.985 -0.466 0.020 -0.274 -0.000 0.116 -0.048 0.000 0.000
-0.023 -1.999 0.971 -0.466 0.025 -0.276 -0.005 0.108 -0.036 0.000 0.000
-0.047 -1.997 0.957 -0.466 0.030 -0.278 -0.007 0.096 -0.024 0.000 0.000
-0.070 -1.996 0.943 -0.466 0.035 -0.278 -0.007 0.080 -0.013 0.000 0.000
-0.093 -1.994 0.930 -0.467 0.038 -0.279 -0.005 0.059 -0.004 0.000 0.000
-0.117 -1.992 0.916 -0.467 0.041 -0.279 -0.002 0.035 0.004 0.000 0.000
-0.140 -1.990 0.902 -0.467 0.042 -0.279 0.003 0.008 0.011 0.000 0.000
-0.163 -1.988 0.888 -0.466 0.041 -0.278 0.010 -0.021 0.016 0.000 0.000
-0.186 -1.986 0.874 -0.466 0.040 -0.277 0.017 -0.052 0.020 0.000 0.000
-0.210 -1.984 0.860 -0.465 0.036 -0.276 0.025 -0.083 0.023 0.000 0.000
-0.233 -1.982 0.846 -0.463 0.031 -0.275 0.034 -0.115 0.025 0.000 0.000
-0.256 -1.981 0.833 -0.461 0.025 -0.273 0.043 -0.145 0.025 0.000 0.000
-0.279 -1.980 0.819 -0.459 0.017 -0.272 0.051 -0.173 0.025 0.000 0.000
-0.302 -1.979 0.805 -0.456 0.007 -0.271 0.059 -0.199 0.024 0.000 0.000
-0.325 -1.979 0.792 -0.453 -0.003 -0.270 0.066 -0.221 0.022 0.000 0.000
-0.347 -1.980 0.778 -0.450 -0.015 -0.269 0.071 -0.238 0.019 0.000 0.000
-0.370 -1.981 0.765 -0.446 -0.027 -0.268 0.075 -0.251 0.016 0.000 0.000
-0.392 -1.982 0.752 -0.442 -0.040 -0.267 0.078 -0.258 0.012 0.000 0.000
-0.414 -1.985 0.738 -0.438 -0.053 -0.267 0.078 -0.259 0.008 0.000 0.000
-0.436 -1.988 0.725 -0.434 -0.065 -0.266 0.076 -0.253 0.004 0.000 0.000
-0.457 -1.991 0.712 -0.431 -0.078 -0.266 0.072 -0.240 -0.001 0.000 0.000
-0.479 -1.995 0.698 -0.427 -0.089 -0.266 0.065 -0.220 -0.005 0.000 0.000
-0.500 -2.000 0.685 -0.424 -0.100 -0.267 0.056 -0.193 -0.009 0.000 0.000
-0.521 -2.005 0.672 -0.422 -0.108 -0.267 0.044 -0.159 -0.012 0.000 0.000
-0.542 -2.011 0.658 -0.420 -0.115 -0.268 0.031 -0.119 -0.016 0.000 0.000
-0.563 -2.017 0.645 -0.419 -0.120 -0.269 0.015 -0.072 -0.018 0.000 0.000
-0.584 -2.023 0.631 -0.418 -0.123 -0.270 -0.002 -0.020 -0.020 0.000 0.000
-0.605 -2.029 0.618 -0.419 -0.122 -0.271 -0.020 0.037 -0.022 0.000 0.000
-0.626 -2.035 0.604 -0.420 -0.119 -0.272 -0.039 0.097 -0.023 0.000 0.000
-0.647 -2.041 0.591 -0.423 -0.112 -0.273 -0.058 0.160 -0.023 0.000 0.000
-0.668 -2.046 0.577 -0.426 -0.103 -0.274 -0.078 0.225 -0.022 0.000 0.000
-0.690 -2.051 0.563 -0.430 -0.090 -0.275 -0.097 0.290 -0.020 0.000 0.000
-0.711 -2.055 0.549 -0.436 -0.074 -0.276 -0.115 0.354 -0.017 0.000 0.000
-0.733 -2.058 0.536 -0.442 -0.055 -0.277 -0.131 0.416 -0.013 0.000 0.000
-0.755 -2.061 0.522 -0.449 -0.032 -0.278 -0.145 0.475 -0.009 0.000 0.000
-0.778 -2.062 0.508 -0.456 -0.007 -0.278 -0.157 0.530 -0.003 0.000 0.000
-0.801 -2.061 0.494 -0.464 0.021 -0.278 -0.166 0.580 0.004 0.000 0.000
-0.825 -2.059 0.480 -0.473 0.051 -0.277 -0.171 0.623 0.011 0.000 0.000
-0.848 -2.056 0.466 -0.481 0.083 -0.277 -0.173 0.658 0.019 0.000 0.000
-0.873 -2.051 0.452 -0.490 0.116 -0.276 -0.170 0.686 0.029 0.000 0.000
-0.897 -2.044 0.439 -0.498 0.151 -0.274 -0.164 0.704 0.039 0.000 0.000
-0.923 -2.036 0.425 -0.506 0.187 -0.272 -0.152 0.712 0.049 0.000 0.000
-0.948 -2.026 0.412 -0.514 0.222 -0.269 -0.136 0.711 0.061 0.000 0.000
-0.974 -2.014 0.398 -0.520 0.258 -0.266 -0.116 0.699 0.073 0.000 0.000
-1.000 -2.000 0.385 -0.525 0.292 -0.262 -0.091 0.676 0.085 0.000 0.000
-1.026 -1.985 0.372 -0.529 0.325 -0.257 -0.062 0.643 0.098 0.000 0.000
-1.053 -1.968 0.359 -0.531 0.356 -0.252 -0.028 0.601 0.111 0.000 0.000
-1.079 -1.949 0.347 -0.532 0.385 -0.246 0.009 0.548 0.124 0.000 0.000
-1.106 -1.929 0.335 -0.530 0.411 -0.239 0.049 0.488 0.137 0.000 0.000
-1.132 -1.908 0.323 -0.527 0.434 -0.232 0.092 0.419 0.149 0.000 0.000
-1.159 -1.886 0.312 -0.521 0.453 -0.224 0.136 0.344 0.162 0.000 0.000
-1.185 -1.863 0.301 -0.513 0.468 -0.216 0.182 0.264 0.173 0.000 0.000
-1.210 -1.839 0.290 -0.503 0.479 -0.207 0.229 0.180 0.184 0.000 0.000
-1.235 -1.815 0.280 -0.490 0.486 -0.198 0.275 0.093 0.194 0.000 0.000
-1.259 -1.791 0.270 -0.475 0.488 -0.188 0.320 0.005 0.203 0.000 0.000
-1.282 -1.766 0.261 -0.458 0.486 -0.177 0.364 -0.083 0.211 0.000 0.000
-1.305 -1.742 0.252 -0.439 0.480 -0.167 0.404 -0.169 0.217 0.000 0.000
-1.326 -1.718 0.244 -0.418 0.470 -0.156 0.442 -0.252 0.222 0.000 0.000
-1.346 -1.695 0.237 -0.395 0.455 -0.145 0.475 -0.330 0.225 0.000 0.000
-1.366 -1.673 0.230 -0.370 0.437 -0.133 0.504 -0.401 0.227 0.000 0.000
-1.383 -1.651 0.224 -0.345 0.415 -0.122 0.527 -0.466 0.227 0.000 0.000
-1.400 -1.631 0.218 -0.318 0.390 -0.111 0.545 -0.522 0.225 0.000 0.000
-1.415 -1.613 0.212 -0.290 0.363 -0.099 0.556 -0.569 0.221 0.000 0.000
-1.429 -1.595 0.208 -0.262 0.333 -0.089 0.561 -0.605 0.215 0.000 0.000
-1.441 -1.579 0.204 -0.234 0.303 -0.078 0.558 -0.630 0.208 0.000 0.000
-1.452 -1.565 0.200 -0.207 0.271 -0.068 0.549 -0.644 0.199 0.000 0.000
-1.462 -1.552 0.197 -0.179 0.238 -0.058 0.533 -0.645 0.188 0.000 0.000
-1.470 -1.541 0.194 -0.153 0.206 -0.049 0.509 -0.635 0.175 0.000 0.000
-1.477 -1.531 0.192 -0.129 0.175 -0.041 0.480 -0.613 0.161 0.000 0.000
-1.483 -1.523 0.190 -0.106 0.145 -0.033 0.444 -0.580 0.146 0.000 0.000
-1.488 -1.517 0.189 -0.084 0.117 -0.026 0.403 -0.536 0.130 0.000 0.000
-1.492 -1.512 0.187 -0.065 0.092 -0.020 0.357 -0.484 0.113 0.000 0.000
-1.495 -1.508 0.187 -0.049 0.069 -0.015 0.308 -0.424 0.096 0.000 0.000
-1.497 -1.505 0.186 -0.035 0.050 -0.010 0.256 -0.358 0.079 0.000 0.000
-1.498 -1.503 0.186 -0.023 0.033 -0.007 0.204 -0.290 0.062 0.000 0.000
-1.499 -1.501 0.185 -0.014 0.021 -0.004 0.154 -0.220 0.046 0.000 0.000
-1.500 -1.501 0.185 -0.008 0.011 -0.002 0.106 -0.154 0.031 0.000 0.000
-1.500 -1.500 0.185 -0.003 0.005 -0.001 0.065 -0.094 0.019 0.000 0.000
-1.500 -1.500 0.185 -0.001 0.002 -0.000 0.031 -0.046 0.009 0.000 0.000
-1.500 -1.500 0.185 -0.000 0.000 -0.000 0.008 -0.012 0.002 0.000 0.000
-1.500 -1.500 0.185 0.000 0.000 0.000 -0.000 0.000 0.000 0.000 0.000
-1.500 -1.500 0.185 -0.000 -0.000 -0.000 -0.000 -0.000 -0.000 0.000 0.000
-1.500 -1.500 0.185 -0.000 -0.000 -0.000 -0.000 -0.000 -0.001 0.000 0.000
-1.500 -1.500 0.185 -0.000 -0.000 -0.000 -0.000 -0.000 -0.002 0.000 0.000
-1.500 -1.500 0.185 -0.000 -0.000 -0.000 -0.000 -0.000 -0.003 0.000 0.000
-1.500 -1.500 0.185 -0.000 -0.000 -0.000 -0.000 -0.000 -0.004 0.000 0.000
-1.500 -1.500 0.185 -0.000 -0.000 -0.001 -0.000 -0.000 -0.006 0.000 0.000
-1.500 -1.500 0.185 -0.000 -0.000 -0.001 -0.000 -0.000 -0.008 0.000 0.000
-1.500 -1.500 0.185 -0.000 -0.000 -0.001 -0.000 -0.000 -0.011 0.000 0.000
-1.500 -1.500 0.185 -0.000 -0.000 -0.002 -0.000 -0.000 -0.013 0.000 0.000
-1.500 -1.500 0.185 -0.000 -0.000 -0.003 -0.000 -0.000 -0.016 0.000 0.000
-1.500 -1.500 0.184 -0.000 -0.000 -0.004 -0.000 -0.000 -0.018 0.000 0.000
-1.500 -1.500 0.184 -0.000 -0.000 -0.005 -0.000 -0.000 -0.021 0.000 0.000
-1.500 -1.500 0.184 -0.000 -0.000 -0.006 -0.000 -0.000 -0.024 0.000 0.000
-1.500 -1.500 0.184 -0.000 -0.000 -0.007 -0.000 -0.000 -0.027 0.000 0.000
-1.500 -1.500 0.183 -0.000 -0.000 -0.008 -0.000 -0.000 -0.030 0.000 0.000
-1.500 -1.500 0.183 -0.000 -0.000 -0.010 -0.000 -0.000 -0.033 0.000 0.000
-1.500 -1.500 0.182 -0.000 -0.000 -0.012 -0.000 -0.000 -0.036 0.000 0.000
-1.500 -1.500 0.182 -0.000 -0.000 -0.014 -0.000 -0.000 -0.040 0.000 0.000
-1.500 -1.500 0.181 -0.000 -0.000 -0.016 -0.000 -0.000 -0.043 0.000 0.000
-1.500 -1.500 0.180 -0.000 -0.000 -0.018 -0.000 -0.000 -0.046 0.000 0.000
-1.500 -1.500 0.179 -0.000 -0.000 -0.020 -0.000 -0.000 -0.049 0.000 0.000
-1.500 -1.500 0.178 -0.000 -0.000 -0.023 -0.000 -0.000 -0.052 0.000 0.000
-1.500 -1.500 0.177 -0.000 -0.000 -0.026 -0.000 -0.000 -0.055 0.000 0.000
-1.500 -1.500 0.175 -0.000 -0.000 -0.028 -0.000 -0.000 -0.058 0.000 0.000
-1.500 -1.500 0.174 -0.000 -0.000 -0.031 -0.000 -0.000 -0.061 0.000 0.000
-1.500 -1.500 0.172 -0.000 -0.000 -0.034 -0.000 -0.000 -0.063 0.000 0.000
-1.500 -1.500 0.171 -0.000 -0.000 -0.038 -0.000 -0.000 -0.066 0.000 0.000
-1.500 -1.500 0.169 -0.000 -0.000 -0.041 -0.000 -0.000 -0.068 0.000 0.000
-1.500 -1.500 0.166 -0.000 -0.000 -0.044 -0.000 -0.000 -0.071 0.000 0.000
-1.500 -1.500 0.164 -0.000 -0.000 -0.048 -0.000 -0.000 -0.073 0.000 0.000
-1.500 -1.500 0.162 -0.000 -0.000 -0.052 -0.000 -0.000 -0.075 0.000 0.000
-1.500 -1.500 0.159 -0.000 -0.000 -0.056 -0.000 -0.000 -0.077 0.000 0.000
-1.500 -1.500 0.156 -0.000 -0.000 -0.059 -0.000 -0.000 -0.079 0.000 0.000
-1.500 -1.500 0.153 -0.000 -0.000 -0.063 -0.000 -0.000 -0.080 0.000 0.000
-1.500 -1.500 0.150 -0.000 -0.000 -0.067 -0.000 -0.000 -0.082 0.000 0.000
-1.500 -1.500 0.146 -0.000 -0.000 -0.072 -0.000 -0.000 -0.083 0.000 0.000
-1.500 -1.500 0.143 -0.000 -0.000 -0.076 -0.000 -0.000 -0.084 0.000 0.000
-1.500 -1.500 0.139 -0.000 -0.000 -0.080 -0.000 -0.000 -0.085 0.000 0.000
-1.500 -1.500 0.135 -0.000 -0.000 -0.084 -0.000 -0.000 -0.086 0.000 0.000
-1.500 -1.500 0.130 -0.000 -0.000 -0.089 -0.000 -0.000 -0.086 0.000 0.000
-1.500 -1.500 0.126 -0.000 -0.000 -0.093 -0.000 -0.000 -0.087 0.000 0.000
-1.500 -1.500 0.121 -0.000 -0.000 -0.097 -0.000 -0.000 -0.087 0.000 0.000
-1.500 -1.500 0.116 -0.000 -0.000 -0.102 -0.000 -0.000 -0.087 0.000 0.000
-1.500 -1.500 0.111 -0.000 -0.000 -0.106 -0.000 -0.000 -0.087 0.000 0.000
-1.500 -1.500 0.105 -0.000 -0.000 -0.110 -0.000 -0.000 -0.086 0.000 0.000
-1.500 -1.500 0.100 -0.000 -0.000 -0.114 -0.000 -0.000 -0.086 0.000 0.000
-1.500 -1.500 0.094 -0.000 -0.000 -0.119 -0.000 -0.000 -0.085 0.000 0.000
-1.500 -1.500 0.088 -0.000 -0.000 -0.123 -0.000 -0.000 -0.084 0.000 0.000
-1.500 -1.500 0.082 -0.000 -0.000 -0.127 -0.000 -0.000 -0.083 0.000 0.000
-1.500 -1.500 0.075 -0.000 -0.000 -0.131 -0.000 -0.000 -0.082 0.000 0.000
-1.500 -1.500 0.069 -0.000 -0.000 -0.135 -0.000 -0.000 -0.080 0.000 0.000
-1.500 -1.500 0.062 -0.000 -0.000 -0.139 -0.000 -0.000 -0.079 0.000 0.000
-1.500 -1.500 0.055 -0.000 -0.000 -0.143 -0.000 -0.000 -0.077 0.000 0.000
-1.500 -1.500 0.047 -0.000 -0.000 -0.147 -0.000 -0.000 -0.075 0.000 0.000
-1.500 -1.500 0.040 -0.000 -0.000 -0.151 -0.000 -0.000 -0.073 0.000 0.000
-1.500 -1.500 0.032 -0.000 -0.000 -0.154 0.000 0.000 -0.071 0.000 0.000
-1.500 -1.500 0.024 -0.000 -0.000 -0.158 0.000 0.000 -0.069 0.000 0.000
-1.500 -1.500 0.017 -0.000 -0.000 -0.161 0.000 0.000 -0.066 0.000 0.000
-1.500 -1.500 0.008 -0.000 -0.000 -0.164 0.000 0.000 -0.063 0.000 0.000
-1.500 -1.500 0.000 -0.000 -0.000 -0.168 0.000 0.000 -0.061 0.000 0.000
-1.500 -1.500 -0.008 -0.000 -0.000 -0.170 0.000 0.000 -0.058 0.000 0.000
-1.500 -1.500 -0.017 -0.000 -0.000 -0.173 0.000 0.000 -0.055 0.000 0.000
-1.500 -1.500 -0.026 -0.000 -0.000 -0.176 0.000 0.000 -0.052 0.000 0.000
-1.500 -1.500 -0.035 -0.000 -0.000 -0.178 0.000 0.000 -0.048 0.000 0.000
-1.500 -1.500 -0.044 -0.000 -0.000 -0.181 0.000 0.000 -0.045 0.000 0.000
-1.500 -1.500 -0.053 -0.000 -0.000 -0.183 0.000 0.000 -0.042 0.000 0.000
-1.500 -1.500 -0.062 -0.000 -0.000 -0.185 0.000 0.000 -0.038 0.000 0.000
-1.500 -1.500 -0.071 -0.000 -0.000 -0.187 0.000 0.000 -0.034 0.000 0.000
-1.500 -1.500 -0.080 -0.000 -0.000 -0.188 0.000 0.000 -0.031 0.000 0.000
-1.500 -1.500 -0.090 -0.000 -0.000 -0.190 0.000 0.000 -0.027 0.000 0.000
-1.500 -1.500 -0.099 -0.000 -0.000 -0.191 0.000 0.000 -0.023 0.000 0.000
-1.500 -1.500 -0.109 -0.000 -0.000 -0.192 0.000 0.000 -0.020 0.000 0.000
-1.500 -1.500 -0.119 -0.000 -0.000 -0.193 0.000 0.000 -0.016 0.000 0.000
-1.500 -1.500 -0.128 -0.000 -0.000 -0.194 0.000 0.000 -0.012 0.000 0.000
-1.500 -1.500 -0.138 -0.000 -0.000 -0.194 0.000 0.000 -0.008 0.000 0.000
-1.500 -1.500 -0.148 -0.000 -0.000 -0.195 0.000 0.000 -0.004 0.000 0.000
-1.500 -1.500 -0.157 -0.000 -0.000 -0.195 0.000 0.000 -0.000 0.000 0.000
-1.500 -1.500 -0.167 -0.000 -0.000 -0.195 0.000 0.000 0.004 0.000 0.000
-1.500 -1.500 -0.177 -0.000 -0.000 -0.194 0.000 0.000 0.008 0.000 0.000
-1.500 -1.500 -0.187 -0.000 -0.000 -0.194 0.000 0.000 0.012 0.000 0.000
-1.500 -1.500 -0.196 -0.000 -0.000 -0.193 0.000 0.000 0.016 0.000 0.000
-1.500 -1.500 -0.206 -0.000 -0.000 -0.192 0.000 0.000 0.020 0.000 0.000
-1.500 -1.500 -0.216 -0.000 -0.000 -0.191 0.000 0.000 0.023 0.000 0.000
-1.500 -1.500 -0.225 -0.000 -0.000 -0.190 0.000 0.000 0.027 0.000 0.000
-1.500 -1.500 -0.235 0.000 0.000 -0.188 0.000 0.000 0.031 0.000 0.000
-1.500 -1.500 -0.244 0.000 0.000 -0.187 0.000 0.000 0.034 0.000 0.000
-1.500 -1.500 -0.253 0.000 0.000 -0.185 0.000 0.000 0.038 0.000 0.000
-1.500 -1.500 -0.262 0.000 0.000 -0.183 0.000 0.000 0.042 0.000 0.000
-1.500 -1.500 -0.271 0.000 0.000 -0.181 0.000 0.000 0.045 0.000 0.000
-1.500 -1.500 -0.280 0.000 0.000 -0.178 0.000 0.000 0.048 0.000 0.000
-1.500 -1.500 -0.289 0.000 0.000 -0.176 0.000 0.000 0.052 0.000 0.000
-1.500 -1.500 -0.298 0.000 0.000 -0.173 0.000 0.000 0.055 0.000 0.000
-1.500 -1.500 -0.307 0.000 0.000 -0.170 0.000 0.000 0.058 0.000 0.000
-1.500 -1.500 -0.315 0.000 0.000 -0.168 0.000 0.000 0.061 0.000 0.000
-1.500 -1.500 -0.323 0.000 0.000 -0.164 0.000 0.000 0.063 0.000 0.000
-1.500 -1.500 -0.332 0.000 0.000 -0.161 0.000 0.000 0.066 0.000 0.000
-1.500 -1.500 -0.339 0.000 0.000 -0.158 0.000 0.000 0.069 0.000 0.000
-1.500 -1.500 -0.347 0.000 0.000 -0.154 0.000 0.000 0.071 0.000 0.000
-1.500 -1.500 -0.355 0.000 0.000 -0.151 0.000 0.000 0.073 0.000 0.000
-1.500 -1.500 -0.362 0.000 0.000 -0.147 0.000 0.000 0.075 0.000 0.000
-1.500 -1.500 -0.370 0.000 0.000 -0.143 0.000 0.000 0.077 0.000 0.000
-1.500 -1.500 -0.377 0.000 0.000 -0.139 0.000 0.000 0.079 0.000 0.000
-1.500 -1.500 -0.384 0.000 0.000 -0.135 0.000 0.000 0.080 0.000 0.000
-1.500 -1.500 -0.390 0.000 0.000 -0.131 0.000 0.000 0.082 0.000 0.000
-1.500 -1.500 -0.397 0.000 0.000 -0.127 0.000 0.000 0.083 0.000 0.000
-1.500 -1.500 -0.403 0.000 0.000 -0.123 0.000 0.000 0.084 0.000 0.000
-1.500 -1.500 -0.409 0.000 0.000 -0.119 0.000 0.000 0.085 0.000 0.000
-1.500 -1.500 -0.415 0.000 0.000 -0.114 0.000 0.000 0.086 0.000 0.000
-1.500 -1.500 -0.420 0.000 0.000 -0.110 0.000 0.000 0.086 0.000 0.000
-1.500 -1.500 -0.426 0.000 0.000 -0.106 0.000 0.000 0.087 0.000 0.000
-1.500 -1.500 -0.431 0.000 0.000 -0.102 0.000 0.000 0.087 0.000 0.000
-1.500 -1.500 -0.436 0.000 0.000 -0.097 0.000 0.000 0.087 0.000 0.000
-1.500 -1.500 -0.441 0.000 0.000 -0.093 0.000 0.000 0.087 0.000 0.000
-1.500 -1.500 -0.445 0.000 0.000 -0.089 0.000 0.000 0.086 0.000 0.000
-1.500 -1.500 -0.450 0.000 0.000 -0.084 0.000 0.000 0.086 0.000 0.000
-1.500 -1.500 -0.454 0.000 0.000 -0.080 -0.000 -0.000 0.085 0.000 0.000
-1.500 -1.500 -0.458 0.000 0.000 -0.076 -0.000 -0.000 0.084 0.000 0.000
-1.500 -1.500 -0.461 0.000 0.000 -0.072 -0.000 -0.000 0.083 0.000 0.000
-1.500 -1.500 -0.465 0.000 0.000 -0.067 -0.000 -0.000 0.082 0.000 0.000
-1.500 -1.500 -0.468 0.000 0.000 -0.063 -0.000 -0.000 0.080 0.000 0.000
-1.500 -1.500 -0.471 0.000 0.000 -0.059 -0.000 -0.000 0.079 0.000 0.000
-1.500 -1.500 -0.474 0.000 0.000 -0.056 -0.000 -0.000 0.077 0.000 0.000
-1.500 -1.500 -0.477 0.000 0.000 -0.052 -0.000 -0.000 0.075 0.000 0.000
-1.500 -1.500 -0.479 0.000 0.000 -0.048 -0.000 -0.000 0.073 0.000 0.000
-1.500 -1.500 -0.481 0.000 0.000 -0.044 -0.000 -0.000 0.071 0.000 0.000
-1.500 -1.500 -0.484 0.000 0.000 -0.041 -0.000 -0.000 0.068 0.000 0.000
-1.500 -1.500 -0.486 0.000 0.000 -0.038 -0.000 -0.000 0.066 0.000 0.000
-1.500 -1.500 -0.487 0.000 0.000 -0.034 -0.000 -0.000 0.063 0.000 0.000
-1.500 -1.500 -0.489 0.000 0.000 -0.031 -0.000 -0.000 0.061 0.000 0.000
-1.500 -1.500 -0.490 0.000 0.000 -0.028 -0.000 -0.000 0.058 0.000 0.000
-1.500 -1.500 -0.492 0.000 0.000 -0.026 -0.000 -0.000 0.055 0.000 0.000
-1.500 -1.500 -0.493 0.000 0.000 -0.023 -0.000 -0.000 0.052 0.000 0.000
-1.500 -1.500 -0.494 0.000 0.000 -0.020 -0.000 -0.000 0.049 0.000 0.000
-1.500 -1.500 -0.495 0.000 0.000 -0.018 -0.000 -0.000 0.046 0.000 0.000
-1.500 -1.500 -0.496 0.000 0.000 -0.016 -0.000 -0.000 0.043 0.000 0.000
-1.500 -1.500 -0.497 0.000 0.000 -0.014 -0.000 -0.000 0.040 0.000 0.000
-1.500 -1.500 -0.497 0.000 0.000 -0.012 -0.000 -0.000 0.036 0.000 0.000
-1.500 -1.500 -0.498 0.000 0.000 -0.010 -0.000 -0.000 0.033 0.000 0.000
-1.500 -1.500 -0.498 0.000 0.000 -0.008 -0.000 -0.000 0.030 0.000 0.000
-1.500 -1.500 -0.499 0.000 0.000 -0.007 -0.000 -0.000 0.027 0.000 0.000
-1.500 -1.500 -0.499 0.000 0.000 -0.006 -0.000 -0.000 0.024 0.000 0.000
-1.500 -1.500 -0.499 0.000 0.000 -0.005 -0.000 -0.000 0.021 0.000 0.000
-1.500 -1.500 -0.499 -0.000 -0.000 -0.004 -0.000 -0.000 0.018 0.000 0.000
-1.500 -1.500 -0.500 -0.000 -0.000 -0.003 -0.000 -0.000 0.016 0.000 0.000
-1.500 -1.500 -0.500 -0.000 -0.000 -0.002 -0.000 -0.000 0.013 0.000 0.000
-1.500 -1.500 -0.500 -0.000 -0.000 -0.001 -0.000 -0.000 0.011 0.000 0.000
-1.500 -1.500 -0.500 -0.000 -0.000 -0.001 -0.000 -0.000 0.008 0.000 0.000
-1.500 -1.500 -0.500 -0.000 -0.000 -0.001 -0.000 -0.000 0.006 0.000 0.000
-1.500 -1.500 -0.500 -0.000 -0.000 -0.000 -0.000 -0.000 0.004 0.000 0.000
-1.500 -1.500 -0.500 -0.000 -0.000 -0.000 -0.000 -0.000 0.003 0.000 0.000
-1.500 -1.500 -0.500 -0.000 -0.000 -0.000 -0.000 -0.000 0.002 0.000 0.000
-1.500 -1.500 -0.500 -0.000 -0.000 -0.000 -0.000 -0.000 0.001 0.000 0.000
-1.500 -1.500 -0.500 -0.000 -0.000 -0.000 -0.000 -0.000 0.000 0.000 0.000
-1.500 -1.500 -0.500 -0.000 -0.000 -0.000 -0.000 -0.000 -0.000 0.000 0.000
