-1.500 1.500 0.185 -0.000 0.000 0.000 -0.000 0.000 0.002 0.000 0.000
-1.500 1.500 0.185 -0.000 0.000 0.000 -0.000 0.000 0.006 0.000 0.000
-1.500 1.500 0.185 -0.000 0.000 0.001 0.000 -0.000 0.013 0.000 0.000
-1.500 1.500 0.185 -0.000 0.000 0.002 0.000 -0.000 0.023 0.000 0.000
-1.500 1.500 0.185 -0.000 0.000 0.003 0.000 -0.000 0.034 0.000 0.000
-1.500 1.500 0.185 -0.000 0.000 0.005 0.000 -0.000 0.047 0.000 0.000
-1.500 1.500 0.186 -0.000 0.000 0.008 0.000 -0.000 0.061 0.000 0.000
-1.500 1.500 0.186 -0.000 0.000 0.011 0.000 -0.000 0.076 0.000 0.000
-1.500 1.500 0.187 -0.000 0.000 0.015 0.000 -0.000 0.092 0.000 0.000
-1.500 1.500 0.188 -0.000 0.000 0.020 0.000 -0.000 0.109 0.000 0.000
-1.500 1.500 0.189 -0.000 0.000 0.026 0.000 -0.000 0.126 0.000 0.000
-1.500 1.500 0.190 -0.000 0.000 0.033 0.000 -0.000 0.142 0.000 0.000
-1.500 1.500 0.192 -0.000 0.000 0.041 0.000 -0.000 0.159 0.000 0.000
-1.500 1.500 0.194 -0.000 0.000 0.049 0.000 -0.000 0.175 0.000 0.000
-1.500 1.500 0.197 -0.000 0.000 0.058 0.000 -0.000 0.191 0.000 0.000
-1.500 1.500 0.200 -0.000 0.000 0.068 0.000 -0.000 0.206 0.000 0.000
-1.500 1.500 0.204 -0.000 0.000 0.079 0.000 -0.000 0.221 0.000 0.000
-1.500 1.500 0.208 -0.000 0.000 0.090 0.000 -0.000 0.234 0.000 0.000
-1.500 1.500 0.213 -0.000 0.000 0.102 0.000 -0.000 0.247 0.000 0.000
-1.500 1.500 0.218 -0.000 0.000 0.115 0.000 -0.000 0.258 0.000 0.000
-1.500 1.500 0.224 -0.000 0.000 0.128 0.000 -0.000 0.268 0.000 0.000
-1.500 1.500 0.231 -0.000 0.000 0.141 0.000 -0.000 0.277 0.000 0.000
-1.500 1.500 0.239 -0.000 0.000 0.156 0.000 -0.000 0.285 0.000 0.000
-1.500 1.500 0.247 -0.000 0.000 0.170 0.000 -0.000 0.291 0.000 0.000
-1.500 1.500 0.256 -0.000 0.000 0.185 0.000 -0.000 0.295 0.000 0.000
-1.500 1.500 0.265 -0.000 0.000 0.199 0.000 -0.000 0.299 0.000 0.000
-1.500 1.500 0.276 -0.000 0.000 0.214 0.000 -0.000 0.300 0.000 0.000
-1.500 1.500 0.287 -0.000 0.000 0.229 0.000 -0.000 0.300 0.000 0.000
-1.500 1.500 0.298 -0.000 0.000 0.244 0.000 -0.000 0.299 0.000 0.000
-1.500 1.500 0.311 -0.000 0.000 0.259 0.000 -0.000 0.296 0.000 0.000
-1.500 1.500 0.324 -0.000 0.000 0.274 0.000 -0.000 0.292 0.000 0.000
-1.500 1.500 0.338 -0.000 0.000 0.288 0.000 -0.000 0.286 0.000 0.000
-1.500 1.500 0.353 -0.000 0.000 0.303 0.000 -0.000 0.279 0.000 0.000
-1.500 1.500 0.369 -0.000 0.000 0.316 0.000 -0.000 0.271 0.000 0.000
-1.500 1.500 0.385 -0.000 0.000 0.330 0.000 -0.000 0.261 0.000 0.000
-1.500 1.500 0.402 -0.000 0.000 0.342 0.000 -0.000 0.250 0.000 0.000
-1.500 1.500 0.419 -0.000 0.000 0.355 0.000 -0.000 0.237 0.000 0.000
-1.500 1.500 0.437 0.000 -0.000 0.366 0.000 -0.000 0.224 0.000 0.000
-1.500 1.500 0.456 0.000 -0.000 0.377 0.000 -0.000 0.209 0.000 0.000
-1.500 1.500 0.475 0.000 -0.000 0.387 0.000 -0.000 0.194 0.000 0.000
-1.500 1.500 0.494 0.000 -0.000 0.396 0.000 -0.000 0.177 0.000 0.000
-1.500 1.500 0.514 0.000 -0.000 0.405 0.000 -0.000 0.160 0.000 0.000
-1.500 1.500 0.535 0.000 -0.000 0.412 0.000 -0.000 0.141 0.000 0.000
-1.500 1.500 0.556 0.000 -0.000 0.419 0.000 -0.000 0.122 0.000 0.000
-1.500 1.500 0.577 0.000 -0.000 0.425 0.000 -0.000 0.103 0.000 0.000
-1.500 1.500 0.598 0.000 -0.000 0.429 0.000 -0.000 0.083 0.000 0.000
-1.500 1.500 0.620 0.000 -0.000 0.433 0.000 -0.000 0.063 0.000 0.000
-1.500 1.500 0.641 0.000 -0.000 0.435 0.000 -0.000 0.042 0.000 0.000
-1.500 1.500 0.663 0.000 -0.000 0.437 0.000 -0.000 0.021 0.000 0.000
-1.500 1.500 0.685 0.000 -0.000 0.438 -0.000 0.000 0.000 0.000 0.000
-1.500 1.500 0.707 0.000 -0.000 0.437 0.000 -0.000 -0.021 0.000 0.000
-1.500 1.500 0.729 0.000 -0.000 0.435 0.000 -0.000 -0.042 0.000 0.000
-1.500 1.500 0.750 0.000 -0.000 0.433 -0.000 0.000 -0.063 0.000 0.000
-1.500 1.500 0.772 0.000 -0.000 0.429 -0.000 0.000 -0.083 0.000 0.000
-1.500 1.500 0.793 0.000 -0.000 0.425 -0.000 0.000 -0.103 0.000 0.000
-1.500 1.500 0.814 0.000 -0.000 0.419 -0.000 0.000 -0.122 0.000 0.000
-1.500 1.500 0.835 0.000 -0.000 0.412 -0.000 0.000 -0.141 0.000 0.000
-1.500 1.500 0.856 0.000 -0.000 0.405 -0.000 0.000 -0.160 0.000 0.000
-1.500 1.500 0.876 0.000 -0.000 0.396 -0.000 0.000 -0.177 0.000 0.000
-1.500 1.500 0.895 0.000 -0.000 0.387 -0.000 0.000 -0.194 0.000 0.000
-1.500 1.500 0.914 0.000 -0.000 0.377 -0.000 0.000 -0.209 0.000 0.000
-1.500 1.500 0.933 0.000 -0.000 0.366 -0.000 0.000 -0.224 0.000 0.000
-1.500 1.500 0.951 0.000 -0.000 0.355 -0.000 0.000 -0.237 0.000 0.000
-1.500 1.500 0.968 0.000 -0.000 0.342 -0.000 0.000 -0.250 0.000 0.000
-1.500 1.500 0.985 0.000 -0.000 0.330 -0.000 0.000 -0.261 0.000 0.000
-1.500 1.500 1.001 0.000 -0.000 0.316 -0.000 0.000 -0.271 0.000 0.000
-1.500 1.500 1.017 0.000 -0.000 0.303 0.000 -0.000 -0.279 0.000 0.000
-1.500 1.500 1.032 0.000 -0.000 0.288 0.000 -0.000 -0.286 0.000 0.000
-1.500 1.500 1.046 0.000 -0.000 0.274 0.000 -0.000 -0.292 0.000 0.000
-1.500 1.500 1.059 0.000 -0.000 0.259 0.000 -0.000 -0.296 0.000 0.000
-1.500 1.500 1.072 0.000 -0.000 0.244 0.000 -0.000 -0.299 0.000 0.000
-1.500 1.500 1.083 0.000 -0.000 0.229 0.000 -0.000 -0.300 0.000 0.000
-1.500 1.500 1.094 0.000 -0.000 0.214 0.000 -0.000 -0.300 0.000 0.000
-1.500 1.500 1.105 0.000 -0.000 0.199 0.000 -0.000 -0.299 0.000 0.000
-1.500 1.500 1.114 0.000 -0.000 0.185 0.000 -0.000 -0.295 0.000 0.000
-1.500 1.500 1.123 0.000 -0.000 0.170 0.000 -0.000 -0.291 0.000 0.000
-1.500 1.500 1.131 0.000 -0.000 0.156 0.000 -0.000 -0.285 0.000 0.000
-1.500 1.500 1.139 0.000 -0.000 0.141 0.000 -0.000 -0.277 0.000 0.000
-1.500 1.500 1.146 0.000 -0.000 0.128 0.000 -0.000 -0.268 0.000 0.000
-1.500 1.500 1.152 0.000 -0.000 0.115 0.000 -0.000 -0.258 0.000 0.000
-1.500 1.500 1.157 0.000 -0.000 0.102 0.000 -0.000 -0.247 0.000 0.000
-1.500 1.500 1.162 0.000 -0.000 0.090 0.000 -0.000 -0.234 0.000 0.000
-1.500 1.500 1.166 0.000 -0.000 0.079 0.000 -0.000 -0.221 0.000 0.000
-1.500 1.500 1.170 0.000 -0.000 0.068 -0.000 0.000 -0.206 0.000 0.000
-1.500 1.500 1.173 0.000 -0.000 0.058 -0.000 0.000 -0.191 0.000 0.000
-1.500 1.500 1.176 0.000 -0.000 0.049 -0.000 0.000 -0.175 0.000 0.000
-1.500 1.500 1.178 0.000 -0.000 0.041 -0.000 0.000 -0.159 0.000 0.000
-1.500 1.500 1.180 0.000 -0.000 0.033 -0.000 0.000 -0.142 0.000 0.000
-1.500 1.500 1.181 0.000 -0.000 0.026 -0.000 0.000 -0.126 0.000 0.000
-1.500 1.500 1.182 0.000 -0.000 0.020 -0.000 0.000 -0.109 0.000 0.000
-1.500 1.500 1.183 0.000 -0.000 0.015 -0.000 0.000 -0.092 0.000 0.000
-1.500 1.500 1.184 0.000 -0.000 0.011 -0.000 0.000 -0.076 0.000 0.000
-1.500 1.500 1.184 0.000 -0.000 0.008 -0.000 0.000 -0.061 0.000 0.000
-1.500 1.500 1.185 0.000 -0.000 0.005 -0.000 0.000 -0.047 0.000 0.000
-1.500 1.500 1.185 0.000 -0.000 0.003 -0.000 0.000 -0.034 0.000 0.000
-1.500 1.500 1.185 0.000 -0.000 0.002 -0.000 0.000 -0.023 0.000 0.000
-1.500 1.500 1.185 0.000 -0.000 0.001 -0.000 0.000 -0.013 0.000 0.000
-1.500 1.500 1.185 0.000 -0.000 0.000 -0.000 0.000 -0.006 0.000 0.000
-1.500 1.500 1.185 0.000 -0.000 0.000 -0.000 0.000 -0.002 0.000 0.000
-1.500 1.500 1.185 0.000 -0.000 -0.000 -0.000 0.000 -0.000 0.000 0.000
-1.500 1.500 1.185 0.000 0.000 0.000 0.000 0.000 0.000 0.000 0.000
-1.500 1.500 1.185 0.000 0.000 0.000 0.000 0.000 0.000 0.000 0.000
-1.500 1.500 1.185 0.000 0.000 0.000 0.000 0.000 0.000 0.000 0.000
-1.500 1.500 1.185 0.000 0.000 0.000 0.000 0.000 0.000 0.000 0.000
-1.500 1.500 1.185 0.000 0.000 0.000 0.000 0.000 0.000 0.000 0.000
-1.500 1.500 1.185 0.000 0.000 0.000 0.000 0.000 0.000 0.000 0.000
-1.500 1.500 1.185 0.000 0.000 0.000 0.000 0.000 0.000 0.000 0.000
-1.500 1.500 1.185 0.000 0.000 0.000 0.000 0.000 0.000 0.000 0.000
-1.500 1.500 1.185 0.000 0.000 0.000 0.000 0.000 0.000 0.000 0.000
-1.500 1.500 1.185 0.000 0.000 0.000 0.000 0.000 0.000 0.000 0.000
-1.500 1.500 1.185 0.000 0.000 0.000 0.000 0.000 0.000 0.000 0.000
-1.500 1.500 1.185 0.000 0.000 0.000 0.000 0.000 0.000 0.000 0.000
-1.500 1.500 1.185 0.000 0.000 0.000 0.000 0.000 0.000 0.000 0.000
-1.500 1.500 1.185 0.000 0.000 0.000 0.000 0.000 0.000 0.000 0.000
-1.500 1.500 1.185 0.000 0.000 0.000 0.000 0.000 0.000 0.000 0.000
-1.500 1.500 1.185 0.000 0.000 0.000 0.000 0.000 0.000 0.000 0.000
-1.500 1.500 1.185 0.000 0.000 0.000 0.000 0.000 0.000 0.000 0.000
-1.500 1.500 1.185 0.000 0.000 0.000 0.000 0.000 0.000 0.000 0.000
-1.500 1.500 1.185 0.000 0.000 0.000 0.000 0.000 0.000 0.000 0.000
-1.500 1.500 1.185 0.000 0.000 0.000 0.000 0.000 0.000 0.000 0.000
-1.500 1.500 1.185 0.000 0.000 0.000 0.000 0.000 0.000 0.000 0.000
-1.500 1.500 1.185 0.000 0.000 0.000 0.000 0.000 0.000 0.000 0.000
-1.500 1.500 1.185 0.000 0.000 0.000 0.000 0.000 0.000 0.000 0.000
-1.500 1.500 1.185 0.000 0.000 0.000 0.000 0.000 0.000 0.000 0.000
-1.500 1.500 1.185 0.000 0.000 0.000 0.000 0.000 0.000 0.000 0.000
-1.500 1.500 1.185 0.000 0.000 0.000 0.000 0.000 0.000 0.000 0.000
-1.500 1.500 1.185 0.000 0.000 0.000 0.000 0.000 0.000 0.000 0.000
-1.500 1.500 1.185 0.000 0.000 0.000 0.000 0.000 0.000 0.000 0.000
-1.500 1.500 1.185 0.000 0.000 0.000 0.000 0.000 0.000 0.000 0.000
-1.500 1.500 1.185 0.000 0.000 0.000 0.000 0.000 0.000 0.000 0.000
-1.500 1.500 1.185 0.000 0.000 0.000 0.000 0.000 0.000 0.000 0.000
-1.500 1.500 1.185 0.000 0.000 0.000 0.000 0.000 0.000 0.000 0.000
-1.500 1.500 1.185 0.000 0.000 0.000 0.000 0.000 0.000 0.000 0.000
-1.500 1.500 1.185 0.000 0.000 0.000 0.000 0.000 0.000 0.000 0.000
-1.500 1.500 1.185 0.000 0.000 0.000 0.000 0.000 0.000 0.000 0.000
-1.500 1.500 1.185 0.000 0.000 0.000 0.000 0.000 0.000 0.000 0.000
-1.500 1.500 1.185 0.000 0.000 0.000 0.000 0.000 0.000 0.000 0.000
-1.500 1.500 1.185 0.000 0.000 0.000 0.000 0.000 0.000 0.000 0.000
-1.500 1.500 1.185 0.000 0.000 0.000 0.000 0.000 0.000 0.000 0.000
-1.500 1.500 1.185 0.000 0.000 0.000 0.000 0.000 0.000 0.000 0.000
-1.500 1.500 1.185 0.000 0.000 0.000 0.000 0.000 0.000 0.000 0.000
-1.500 1.500 1.185 0.000 0.000 0.000 0.000 0.000 0.000 0.000 0.000
-1.500 1.500 1.185 0.000 0.000 0.000 0.000 0.000 0.000 0.000 0.000
-1.500 1.500 1.185 0.000 0.000 0.000 0.000 0.000 0.000 0.000 0.000
-1.500 1.500 1.185 0.000 0.000 0.000 0.000 0.000 0.000 0.000 0.000
-1.500 1.500 1.185 0.000 0.000 0.000 0.000 0.000 0.000 0.000 0.000
-1.500 1.500 1.185 0.000 0.000 0.000 0.000 0.000 0.000 0.000 0.000
-1.500 1.500 1.185 0.000 0.000 0.000 0.000 0.000 0.000 0.000 0.000
-1.500 1.500 1.185 0.000 0.000 0.000 0.000 0.000 0.000 0.000 0.000
-1.500 1.500 1.185 0.000 0.000 0.000 0.000 0.000 0.000 0.000 0.000
-1.500 1.500 1.185 0.000 0.000 0.000 0.000 0.000 0.000 0.000 0.000
-1.500 1.500 1.185 0.000 0.000 0.000 0.000 0.000 0.000 0.000 0.000
-1.500 1.500 1.185 0.000 0.000 0.000 0.000 0.000 0.000 0.000 0.000
-1.500 1.500 1.185 0.000 0.000 0.000 0.000 0.000 0.000 0.000 0.000
-1.500 1.500 1.185 0.000 0.000 0.000 0.000 0.000 0.000 0.000 0.000
-1.500 1.500 1.185 0.000 0.000 0.000 0.000 0.000 0.000 0.000 0.000
-1.500 1.500 1.185 0.000 0.000 0.000 0.000 0.000 0.000 0.000 0.000
-1.500 1.500 1.185 0.000 0.000 0.000 0.000 0.000 0.000 0.000 0.000
-1.500 1.500 1.185 0.000 0.000 0.000 0.000 0.000 0.000 0.000 0.000
-1.500 1.500 1.185 0.000 0.000 0.000 0.000 0.000 0.000 0.000 0.000
-1.500 1.500 1.185 0.000 0.000 0.000 0.000 0.000 0.000 0.000 0.000
-1.500 1.500 1.185 0.000 0.000 0.000 0.000 0.000 0.000 0.000 0.000
-1.500 1.500 1.185 0.000 0.000 0.000 0.000 0.000 0.000 0.000 0.000
-1.500 1.500 1.185 0.000 0.000 0.000 0.000 0.000 0.000 0.000 0.000
-1.500 1.500 1.185 0.000 0.000 0.000 0.000 0.000 0.000 0.000 0.000
-1.500 1.500 1.185 0.000 0.000 0.000 0.000 0.000 0.000 0.000 0.000
-1.500 1.500 1.185 0.000 0.000 0.000 0.000 0.000 0.000 0.000 0.000
-1.500 1.500 1.185 0.000 0.000 0.000 0.000 0.000 0.000 0.000 0.000
-1.500 1.500 1.185 0.000 0.000 0.000 0.000 0.000 0.000 0.000 0.000
-1.500 1.500 1.185 0.000 0.000 0.000 0.000 0.000 0.000 0.000 0.000
-1.500 1.500 1.185 0.000 0.000 0.000 0.000 0.000 0.000 0.000 0.000
-1.500 1.500 1.185 0.000 0.000 0.000 0.000 0.000 0.000 0.000 0.000
-1.500 1.500 1.185 0.000 0.000 0.000 0.000 0.000 0.000 0.000 0.000
-1.500 1.500 1.185 0.000 0.000 0.000 0.000 0.000 0.000 0.000 0.000
-1.500 1.500 1.185 0.000 0.000 0.000 0.000 0.000 0.000 0.000 0.000
-1.500 1.500 1.185 0.000 0.000 0.000 0.000 0.000 0.000 0.000 0.000
-1.500 1.500 1.185 0.000 0.000 0.000 0.000 0.000 0.000 0.000 0.000
-1.500 1.500 1.185 0.000 0.000 0.000 0.000 0.000 0.000 0.000 0.000
-1.500 1.500 1.185 0.000 0.000 0.000 0.000 0.000 0.000 0.000 0.000
-1.500 1.500 1.185 0.000 0.000 0.000 0.000 0.000 0.000 0.000 0.000
-1.500 1.500 1.185 0.000 0.000 0.000 0.000 0.000 0.000 0.000 0.000
-1.500 1.500 1.185 0.000 0.000 0.000 0.000 0.000 0.000 0.000 0.000
-1.500 1.500 1.185 0.000 0.000 0.000 0.000 0.000 0.000 0.000 0.000
-1.500 1.500 1.185 0.000 0.000 0.000 0.000 0.000 0.000 0.000 0.000
-1.500 1.500 1.185 0.000 0.000 0.000 0.000 0.000 0.000 0.000 0.000
-1.500 1.500 1.185 0.000 0.000 0.000 0.000 0.000 0.000 0.000 0.000
-1.500 1.500 1.185 0.000 0.000 0.000 0.000 0.000 0.000 0.000 0.000
-1.500 1.500 1.185 0.000 0.000 0.000 0.000 0.000 0.000 0.000 0.000
-1.500 1.500 1.185 0.000 0.000 0.000 0.000 0.000 0.000 0.000 0.000
-1.500 1.500 1.185 0.000 0.000 0.000 0.000 0.000 0.000 0.000 0.000
-1.500 1.500 1.185 0.000 0.000 0.000 0.000 0.000 0.000 0.000 0.000
-1.500 1.500 1.185 0.000 0.000 0.000 0.000 0.000 0.000 0.000 0.000
-1.500 1.500 1.185 0.000 0.000 0.000 0.000 0.000 0.000 0.000 0.000
-1.500 1.500 1.185 0.000 0.000 0.000 0.000 0.000 0.000 0.000 0.000
-1.500 1.500 1.185 0.000 0.000 0.000 0.000 0.000 0.000 0.000 0.000
-1.500 1.500 1.185 0.000 0.000 0.000 0.000 0.000 0.000 0.000 0.000
-1.500 1.500 1.185 0.000 0.000 0.000 0.000 0.000 0.000 0.000 0.000
-1.500 1.500 1.185 0.000 0.000 0.000 0.000 0.000 0.000 0.000 0.000
-1.500 1.500 1.185 0.000 0.000 0.000 0.000 0.000 0.000 0.000 0.000
-1.500 1.500 1.185 0.000 0.000 0.000 0.000 0.000 0.000 0.000 0.000
-1.500 1.500 1.185 0.000 0.000 0.000 0.000 0.000 0.000 0.000 0.000
-1.500 1.500 1.185 0.000 0.000 0.000 0.000 0.000 0.000 0.000 0.000
-1.500 1.500 1.185 0.000 0.000 0.000 0.000 0.000 0.000 0.000 0.000
-1.500 1.500 1.185 0.000 0.000 0.000 0.000 0.000 0.000 0.000 0.000
-1.500 1.500 1.185 0.000 0.000 0.000 0.000 0.000 0.000 0.000 0.000
-1.500 1.500 1.185 0.000 0.000 0.000 0.000 0.000 0.000 0.000 0.000
-1.500 1.500 1.185 0.000 0.000 0.000 0.000 0.000 0.000 0.000 0.000
-1.500 1.500 1.185 0.000 0.000 0.000 0.000 0.000 0.000 0.000 0.000
-1.500 1.500 1.185 0.000 0.000 0.000 0.000 0.000 0.000 0.000 0.000
-1.500 1.500 1.185 0.000 0.000 0.000 0.000 0.000 0.000 0.000 0.000
-1.500 1.500 1.185 0.000 0.000 0.000 0.000 0.000 0.000 0.000 0.000
-1.500 1.500 1.185 0.000 0.000 0.000 0.000 0.000 0.000 0.000 0.000
-1.500 1.500 1.185 0.000 0.000 0.000 0.000 0.000 0.000 0.000 0.000
-1.500 1.500 1.185 0.000 0.000 0.000 0.000 0.000 0.000 0.000 0.000
-1.500 1.500 1.185 0.000 0.000 0.000 0.000 0.000 0.000 0.000 0.000
-1.500 1.500 1.185 0.000 0.000 0.000 0.000 0.000 0.000 0.000 0.000
-1.500 1.500 1.185 0.000 0.000 0.000 0.000 0.000 0.000 0.000 0.000
-1.500 1.500 1.185 0.000 0.000 0.000 0.000 0.000 0.000 0.000 0.000
-1.500 1.500 1.185 0.000 0.000 0.000 0.000 0.000 0.000 0.000 0.000
-1.500 1.500 1.185 0.000 0.000 0.000 0.000 0.000 0.000 0.000 0.000
-1.500 1.500 1.185 0.000 0.000 0.000 0.000 0.000 0.000 0.000 0.000
-1.500 1.500 1.185 0.000 0.000 0.000 0.000 0.000 0.000 0.000 0.000
-1.500 1.500 1.185 0.000 0.000 0.000 0.000 0.000 0.000 0.000 0.000
-1.500 1.500 1.185 0.000 0.000 0.000 0.000 0.000 0.000 0.000 0.000
-1.500 1.500 1.185 0.000 0.000 0.000 0.000 0.000 0.000 0.000 0.000
-1.500 1.500 1.185 0.000 0.000 0.000 0.000 0.000 0.000 0.000 0.000
-1.500 1.500 1.185 0.000 0.000 0.000 0.000 0.000 0.000 0.000 0.000
-1.500 1.500 1.185 0.000 0.000 0.000 0.000 0.000 0.000 0.000 0.000
-1.500 1.500 1.185 0.000 0.000 0.000 0.000 0.000 0.000 0.000 0.000
-1.500 1.500 1.185 0.000 0.000 0.000 0.000 0.000 0.000 0.000 0.000
-1.500 1.500 1.185 0.000 0.000 0.000 0.000 0.000 0.000 0.000 0.000
-1.500 1.500 1.185 0.000 0.000 0.000 0.000 0.000 0.000 0.000 0.000
-1.500 1.500 1.185 0.000 0.000 0.000 0.000 0.000 0.000 0.000 0.000
-1.500 1.500 1.185 0.000 0.000 0.000 0.000 0.000 0.000 0.000 0.000
-1.500 1.500 1.185 0.000 0.000 0.000 0.000 0.000 0.000 0.000 0.000
-1.500 1.500 1.185 0.000 0.000 0.000 0.000 0.000 0.000 0.000 0.000
-1.500 1.500 1.185 0.000 0.000 0.000 0.000 0.000 0.000 0.000 0.000
-1.500 1.500 1.185 0.000 0.000 0.000 0.000 0.000 0.000 0.000 0.000
-1.500 1.500 1.185 0.000 0.000 0.000 0.000 0.000 0.000 0.000 0.000
-1.500 1.500 1.185 0.000 0.000 0.000 0.000 0.000 0.000 0.000 0.000
-1.500 1.500 1.185 0.000 0.000 0.000 0.000 0.000 0.000 0.000 0.000
-1.500 1.500 1.185 0.000 0.000 0.000 0.000 0.000 0.000 0.000 0.000
-1.500 1.500 1.185 0.000 0.000 0.000 0.000 0.000 0.000 0.000 0.000
-1.500 1.500 1.185 0.000 0.000 0.000 0.000 0.000 0.000 0.000 0.000
-1.500 1.500 1.185 0.000 0.000 0.000 0.000 0.000 0.000 0.000 0.000
-1.500 1.500 1.185 0.000 0.000 0.000 0.000 0.000 0.000 0.000 0.000
-1.500 1.500 1.185 0.000 0.000 0.000 0.000 0.000 0.000 0.000 0.000
-1.500 1.500 1.185 0.000 0.000 0.000 0.000 0.000 0.000 0.000 0.000
-1.500 1.500 1.185 0.000 0.000 0.000 0.000 0.000 0.000 0.000 0.000
-1.500 1.500 1.185 0.000 0.000 0.000 0.000 0.000 0.000 0.000 0.000
-1.500 1.500 1.185 0.000 0.000 0.000 0.000 0.000 0.000 0.000 0.000
-1.500 1.500 1.185 0.000 0.000 0.000 0.000 0.000 0.000 0.000 0.000
-1.500 1.500 1.185 0.000 0.000 0.000 0.000 0.000 0.000 0.000 0.000
-1.500 1.500 1.185 0.000 0.000 0.000 0.000 0.000 0.000 0.000 0.000
-1.500 1.500 1.185 0.000 0.000 0.000 0.000 0.000 0.000 0.000 0.000
-1.500 1.500 1.185 0.000 0.000 0.000 0.000 0.000 0.000 0.000 0.000
-1.500 1.500 1.185 0.000 0.000 0.000 0.000 0.000 0.000 0.000 0.000
-1.500 1.500 1.185 0.000 0.000 0.000 0.000 0.000 0.000 0.000 0.000
-1.500 1.500 1.185 0.000 0.000 0.000 0.000 0.000 0.000 0.000 0.000
-1.500 1.500 1.185 0.000 0.000 0.000 0.000 0.000 0.000 0.000 0.000
-1.500 1.500 1.185 0.000 0.000 0.000 0.000 0.000 0.000 0.000 0.000
-1.500 1.500 1.185 0.000 0.000 0.000 0.000 0.000 0.000 0.000 0.000
-1.500 1.500 1.185 0.000 0.000 0.000 0.000 0.000 0.000 0.000 0.000
-1.500 1.500 1.185 0.000 0.000 0.000 0.000 0.000 0.000 0.000 0.000
-1.500 1.500 1.185 0.000 0.000 0.000 0.000 0.000 0.000 0.000 0.000
-1.500 1.500 1.185 0.000 0.000 0.000 0.000 0.000 0.000 0.000 0.000
-1.500 1.500 1.185 0.000 0.000 0.000 0.000 0.000 0.000 0.000 0.000
-1.500 1.500 1.185 0.000 0.000 0.000 0.000 0.000 0.000 0.000 0.000
-1.500 1.500 1.185 0.000 0.000 0.000 0.000 0.000 0.000 0.000 0.000
-1.500 1.500 1.185 0.000 0.000 0.000 0.000 0.000 0.000 0.000 0.000
-1.500 1.500 1.185 0.000 0.000 0.000 0.000 0.000 0.000 0.000 0.000
-1.500 1.500 1.185 0.000 0.000 0.000 0.000 0.000 0.000 0.000 0.000
-1.500 1.500 1.185 0.000 0.000 0.000 0.000 0.000 0.000 0.000 0.000
-1.500 1.500 1.185 0.000 0.000 0.000 0.000 0.000 0.000 0.000 0.000
-1.500 1.500 1.185 0.000 0.000 0.000 0.000 0.000 0.000 0.000 0.000
-1.500 1.500 1.185 0.000 0.000 0.000 0.000 0.000 0.000 0.000 0.000
-1.500 1.500 1.185 0.000 0.000 0.000 0.000 0.000 0.000 0.000 0.000
-1.500 1.500 1.185 0.000 0.000 0.000 0.000 0.000 0.000 0.000 0.000
-1.500 1.500 1.185 0.000 0.000 0.000 0.000 0.000 0.000 0.000 0.000
-1.500 1.500 1.185 0.000 0.000 0.000 0.000 0.000 0.000 0.000 0.000
-1.500 1.500 1.185 0.000 0.000 0.000 0.000 0.000 0.000 0.000 0.000
-1.500 1.500 1.185 0.000 0.000 0.000 0.000 0.000 0.000 0.000 0.000
-1.500 1.500 1.185 0.000 0.000 0.000 0.000 0.000 0.000 0.000 0.000
-1.500 1.500 1.185 0.000 0.000 0.000 0.000 0.000 0.000 0.000 0.000
-1.500 1.500 1.185 0.000 0.000 0.000 0.000 0.000 0.000 0.000 0.000
-1.500 1.500 1.185 0.000 0.000 0.000 0.000 0.000 0.000 0.000 0.000
-1.500 1.500 1.185 0.000 0.000 0.000 0.000 0.000 0.000 0.000 0.000
-1.500 1.500 1.185 0.000 0.000 0.000 0.000 0.000 0.000 0.000 0.000
-1.500 1.500 1.185 0.000 0.000 0.000 0.000 0.000 0.000 0.000 0.000
-1.500 1.500 1.185 0.000 0.000 0.000 0.000 0.000 0.000 0.000 0.000
-1.500 1.500 1.185 0.000 0.000 0.000 0.000 0.000 0.000 0.000 0.000
-1.500 1.500 1.185 0.000 0.000 0.000 0.000 0.000 0.000 0.000 0.000
-1.500 1.500 1.185 0.000 0.000 0.000 0.000 0.000 0.000 0.000 0.000
-1.500 1.500 1.185 0.000 0.000 0.000 0.000 0.000 0.000 0.000 0.000
-1.500 1.500 1.185 0.000 0.000 0.000 0.000 0.000 0.000 0.000 0.000
-1.500 1.500 1.185 0.000 0.000 0.000 0.000 0.000 0.000 0.000 0.000
-1.500 1.500 1.185 0.000 0.000 0.000 0.000 0.000 0.000 0.000 0.000
-1.500 1.500 1.185 0.000 0.000 0.000 0.000 0.000 0.000 0.000 0.000
-1.500 1.500 1.185 0.000 0.000 0.000 0.000 0.000 0.000 0.000 0.000
-1.500 1.500 1.185 0.000 0.000 0.000 0.000 0.000 0.000 0.000 0.000
-1.500 1.500 1.185 0.000 -0.000 -0.000 0.006 -0.009 0.000 0.000 0.000
-1.500 1.500 1.185 0.001 -0.001 -0.000 0.022 -0.034 0.000 0.000 0.000
-1.500 1.500 1.185 0.002 -0.004 -0.000 0.046 -0.070 0.000 0.000 0.000
-1.500 1.500 1.185 0.005 -0.008 -0.000 0.076 -0.114 0.000 0.000 0.000
-1.499 1.499 1.185 0.010 -0.015 -0.000 0.111 -0.163 0.000 0.000 0.000
-1.499 1.498 1.185 0.017 -0.025 -0.000 0.149 -0.215 0.000 0.000 0.000
-1.498 1.496 1.185 0.025 -0.037 -0.000 0.189 -0.267 0.000 0.000 0.000
-1.496 1.494 1.185 0.035 -0.051 -0.000 0.229 -0.317 0.000 0.000 0.000
-1.494 1.491 1.185 0.048 -0.068 -0.000 0.269 -0.363 0.000 0.000 0.000
-1.491 1.487 1.185 0.062 -0.088 -0.000 0.307 -0.404 0.000 0.000 0.000
-1.488 1.483 1.185 0.079 -0.109 -0.000 0.343 -0.439 0.000 0.000 0.000
-1.483 1.477 1.185 0.097 -0.131 -0.000 0.377 -0.468 0.000 0.000 0.000
-1.478 1.469 1.185 0.116 -0.155 -0.000 0.406 -0.489 0.000 0.000 0.000
-1.472 1.461 1.185 0.137 -0.180 -0.000 0.432 -0.503 0.000 0.000 0.000
-1.464 1.451 1.185 0.159 -0.206 -0.000 0.454 -0.509 0.000 0.000 0.000
-1.456 1.440 1.185 0.183 -0.231 -0.000 0.471 -0.508 0.000 0.000 0.000
-1.446 1.428 1.185 0.206 -0.256 -0.000 0.484 -0.499 0.000 0.000 0.000
-1.435 1.415 1.185 0.231 -0.281 -0.000 0.492 -0.483 0.000 0.000 0.000
-1.423 1.400 1.185 0.256 -0.304 0.000 0.496 -0.462 0.000 0.000 0.000
-1.410 1.384 1.185 0.280 -0.327 0.000 0.495 -0.435 0.000 0.000 0.000
-1.395 1.368 1.185 0.305 -0.348 0.000 0.489 -0.403 0.000 0.000 0.000
-1.379 1.350 1.185 0.329 -0.367 0.000 0.480 -0.367 0.000 0.000 0.000
-1.362 1.331 1.185 0.353 -0.384 0.000 0.466 -0.328 0.000 0.000 0.000
-1.344 1.311 1.185 0.376 -0.400 0.000 0.449 -0.288 0.000 0.000 0.000
-1.325 1.291 1.185 0.398 -0.413 0.000 0.429 -0.247 0.000 0.000 0.000
-1.304 1.270 1.185 0.419 -0.425 0.000 0.406 -0.206 0.000 0.000 0.000
-1.283 1.248 1.185 0.438 -0.434 0.000 0.381 -0.166 0.000 0.000 0.000
-1.260 1.227 1.185 0.457 -0.441 0.000 0.354 -0.129 -0.000 0.000 0.000
-1.237 1.204 1.185 0.474 -0.447 0.000 0.325 -0.094 -0.000 0.000 0.000
-1.213 1.182 1.185 0.489 -0.451 0.000 0.296 -0.064 -0.000 0.000 0.000
-1.188 1.159 1.185 0.503 -0.453 0.000 0.265 -0.039 -0.000 0.000 0.000
-1.163 1.137 1.185 0.516 -0.455 0.000 0.234 -0.019 -0.000 0.000 0.000
-1.137 1.114 1.185 0.527 -0.455 0.000 0.204 -0.005 -0.000 0.000 0.000
-1.110 1.091 1.185 0.536 -0.455 0.000 0.174 0.002 -0.000 0.000 0.000
-1.083 1.068 1.185 0.544 -0.455 0.000 0.146 0.002 -0.000 0.000 0.000
-1.056 1.046 1.185 0.551 -0.455 0.000 0.118 -0.004 -0.000 0.000 0.000
-1.028 1.023 1.185 0.556 -0.456 -0.000 0.092 -0.017 -0.000 0.000 0.000
-1.000 1.000 1.185 0.560 -0.457 -0.000 0.069 -0.037 -0.000 0.000 0.000
-0.972 0.977 1.185 0.563 -0.460 0.000 0.047 -0.063 -0.000 0.000 0.000
-0.944 0.954 1.185 0.565 -0.463 0.000 0.027 -0.093 -0.000 0.000 0.000
-0.915 0.931 1.185 0.566 -0.469 0.000 0.010 -0.128 -0.000 0.000 0.000
-0.887 0.907 1.185 0.566 -0.476 0.000 -0.005 -0.165 -0.000 0.000 0.000
-0.859 0.883 1.185 0.565 -0.485 0.000 -0.018 -0.204 -0.000 0.000 0.000
-0.831 0.859 1.185 0.564 -0.497 0.000 -0.028 -0.243 -0.000 0.000 0.000
-0.803 0.833 1.185 0.562 -0.510 0.000 -0.036 -0.280 -0.000 0.000 0.000
-0.774 0.808 1.185 0.560 -0.525 0.000 -0.042 -0.315 -0.000 0.000 0.000
-0.746 0.781 1.185 0.558 -0.541 -0.000 -0.047 -0.344 -0.000 0.000 0.000
-0.719 0.753 1.185 0.556 -0.559 -0.000 -0.049 -0.368 -0.000 0.000 0.000
-0.691 0.725 1.185 0.553 -0.578 -0.000 -0.050 -0.384 -0.000 0.000 0.000
-0.663 0.696 1.185 0.551 -0.597 -0.000 -0.049 -0.392 -0.000 0.000 0.000
-0.636 0.665 1.185 0.548 -0.617 -0.000 -0.047 -0.390 -0.000 0.000 0.000
-0.608 0.634 1.185 0.546 -0.636 -0.000 -0.044 -0.376 -0.000 0.000 0.000
-0.581 0.602 1.185 0.544 -0.654 -0.000 -0.040 -0.352 -0.000 0.000 0.000
-0.554 0.569 1.185 0.542 -0.671 -0.000 -0.036 -0.316 -0.000 0.000 0.000
-0.527 0.535 1.185 0.540 -0.686 -0.000 -0.030 -0.268 -0.000 0.000 0.000
-0.500 0.500 1.185 0.539 -0.698 -0.000 -0.024 -0.208 -0.000 0.000 0.000
-0.473 0.465 1.185 0.538 -0.706 -0.000 -0.017 -0.137 0.000 0.000 0.000
-0.446 0.429 1.185 0.537 -0.711 -0.000 -0.009 -0.056 0.000 0.000 0.000
-0.419 0.394 1.185 0.537 -0.712 -0.000 -0.001 0.033 0.000 0.000 0.000
-0.392 0.358 1.185 0.537 -0.708 -0.000 0.008 0.128 0.000 0.000 0.000
-0.366 0.323 1.185 0.538 -0.699 -0.000 0.017 0.229 0.000 0.000 0.000
-0.339 0.289 1.185 0.539 -0.685 -0.000 0.028 0.332 0.000 0.000 0.000
-0.312 0.255 1.185 0.541 -0.666 0.000 0.039 0.435 0.000 0.000 0.000
-0.285 0.222 1.185 0.543 -0.641 0.000 0.052 0.535 0.000 0.000 0.000
-0.257 0.191 1.185 0.546 -0.612 0.000 0.065 0.631 0.000 0.000 0.000
-0.230 0.161 1.185 0.550 -0.578 0.000 0.080 0.721 0.000 0.000 0.000
-0.202 0.133 1.185 0.554 -0.540 0.000 0.096 0.800 0.000 0.000 0.000
-0.175 0.107 1.185 0.559 -0.499 0.000 0.113 0.869 0.000 0.000 0.000
-0.146 0.083 1.185 0.565 -0.454 0.000 0.131 0.924 0.000 0.000 0.000
-0.118 0.062 1.185 0.572 -0.406 0.000 0.150 0.964 0.000 0.000 0.000
-0.089 0.043 1.185 0.580 -0.358 0.000 0.170 0.988 0.000 0.000 0.000
-0.060 0.026 1.185 0.589 -0.308 0.000 0.191 0.994 0.000 0.000 0.000
-0.030 0.012 1.185 0.599 -0.258 0.000 0.212 0.984 0.000 0.000 0.000
0.000 0.000 1.185 0.611 -0.210 0.000 0.233 0.955 0.000 0.000 0.000
0.031 -0.009 1.185 0.623 -0.163 0.000 0.254 0.910 0.000 0.000 0.000
0.062 -0.016 1.185 0.636 -0.119 0.000 0.273 0.850 0.000 0.000 0.000
0.094 -0.021 1.185 0.650 -0.078 0.000 0.291 0.776 0.000 0.000 0.000
0.127 -0.024 1.185 0.665 -0.042 0.000 0.307 0.690 0.000 0.000 0.000
0.161 -0.026 1.185 0.681 -0.010 0.000 0.320 0.595 0.000 0.000 0.000
0.195 -0.025 1.185 0.697 0.018 0.000 0.329 0.494 0.000 0.000 0.000
0.231 -0.024 1.185 0.714 0.040 0.000 0.335 0.390 0.000 0.000 0.000
0.267 -0.021 1.185 0.730 0.057 0.000 0.335 0.286 0.000 0.000 0.000
0.304 -0.018 1.185 0.747 0.068 0.000 0.330 0.185 0.000 0.000 0.000
0.341 -0.015 1.185 0.763 0.075 0.000 0.320 0.090 0.000 0.000 0.000
0.380 -0.011 1.185 0.779 0.078 0.000 0.304 0.003 0.000 0.000 0.000
0.419 -0.007 1.185 0.794 0.076 0.000 0.282 -0.074 0.000 0.000 0.000
0.459 -0.003 1.185 0.807 0.070 0.000 0.254 -0.138 0.000 0.000 0.000
0.500 0.000 1.185 0.819 0.062 0.000 0.221 -0.188 0.000 0.000 0.000
0.541 0.003 1.185 0.829 0.052 0.000 0.183 -0.224 -0.000 0.000 0.000
0.583 0.005 1.185 0.837 0.040 0.000 0.140 -0.245 -0.000 0.000 0.000
0.625 0.007 1.185 0.843 0.027 0.000 0.095 -0.253 -0.000 0.000 0.000
0.667 0.008 1.185 0.847 0.015 0.000 0.048 -0.247 -0.000 0.000 0.000
0.709 0.008 1.185 0.848 0.003 0.000 0.000 -0.230 -0.000 0.000 0.000
0.752 0.008 1.185 0.847 -0.008 0.000 -0.047 -0.204 -0.000 0.000 0.000
0.794 0.008 1.185 0.843 -0.017 0.000 -0.092 -0.171 -0.000 0.000 0.000
0.836 0.007 1.185 0.837 -0.025 0.000 -0.134 -0.132 -0.000 0.000 0.000
0.878 0.005 1.185 0.830 -0.030 0.000 -0.171 -0.090 -0.000 0.000 0.000
0.919 0.003 1.185 0.820 -0.034 0.000 -0.203 -0.048 -0.000 0.000 0.000
0.960 0.002 1.185 0.810 -0.035 0.000 -0.229 -0.007 -0.000 0.000 0.000
1.000 0.000 1.185 0.798 -0.035 0.000 -0.248 0.030 -0.000 0.000 0.000
1.040 -0.002 1.185 0.785 -0.032 0.000 -0.261 0.063 -0.000 0.000 0.000
1.078 -0.003 1.185 0.772 -0.028 0.000 -0.266 0.090 -0.000 0.000 0.000
1.117 -0.005 1.185 0.758 -0.023 0.000 -0.266 0.111 -0.000 0.000 0.000
1.154 -0.006 1.185 0.745 -0.017 0.000 -0.260 0.125 -0.000 0.000 0.000
1.191 -0.006 1.185 0.732 -0.011 0.000 -0.249 0.133 -0.000 0.000 0.000
1.228 -0.007 1.185 0.720 -0.004 0.000 -0.235 0.134 -0.000 0.000 0.000
1.263 -0.007 1.185 0.709 0.002 0.000 -0.220 0.129 -0.000 0.000 0.000
1.298 -0.006 1.185 0.698 0.009 -0.000 -0.203 0.119 -0.000 0.000 0.000
1.333 -0.006 1.185 0.689 0.014 -0.000 -0.187 0.105 -0.000 0.000 0.000
1.367 -0.005 1.185 0.680 0.019 -0.000 -0.173 0.088 -0.000 0.000 0.000
1.401 -0.004 1.185 0.671 0.023 -0.000 -0.163 0.068 -0.000 0.000 0.000
1.434 -0.003 1.185 0.663 0.026 -0.000 -0.157 0.047 -0.000 0.000 0.000
1.467 -0.001 1.185 0.655 0.028 -0.000 -0.156 0.026 -0.000 0.000 0.000
1.500 -0.000 1.185 0.648 0.028 -0.000 -0.161 0.005 -0.000 0.000 0.000
1.532 0.001 1.185 0.639 0.028 -0.000 -0.173 -0.015 0.000 0.000 0.000
1.564 0.003 1.185 0.630 0.027 -0.000 -0.191 -0.033 0.000 0.000 0.000
1.595 0.004 1.185 0.620 0.025 -0.000 -0.215 -0.048 0.000 0.000 0.000
1.626 0.005 1.185 0.609 0.022 -0.000 -0.245 -0.060 0.000 0.000 0.000
1.656 0.006 1.185 0.595 0.019 -0.000 -0.281 -0.070 0.000 0.000 0.000
1.685 0.007 1.185 0.580 0.015 -0.000 -0.321 -0.076 0.000 0.000 0.000
1.714 0.008 1.185 0.563 0.011 -0.000 -0.364 -0.080 0.000 0.000 0.000
1.742 0.008 1.185 0.544 0.007 -0.000 -0.408 -0.080 0.000 0.000 0.000
1.768 0.009 1.185 0.522 0.003 -0.000 -0.454 -0.078 0.000 0.000 0.000
1.794 0.009 1.185 0.499 -0.000 -0.000 -0.499 -0.074 0.000 0.000 0.000
1.818 0.009 1.185 0.473 -0.004 0.000 -0.542 -0.067 0.000 0.000 0.000
1.841 0.008 1.185 0.444 -0.007 0.000 -0.582 -0.058 0.000 0.000 0.000
1.863 0.008 1.185 0.414 -0.010 0.000 -0.616 -0.048 0.000 0.000 0.000
1.883 0.007 1.185 0.383 -0.012 0.000 -0.645 -0.038 0.000 0.000 0.000
1.901 0.007 1.185 0.350 -0.014 0.000 -0.667 -0.026 0.000 0.000 0.000
1.918 0.006 1.185 0.316 -0.015 0.000 -0.680 -0.015 0.000 0.000 0.000
1.932 0.005 1.185 0.282 -0.015 0.000 -0.684 -0.004 0.000 0.000 0.000
1.946 0.004 1.185 0.248 -0.015 0.000 -0.679 0.006 0.000 0.000 0.000
1.957 0.004 1.185 0.214 -0.014 0.000 -0.663 0.015 -0.000 0.000 0.000
1.967 0.003 1.185 0.182 -0.013 0.000 -0.637 0.023 -0.000 0.000 0.000
1.976 0.002 1.185 0.151 -0.012 0.000 -0.601 0.029 -0.000 0.000 0.000
1.982 0.002 1.185 0.122 -0.011 0.000 -0.555 0.033 -0.000 0.000 0.000
1.988 0.001 1.185 0.096 -0.009 0.000 -0.501 0.035 -0.000 0.000 0.000
1.992 0.001 1.185 0.072 -0.007 0.000 -0.439 0.035 -0.000 0.000 0.000
1.995 0.001 1.185 0.052 -0.005 0.000 -0.372 0.033 -0.000 0.000 0.000
1.997 0.000 1.185 0.035 -0.004 0.000 -0.301 0.029 -0.000 0.000 0.000
1.999 0.000 1.185 0.022 -0.002 0.000 -0.230 0.024 -0.000 0.000 0.000
1.999 0.000 1.185 0.012 -0.001 0.000 -0.161 0.018 -0.000 0.000 0.000
2.000 0.000 1.185 0.005 -0.001 0.000 -0.099 0.012 -0.000 0.000 0.000
2.000 0.000 1.185 0.002 -0.000 0.000 -0.048 0.006 -0.000 0.000 0.000
2.000 0.000 1.185 0.000 -0.000 0.000 -0.013 0.002 -0.000 0.000 0.000
2.000 -0.000 1.185 -0.000 -0.000 0.000 0.000 -0.000 -0.000 0.000 0.000
2.000 0.000 1.185 0.000 0.000 0.000 0.000 0.000 0.000 0.000 0.000
2.000 0.000 1.185 0.000 0.000 0.000 0.000 0.000 0.000 0.000 0.000
2.000 0.000 1.185 0.000 0.000 0.000 0.000 0.000 0.000 0.000 0.000
2.000 0.000 1.185 0.000 0.000 0.000 0.000 0.000 0.000 0.000 0.000
2.000 0.000 1.185 0.000 0.000 0.000 0.000 0.000 0.000 0.000 0.000
2.000 0.000 1.185 0.000 0.000 0.000 0.000 0.000 0.000 0.000 0.000
2.000 0.000 1.185 0.000 0.000 0.000 0.000 0.000 0.000 0.000 0.000
2.000 0.000 1.185 0.000 0.000 0.000 0.000 0.000 0.000 0.000 0.000
2.000 0.000 1.185 0.000 0.000 0.000 0.000 0.000 0.000 0.000 0.000
2.000 0.000 1.185 0.000 0.000 0.000 0.000 0.000 0.000 0.000 0.000
2.000 0.000 1.185 0.000 0.000 0.000 0.000 0.000 0.000 0.000 0.000
2.000 0.000 1.185 0.000 0.000 0.000 0.000 0.000 0.000 0.000 0.000
2.000 0.000 1.185 0.000 0.000 0.000 0.000 0.000 0.000 0.000 0.000
2.000 0.000 1.185 0.000 0.000 0.000 0.000 0.000 0.000 0.000 0.000
2.000 0.000 1.185 0.000 0.000 0.000 0.000 0.000 0.000 0.000 0.000
2.000 0.000 1.185 0.000 0.000 0.000 0.000 0.000 0.000 0.000 0.000
2.000 0.000 1.185 0.000 0.000 0.000 0.000 0.000 0.000 0.000 0.000
2.000 0.000 1.185 0.000 0.000 0.000 0.000 0.000 0.000 0.000 0.000
2.000 0.000 1.185 0.000 0.000 0.000 0.000 0.000 0.000 0.000 0.000
2.000 0.000 1.185 0.000 0.000 0.000 0.000 0.000 0.000 0.000 0.000
2.000 0.000 1.185 0.000 0.000 0.000 0.000 0.000 0.000 0.000 0.000
2.000 0.000 1.185 0.000 0.000 0.000 0.000 0.000 0.000 0.000 0.000
2.000 0.000 1.185 0.000 0.000 0.000 0.000 0.000 0.000 0.000 0.000
2.000 0.000 1.185 0.000 0.000 0.000 0.000 0.000 0.000 0.000 0.000
2.000 0.000 1.185 0.000 0.000 0.000 0.000 0.000 0.000 0.000 0.000
2.000 0.000 1.185 0.000 0.000 0.000 0.000 0.000 0.000 0.000 0.000
2.000 0.000 1.185 0.000 0.000 0.000 0.000 0.000 0.000 0.000 0.000
2.000 0.000 1.185 0.000 0.000 0.000 0.000 0.000 0.000 0.000 0.000
2.000 0.000 1.185 0.000 0.000 0.000 0.000 0.000 0.000 0.000 0.000
2.000 0.000 1.185 0.000 0.000 0.000 0.000 0.000 0.000 0.000 0.000
2.000 0.000 1.185 0.000 0.000 0.000 0.000 0.000 0.000 0.000 0.000
2.000 0.000 1.185 0.000 0.000 0.000 0.000 0.000 0.000 0.000 0.000
2.000 0.000 1.185 0.000 0.000 0.000 0.000 0.000 0.000 0.000 0.000
2.000 0.000 1.185 0.000 0.000 0.000 0.000 0.000 0.000 0.000 0.000
2.000 0.000 1.185 0.000 0.000 0.000 0.000 0.000 0.000 0.000 0.000
2.000 0.000 1.185 0.000 0.000 0.000 0.000 0.000 0.000 0.000 0.000
2.000 0.000 1.185 0.000 0.000 0.000 0.000 0.000 0.000 0.000 0.000
2.000 0.000 1.185 0.000 0.000 0.000 0.000 0.000 0.000 0.000 0.000
2.000 0.000 1.185 0.000 0.000 0.000 0.000 0.000 0.000 0.000 0.000
2.000 0.000 1.185 0.000 0.000 0.000 0.000 0.000 0.000 0.000 0.000
2.000 0.000 1.185 0.000 0.000 0.000 0.000 0.000 0.000 0.000 0.000
2.000 0.000 1.185 0.000 0.000 0.000 0.000 0.000 0.000 0.000 0.000
2.000 0.000 1.185 0.000 0.000 0.000 0.000 0.000 0.000 0.000 0.000
2.000 0.000 1.185 0.000 0.000 0.000 0.000 0.000 0.000 0.000 0.000
2.000 0.000 1.185 0.000 0.000 0.000 0.000 0.000 0.000 0.000 0.000
2.000 0.000 1.185 0.000 0.000 0.000 0.000 0.000 0.000 0.000 0.000
2.000 0.000 1.185 0.000 0.000 0.000 0.000 0.000 0.000 0.000 0.000
2.000 0.000 1.185 0.000 0.000 0.000 0.000 0.000 0.000 0.000 0.000
2.000 0.000 1.185 0.000 0.000 0.000 0.000 0.000 0.000 0.000 0.000
2.000 0.000 1.185 0.000 0.000 0.000 0.000 0.000 0.000 0.000 0.000
2.000 0.000 1.185 0.000 0.000 0.000 0.000 0.000 0.000 0.000 0.000
2.000 0.000 1.185 0.000 0.000 0.000 0.000 0.000 0.000 0.000 0.000
2.000 0.000 1.185 0.000 0.000 0.000 0.000 0.000 0.000 0.000 0.000
2.000 0.000 1.185 0.000 0.000 0.000 0.000 0.000 0.000 0.000 0.000
2.000 0.000 1.185 0.000 0.000 0.000 0.000 0.000 0.000 0.000 0.000
2.000 0.000 1.185 0.000 0.000 0.000 0.000 0.000 0.000 0.000 0.000
2.000 0.000 1.185 0.000 0.000 0.000 0.000 0.000 0.000 0.000 0.000
2.000 0.000 1.185 0.000 0.000 0.000 0.000 0.000 0.000 0.000 0.000
2.000 0.000 1.185 0.000 0.000 0.000 0.000 0.000 0.000 0.000 0.000
2.000 0.000 1.185 0.000 0.000 0.000 0.000 0.000 0.000 0.000 0.000
2.000 -0.000 1.185 -0.000 -0.000 0.000 -0.019 -0.007 0.001 0.000 0.000
2.000 -0.000 1.185 -0.002 -0.001 0.000 -0.069 -0.023 0.002 0.000 0.000
2.000 -0.000 1.185 -0.008 -0.003 0.000 -0.142 -0.045 0.005 0.000 0.000
1.999 -0.000 1.185 -0.017 -0.005 0.001 -0.230 -0.068 0.007 0.000 0.000
1.998 -0.001 1.185 -0.031 -0.009 0.001 -0.327 -0.088 0.009 0.000 0.000
1.996 -0.001 1.185 -0.050 -0.014 0.001 -0.427 -0.105 0.011 0.000 0.000
1.993 -0.002 1.185 -0.073 -0.020 0.002 -0.525 -0.115 0.011 0.000 0.000
1.989 -0.003 1.185 -0.102 -0.025 0.003 -0.618 -0.117 0.012 0.000 0.000
1.983 -0.005 1.185 -0.135 -0.031 0.003 -0.701 -0.112 0.011 0.000 0.000
1.975 -0.006 1.186 -0.172 -0.037 0.004 -0.774 -0.098 0.010 0.000 0.000
1.965 -0.008 1.186 -0.212 -0.041 0.004 -0.832 -0.077 0.007 0.000 0.000
1.954 -0.010 1.186 -0.255 -0.044 0.004 -0.877 -0.048 0.004 0.000 0.000
1.940 -0.013 1.186 -0.300 -0.046 0.004 -0.905 -0.013 0.001 0.000 0.000
1.924 -0.015 1.186 -0.345 -0.045 0.004 -0.919 0.027 -0.003 0.000 0.000
1.905 -0.017 1.187 -0.391 -0.043 0.004 -0.917 0.070 -0.008 0.000 0.000
1.885 -0.019 1.187 -0.437 -0.038 0.004 -0.900 0.114 -0.012 0.000 0.000
1.862 -0.021 1.187 -0.481 -0.032 0.003 -0.869 0.158 -0.016 0.000 0.000
1.837 -0.022 1.187 -0.523 -0.023 0.002 -0.826 0.200 -0.020 0.000 0.000
1.809 -0.023 1.187 -0.563 -0.012 0.001 -0.771 0.237 -0.024 0.000 0.000
1.780 -0.023 1.187 -0.600 0.001 -0.000 -0.707 0.269 -0.026 0.000 0.000
1.749 -0.023 1.187 -0.634 0.015 -0.002 -0.636 0.292 -0.028 0.000 0.000
1.717 -0.022 1.187 -0.664 0.030 -0.003 -0.559 0.306 -0.029 0.000 0.000
1.683 -0.020 1.187 -0.690 0.046 -0.005 -0.478 0.309 -0.029 0.000 0.000
1.648 -0.017 1.187 -0.712 0.061 -0.006 -0.396 0.299 -0.028 0.000 0.000
1.612 -0.014 1.186 -0.729 0.075 -0.007 -0.314 0.277 -0.025 0.000 0.000
1.575 -0.010 1.186 -0.743 0.088 -0.008 -0.233 0.241 -0.021 0.000 0.000
1.538 -0.005 1.185 -0.753 0.099 -0.009 -0.156 0.191 -0.016 0.000 0.000
1.500 -0.000 1.185 -0.759 0.107 -0.010 -0.084 0.128 -0.009 0.000 0.000
1.462 0.005 1.184 -0.761 0.112 -0.010 -0.017 0.052 -0.001 0.000 0.000
1.424 0.011 1.184 -0.761 0.112 -0.010 0.042 -0.035 0.007 0.000 0.000
1.386 0.017 1.183 -0.757 0.108 -0.010 0.094 -0.131 0.016 0.000 0.000
1.348 0.022 1.183 -0.751 0.099 -0.009 0.139 -0.233 0.025 0.000 0.000
1.311 0.026 1.183 -0.743 0.085 -0.007 0.176 -0.340 0.035 0.000 0.000
1.274 0.030 1.182 -0.734 0.065 -0.005 0.206 -0.448 0.043 0.000 0.000
1.238 0.033 1.182 -0.723 0.040 -0.003 0.229 -0.555 0.052 0.000 0.000
1.202 0.034 1.182 -0.711 0.009 0.000 0.245 -0.656 0.058 0.000 0.000
1.166 0.034 1.182 -0.698 -0.026 0.003 0.256 -0.750 0.064 0.000 0.000
1.132 0.031 1.182 -0.685 -0.065 0.006 0.261 -0.834 0.067 0.000 0.000
1.098 0.027 1.183 -0.672 -0.109 0.010 0.261 -0.904 0.069 0.000 0.000
1.065 0.020 1.183 -0.659 -0.156 0.013 0.258 -0.959 0.067 0.000 0.000
1.032 0.011 1.184 -0.647 -0.204 0.016 0.252 -0.997 0.064 0.000 0.000
1.000 -0.000 1.185 -0.634 -0.255 0.020 0.243 -1.016 0.057 0.000 0.000
0.969 -0.014 1.186 -0.622 -0.306 0.022 0.233 -1.017 0.048 0.000 0.000
0.938 -0.031 1.187 -0.611 -0.356 0.024 0.221 -0.998 0.036 0.000 0.000
0.907 -0.050 1.188 -0.600 -0.405 0.026 0.209 -0.960 0.022 0.000 0.000
0.878 -0.071 1.190 -0.590 -0.452 0.026 0.196 -0.905 0.005 0.000 0.000
0.848 -0.095 1.191 -0.581 -0.496 0.026 0.184 -0.834 -0.014 0.000 0.000
0.820 -0.121 1.192 -0.572 -0.535 0.025 0.172 -0.749 -0.034 0.000 0.000
0.791 -0.148 1.194 -0.563 -0.570 0.023 0.160 -0.652 -0.056 0.000 0.000
0.763 -0.177 1.195 -0.556 -0.600 0.019 0.148 -0.547 -0.079 0.000 0.000
0.736 -0.208 1.196 -0.549 -0.625 0.015 0.138 -0.435 -0.103 0.000 0.000
0.708 -0.240 1.196 -0.542 -0.644 0.009 0.127 -0.320 -0.127 0.000 0.000
0.682 -0.272 1.196 -0.536 -0.657 0.002 0.118 -0.204 -0.150 0.000 0.000
0.655 -0.305 1.196 -0.530 -0.664 -0.006 0.109 -0.091 -0.173 0.000 0.000
0.629 -0.339 1.196 -0.525 -0.666 -0.015 0.100 0.016 -0.194 0.000 0.000
0.602 -0.372 1.195 -0.520 -0.663 -0.025 0.092 0.116 -0.214 0.000 0.000
0.576 -0.405 1.193 -0.516 -0.655 -0.036 0.084 0.205 -0.232 0.000 0.000
0.551 -0.437 1.191 -0.512 -0.642 -0.048 0.076 0.281 -0.248 0.000 0.000
0.525 -0.469 1.188 -0.508 -0.627 -0.061 0.069 0.343 -0.261 0.000 0.000
0.500 -0.500 1.185 -0.505 -0.608 -0.075 0.061 0.389 -0.272 0.000 0.000
0.475 -0.530 1.181 -0.502 -0.588 -0.088 0.054 0.419 -0.279 0.000 0.000
0.450 -0.559 1.176 -0.499 -0.567 -0.102 0.046 0.432 -0.284 0.000 0.000
0.425 -0.587 1.171 -0.497 -0.545 -0.117 0.038 0.429 -0.286 0.000 0.000
0.400 -0.613 1.164 -0.496 -0.524 -0.131 0.030 0.410 -0.285 0.000 0.000
0.375 -0.639 1.158 -0.494 -0.504 -0.145 0.022 0.376 -0.281 0.000 0.000
0.351 -0.664 1.150 -0.493 -0.487 -0.159 0.014 0.330 -0.275 0.000 0.000
0.326 -0.688 1.142 -0.493 -0.472 -0.173 0.006 0.273 -0.266 0.000 0.000
0.301 -0.711 1.133 -0.493 -0.460 -0.186 -0.002 0.208 -0.256 0.000 0.000
0.277 -0.734 1.123 -0.493 -0.451 -0.198 -0.010 0.136 -0.244 0.000 0.000
0.252 -0.756 1.113 -0.494 -0.446 -0.210 -0.018 0.060 -0.231 0.000 0.000
0.227 -0.778 1.102 -0.495 -0.445 -0.221 -0.026 -0.018 -0.217 0.000 0.000
0.203 -0.801 1.091 -0.496 -0.448 -0.232 -0.033 -0.094 -0.202 0.000 0.000
0.178 -0.823 1.079 -0.498 -0.454 -0.241 -0.040 -0.166 -0.187 0.000 0.000
0.153 -0.846 1.067 -0.500 -0.464 -0.250 -0.047 -0.232 -0.173 0.000 0.000
0.128 -0.870 1.054 -0.503 -0.477 -0.259 -0.053 -0.289 -0.159 0.000 0.000
0.102 -0.894 1.041 -0.506 -0.493 -0.266 -0.058 -0.336 -0.145 0.000 0.000
0.077 -0.919 1.027 -0.509 -0.511 -0.273 -0.063 -0.370 -0.133 0.000 0.000
0.052 -0.945 1.014 -0.512 -0.530 -0.280 -0.067 -0.391 -0.122 0.000 0.000
0.026 -0.972 0.999 -0.515 -0.549 -0.285 -0.071 -0.396 -0.112 0.000 0.000
0.000 -1.000 0.985 -0.519 -0.569 -0.291 -0.074 -0.386 -0.104 0.000 0.000
-0.026 -1.029 0.970 -0.523 -0.588 -0.296 -0.077 -0.359 -0.098 0.000 0.000
-0.052 -1.059 0.955 -0.527 -0.605 -0.301 -0.079 -0.318 -0.094 0.000 0.000
-0.079 -1.089 0.940 -0.531 -0.619 -0.305 -0.080 -0.261 -0.090 0.000 0.000
-0.105 -1.121 0.925 -0.535 -0.631 -0.310 -0.081 -0.191 -0.089 0.000 0.000
-0.132 -1.152 0.909 -0.539 -0.638 -0.314 -0.082 -0.109 -0.089 0.000 0.000
-0.159 -1.184 0.893 -0.543 -0.641 -0.319 -0.082 -0.018 -0.089 0.000 0.000
-0.186 -1.216 0.877 -0.547 -0.640 -0.323 -0.082 0.081 -0.091 0.000 0.000
-0.214 -1.248 0.861 -0.551 -0.633 -0.328 -0.083 0.186 -0.093 0.000 0.000
-0.242 -1.280 0.845 -0.555 -0.621 -0.332 -0.083 0.293 -0.096 0.000 0.000
-0.269 -1.310 0.828 -0.559 -0.604 -0.337 -0.083 0.400 -0.098 0.000 0.000
-0.298 -1.340 0.811 -0.564 -0.581 -0.342 -0.084 0.504 -0.100 0.000 0.000
-0.326 -1.368 0.794 -0.568 -0.554 -0.347 -0.084 0.604 -0.101 0.000 0.000
-0.354 -1.395 0.776 -0.572 -0.521 -0.352 -0.085 0.696 -0.102 0.000 0.000
-0.383 -1.420 0.758 -0.576 -0.484 -0.357 -0.086 0.778 -0.101 0.000 0.000
-0.412 -1.444 0.740 -0.581 -0.444 -0.362 -0.088 0.848 -0.099 0.000 0.000
-0.441 -1.465 0.722 -0.585 -0.400 -0.367 -0.089 0.904 -0.095 0.000 0.000
-0.470 -1.484 0.704 -0.590 -0.353 -0.372 -0.091 0.946 -0.089 0.000 0.000
-0.500 -1.500 0.685 -0.594 -0.305 -0.376 -0.093 0.971 -0.081 0.000 0.000
-0.530 -1.514 0.666 -0.599 -0.256 -0.380 -0.094 0.980 -0.071 0.000 0.000
-0.560 -1.526 0.647 -0.604 -0.208 -0.383 -0.095 0.972 -0.059 0.000 0.000
-0.590 -1.535 0.628 -0.608 -0.159 -0.386 -0.095 0.948 -0.045 0.000 0.000
-0.621 -1.542 0.608 -0.613 -0.113 -0.388 -0.094 0.909 -0.030 0.000 0.000
-0.651 -1.546 0.589 -0.618 -0.069 -0.389 -0.092 0.856 -0.012 0.000 0.000
-0.682 -1.549 0.570 -0.622 -0.028 -0.389 -0.088 0.790 0.007 0.000 0.000
-0.714 -1.549 0.550 -0.626 0.010 -0.388 -0.082 0.714 0.027 0.000 0.000
-0.745 -1.548 0.531 -0.630 0.044 -0.386 -0.074 0.629 0.049 0.000 0.000
-0.777 -1.545 0.512 -0.634 0.073 -0.383 -0.064 0.537 0.071 0.000 0.000
-0.808 -1.540 0.492 -0.637 0.097 -0.379 -0.050 0.442 0.094 0.000 0.000
-0.840 -1.535 0.474 -0.639 0.117 -0.374 -0.034 0.344 0.117 0.000 0.000
-0.872 -1.529 0.455 -0.640 0.132 -0.367 -0.014 0.246 0.140 0.000 0.000
-0.904 -1.522 0.437 -0.640 0.142 -0.360 0.009 0.151 0.162 0.000 0.000
-0.936 -1.515 0.419 -0.639 0.147 -0.351 0.035 0.060 0.184 0.000 0.000
-0.968 -1.507 0.402 -0.637 0.148 -0.342 0.064 -0.024 0.204 0.000 0.000
-1.000 -1.500 0.385 -0.633 0.145 -0.331 0.096 -0.101 0.224 0.000 0.000
-1.031 -1.493 0.369 -0.627 0.138 -0.319 0.132 -0.168 0.242 0.000 0.000
-1.063 -1.486 0.353 -0.619 0.128 -0.307 0.169 -0.226 0.258 0.000 0.000
-1.093 -1.480 0.338 -0.610 0.115 -0.293 0.209 -0.273 0.272 0.000 0.000
-1.124 -1.475 0.324 -0.599 0.101 -0.280 0.251 -0.308 0.284 0.000 0.000
-1.153 -1.470 0.310 -0.585 0.085 -0.265 0.293 -0.333 0.295 0.000 0.000
-1.182 -1.466 0.297 -0.569 0.068 -0.250 0.335 -0.348 0.303 0.000 0.000
-1.210 -1.463 0.285 -0.551 0.050 -0.235 0.377 -0.351 0.308 0.000 0.000
-1.237 -1.461 0.274 -0.531 0.033 -0.219 0.418 -0.346 0.312 0.000 0.000
-1.263 -1.460 0.263 -0.510 0.016 -0.204 0.457 -0.331 0.313 0.000 0.000
-1.288 -1.460 0.253 -0.486 -0.000 -0.188 0.494 -0.309 0.312 0.000 0.000
-1.312 -1.460 0.244 -0.460 -0.015 -0.172 0.527 -0.280 0.309 0.000 0.000
-1.334 -1.461 0.236 -0.433 -0.028 -0.157 0.556 -0.246 0.303 0.000 0.000
-1.355 -1.463 0.229 -0.405 -0.040 -0.142 0.580 -0.208 0.296 0.000 0.000
-1.375 -1.465 0.222 -0.375 -0.049 -0.128 0.599 -0.166 0.286 0.000 0.000
-1.393 -1.468 0.216 -0.345 -0.056 -0.114 0.612 -0.124 0.275 0.000 0.000
-1.409 -1.471 0.211 -0.314 -0.061 -0.100 0.619 -0.081 0.262 0.000 0.000
-1.424 -1.474 0.206 -0.283 -0.064 -0.087 0.620 -0.039 0.247 0.000 0.000
-1.437 -1.477 0.202 -0.252 -0.065 -0.076 0.613 0.001 0.231 0.000 0.000
-1.449 -1.480 0.198 -0.222 -0.064 -0.064 0.599 0.037 0.214 0.000 0.000
-1.460 -1.483 0.195 -0.192 -0.062 -0.054 0.579 0.069 0.196 0.000 0.000
-1.468 -1.486 0.193 -0.164 -0.057 -0.045 0.551 0.096 0.178 0.000 0.000
-1.476 -1.489 0.191 -0.137 -0.052 -0.036 0.517 0.116 0.159 0.000 0.000
-1.482 -1.492 0.189 -0.113 -0.046 -0.029 0.477 0.131 0.140 0.000 0.000
-1.487 -1.494 0.188 -0.090 -0.039 -0.022 0.431 0.138 0.121 0.000 0.000
-1.491 -1.496 0.187 -0.070 -0.032 -0.017 0.381 0.139 0.102 0.000 0.000
-1.494 -1.497 0.186 -0.052 -0.025 -0.012 0.328 0.133 0.084 0.000 0.000
-1.497 -1.498 0.186 -0.037 -0.019 -0.008 0.273 0.122 0.067 0.000 0.000
-1.498 -1.499 0.185 -0.025 -0.013 -0.005 0.217 0.105 0.051 0.000 0.000
-1.499 -1.499 0.185 -0.015 -0.008 -0.003 0.163 0.085 0.037 0.000 0.000
-1.500 -1.500 0.185 -0.008 -0.005 -0.002 0.113 0.063 0.024 0.000 0.000
-1.500 -1.500 0.185 -0.004 -0.002 -0.001 0.068 0.040 0.014 0.000 0.000
-1.500 -1.500 0.185 -0.001 -0.001 -0.000 0.033 0.020 0.007 0.000 0.000
-1.500 -1.500 0.185 -0.000 -0.000 -0.000 0.009 0.006 0.002 0.000 0.000
-1.500 -1.500 0.185 -0.000 -0.000 -0.000 0.000 0.000 -0.000 0.000 0.000
-1.500 -1.500 0.185 -0.000 -0.000 -0.000 -0.000 -0.000 -0.000 0.000 0.000
-1.500 -1.500 0.185 -0.000 -0.000 -0.000 -0.000 -0.000 -0.001 0.000 0.000
-1.500 -1.500 0.185 -0.000 -0.000 -0.000 -0.000 -0.000 -0.002 0.000 0.000
-1.500 -1.500 0.185 -0.000 -0.000 -0.000 -0.000 -0.000 -0.003 0.000 0.000
-1.500 -1.500 0.185 -0.000 -0.000 -0.000 -0.000 -0.000 -0.004 0.000 0.000
-1.500 -1.500 0.185 -0.000 -0.000 -0.001 -0.000 -0.000 -0.006 0.000 0.000
-1.500 -1.500 0.185 -0.000 -0.000 -0.001 -0.000 -0.000 -0.008 0.000 0.000
-1.500 -1.500 0.185 -0.000 -0.000 -0.001 -0.000 -0.000 -0.011 0.000 0.000
-1.500 -1.500 0.185 -0.000 -0.000 -0.002 -0.000 -0.000 -0.013 0.000 0.000
-1.500 -1.500 0.185 -0.000 -0.000 -0.003 -0.000 -0.000 -0.016 0.000 0.000
-1.500 -1.500 0.184 -0.000 -0.000 -0.004 -0.000 -0.000 -0.018 0.000 0.000
-1.500 -1.500 0.184 -0.000 -0.000 -0.005 -0.000 -0.000 -0.021 0.000 0.000
-1.500 -1.500 0.184 -0.000 -0.000 -0.006 -0.000 -0.000 -0.024 0.000 0.000
-1.500 -1.500 0.184 -0.000 -0.000 -0.007 -0.000 -0.000 -0.027 0.000 0.000
-1.500 -1.500 0.183 -0.000 -0.000 -0.008 -0.000 -0.000 -0.030 0.000 0.000
-1.500 -1.500 0.183 -0.000 -0.000 -0.010 -0.000 -0.000 -0.033 0.000 0.000
-1.500 -1.500 0.182 -0.000 -0.000 -0.012 -0.000 -0.000 -0.036 0.000 0.000
-1.500 -1.500 0.182 -0.000 -0.000 -0.014 -0.000 -0.000 -0.040 0.000 0.000
-1.500 -1.500 0.181 -0.000 -0.000 -0.016 -0.000 -0.000 -0.043 0.000 0.000
-1.500 -1.500 0.180 -0.000 -0.000 -0.018 -0.000 -0.000 -0.046 0.000 0.000
-1.500 -1.500 0.179 -0.000 -0.000 -0.020 -0.000 -0.000 -0.049 0.000 0.000
-1.500 -1.500 0.178 -0.000 -0.000 -0.023 -0.000 -0.000 -0.052 0.000 0.000
-1.500 -1.500 0.177 -0.000 -0.000 -0.026 -0.000 -0.000 -0.055 0.000 0.000
-1.500 -1.500 0.175 -0.000 -0.000 -0.028 -0.000 -0.000 -0.058 0.000 0.000
-1.500 -1.500 0.174 -0.000 -0.000 -0.031 -0.000 -0.000 -0.061 0.000 0.000
-1.500 -1.500 0.172 -0.000 -0.000 -0.034 -0.000 -0.000 -0.063 0.000 0.000
-1.500 -1.500 0.171 -0.000 -0.000 -0.038 -0.000 -0.000 -0.066 0.000 0.000
-1.500 -1.500 0.169 -0.000 -0.000 -0.041 -0.000 -0.000 -0.068 0.000 0.000
-1.500 -1.500 0.166 -0.000 -0.000 -0.044 -0.000 -0.000 -0.071 0.000 0.000
-1.500 -1.500 0.164 -0.000 -0.000 -0.048 -0.000 -0.000 -0.073 0.000 0.000
-1.500 -1.500 0.162 -0.000 -0.000 -0.052 -0.000 -0.000 -0.075 0.000 0.000
-1.500 -1.500 0.159 -0.000 -0.000 -0.056 -0.000 -0.000 -0.077 0.000 0.000
-1.500 -1.500 0.156 -0.000 -0.000 -0.059 -0.000 -0.000 -0.079 0.000 0.000
-1.500 -1.500 0.153 -0.000 -0.000 -0.063 -0.000 -0.000 -0.080 0.000 0.000
-1.500 -1.500 0.150 -0.000 -0.000 -0.067 -0.000 -0.000 -0.082 0.000 0.000
-1.500 -1.500 0.146 -0.000 -0.000 -0.072 -0.000 -0.000 -0.083 0.000 0.000
-1.500 -1.500 0.143 -0.000 -0.000 -0.076 -0.000 -0.000 -0.084 0.000 0.000
-1.500 -1.500 0.139 -0.000 -0.000 -0.080 -0.000 -0.000 -0.085 0.000 0.000
-1.500 -1.500 0.135 -0.000 -0.000 -0.084 -0.000 -0.000 -0.086 0.000 0.000
-1.500 -1.500 0.130 -0.000 -0.000 -0.089 -0.000 -0.000 -0.086 0.000 0.000
-1.500 -1.500 0.126 -0.000 -0.000 -0.093 -0.000 -0.000 -0.087 0.000 0.000
-1.500 -1.500 0.121 -0.000 -0.000 -0.097 -0.000 -0.000 -0.087 0.000 0.000
-1.500 -1.500 0.116 -0.000 -0.000 -0.102 -0.000 -0.000 -0.087 0.000 0.000
-1.500 -1.500 0.111 -0.000 -0.000 -0.106 -0.000 -0.000 -0.087 0.000 0.000
-1.500 -1.500 0.105 -0.000 -0.000 -0.110 -0.000 -0.000 -0.086 0.000 0.000
-1.500 -1.500 0.100 -0.000 -0.000 -0.114 -0.000 -0.000 -0.086 0.000 0.000
-1.500 -1.500 0.094 -0.000 -0.000 -0.119 -0.000 -0.000 -0.085 0.000 0.000
-1.500 -1.500 0.088 -0.000 -0.000 -0.123 -0.000 -0.000 -0.084 0.000 0.000
-1.500 -1.500 0.082 -0.000 -0.000 -0.127 -0.000 -0.000 -0.083 0.000 0.000
-1.500 -1.500 0.075 -0.000 -0.000 -0.131 -0.000 -0.000 -0.082 0.000 0.000
-1.500 -1.500 0.069 -0.000 -0.000 -0.135 -0.000 -0.000 -0.080 0.000 0.000
-1.500 -1.500 0.062 -0.000 -0.000 -0.139 -0.000 -0.000 -0.079 0.000 0.000
-1.500 -1.500 0.055 -0.000 -0.000 -0.143 -0.000 -0.000 -0.077 0.000 0.000
-1.500 -1.500 0.047 -0.000 -0.000 -0.147 -0.000 -0.000 -0.075 0.000 0.000
-1.500 -1.500 0.040 -0.000 -0.000 -0.151 -0.000 -0.000 -0.073 0.000 0.000
-1.500 -1.500 0.032 -0.000 -0.000 -0.154 0.000 0.000 -0.071 0.000 0.000
-1.500 -1.500 0.024 -0.000 -0.000 -0.158 0.000 0.000 -0.069 0.000 0.000
-1.500 -1.500 0.017 -0.000 -0.000 -0.161 0.000 0.000 -0.066 0.000 0.000
-1.500 -1.500 0.008 -0.000 -0.000 -0.164 0.000 0.000 -0.063 0.000 0.000
-1.500 -1.500 0.000 -0.000 -0.000 -0.168 0.000 0.000 -0.061 0.000 0.000
-1.500 -1.500 -0.008 -0.000 -0.000 -0.170 0.000 0.000 -0.058 0.000 0.000
-1.500 -1.500 -0.017 -0.000 -0.000 -0.173 0.000 0.000 -0.055 0.000 0.000
-1.500 -1.500 -0.026 -0.000 -0.000 -0.176 0.000 0.000 -0.052 0.000 0.000
-1.500 -1.500 -0.035 -0.000 -0.000 -0.178 0.000 0.000 -0.048 0.000 0.000
-1.500 -1.500 -0.044 -0.000 -0.000 -0.181 0.000 0.000 -0.045 0.000 0.000
-1.500 -1.500 -0.053 -0.000 -0.000 -0.183 0.000 0.000 -0.042 0.000 0.000
-1.500 -1.500 -0.062 -0.000 -0.000 -0.185 0.000 0.000 -0.038 0.000 0.000
-1.500 -1.500 -0.071 -0.000 -0.000 -0.187 0.000 0.000 -0.034 0.000 0.000
-1.500 -1.500 -0.080 -0.000 -0.000 -0.188 0.000 0.000 -0.031 0.000 0.000
-1.500 -1.500 -0.090 -0.000 -0.000 -0.190 0.000 0.000 -0.027 0.000 0.000
-1.500 -1.500 -0.099 -0.000 -0.000 -0.191 0.000 0.000 -0.023 0.000 0.000
-1.500 -1.500 -0.109 -0.000 -0.000 -0.192 0.000 0.000 -0.020 0.000 0.000
-1.500 -1.500 -0.119 -0.000 -0.000 -0.193 0.000 0.000 -0.016 0.000 0.000
-1.500 -1.500 -0.128 -0.000 -0.000 -0.194 0.000 0.000 -0.012 0.000 0.000
-1.500 -1.500 -0.138 -0.000 -0.000 -0.194 0.000 0.000 -0.008 0.000 0.000
-1.500 -1.500 -0.148 -0.000 -0.000 -0.195 0.000 0.000 -0.004 0.000 0.000
-1.500 -1.500 -0.157 -0.000 -0.000 -0.195 0.000 0.000 -0.000 0.000 0.000
-1.500 -1.500 -0.167 -0.000 -0.000 -0.195 0.000 0.000 0.004 0.000 0.000
-1.500 -1.500 -0.177 -0.000 -0.000 -0.194 0.000 0.000 0.008 0.000 0.000
-1.500 -1.500 -0.187 -0.000 -0.000 -0.194 0.000 0.000 0.012 0.000 0.000
-1.500 -1.500 -0.196 -0.000 -0.000 -0.193 0.000 0.000 0.016 0.000 0.000
-1.500 -1.500 -0.206 -0.000 -0.000 -0.192 0.000 0.000 0.020 0.000 0.000
-1.500 -1.500 -0.216 -0.000 -0.000 -0.191 0.000 0.000 0.023 0.000 0.000
-1.500 -1.500 -0.225 -0.000 -0.000 -0.190 0.000 0.000 0.027 0.000 0.000
-1.500 -1.500 -0.235 0.000 0.000 -0.188 0.000 0.000 0.031 0.000 0.000
-1.500 -1.500 -0.244 0.000 0.000 -0.187 0.000 0.000 0.034 0.000 0.000
-1.500 -1.500 -0.253 0.000 0.000 -0.185 0.000 0.000 0.038 0.000 0.000
-1.500 -1.500 -0.262 0.000 0.000 -0.183 0.000 0.000 0.042 0.000 0.000
-1.500 -1.500 -0.271 0.000 0.000 -0.181 0.000 0.000 0.045 0.000 0.000
-1.500 -1.500 -0.280 0.000 0.000 -0.178 0.000 0.000 0.048 0.000 0.000
-1.500 -1.500 -0.289 0.000 0.000 -0.176 0.000 0.000 0.052 0.000 0.000
-1.500 -1.500 -0.298 0.000 0.000 -0.173 0.000 0.000 0.055 0.000 0.000
-1.500 -1.500 -0.307 0.000 0.000 -0.170 0.000 0.000 0.058 0.000 0.000
-1.500 -1.500 -0.315 0.000 0.000 -0.168 0.000 0.000 0.061 0.000 0.000
-1.500 -1.500 -0.323 0.000 0.000 -0.164 0.000 0.000 0.063 0.000 0.000
-1.500 -1.500 -0.332 0.000 0.000 -0.161 0.000 0.000 0.066 0.000 0.000
-1.500 -1.500 -0.339 0.000 0.000 -0.158 0.000 0.000 0.069 0.000 0.000
-1.500 -1.500 -0.347 0.000 0.000 -0.154 0.000 0.000 0.071 0.000 0.000
-1.500 -1.500 -0.355 0.000 0.000 -0.151 0.000 0.000 0.073 0.000 0.000
-1.500 -1.500 -0.362 0.000 0.000 -0.147 0.000 0.000 0.075 0.000 0.000
-1.500 -1.500 -0.370 0.000 0.000 -0.143 0.000 0.000 0.077 0.000 0.000
-1.500 -1.500 -0.377 0.000 0.000 -0.139 0.000 0.000 0.079 0.000 0.000
-1.500 -1.500 -0.384 0.000 0.000 -0.135 0.000 0.000 0.080 0.000 0.000
-1.500 -1.500 -0.390 0.000 0.000 -0.131 0.000 0.000 0.082 0.000 0.000
-1.500 -1.500 -0.397 0.000 0.000 -0.127 0.000 0.000 0.083 0.000 0.000
-1.500 -1.500 -0.403 0.000 0.000 -0.123 0.000 0.000 0.084 0.000 0.000
-1.500 -1.500 -0.409 0.000 0.000 -0.119 0.000 0.000 0.085 0.000 0.000
-1.500 -1.500 -0.415 0.000 0.000 -0.114 0.000 0.000 0.086 0.000 0.000
-1.500 -1.500 -0.420 0.000 0.000 -0.110 0.000 0.000 0.086 0.000 0.000
-1.500 -1.500 -0.426 0.000 0.000 -0.106 0.000 0.000 0.087 0.000 0.000
-1.500 -1.500 -0.431 0.000 0.000 -0.102 0.000 0.000 0.087 0.000 0.000
-1.500 -1.500 -0.436 0.000 0.000 -0.097 0.000 0.000 0.087 0.000 0.000
-1.500 -1.500 -0.441 0.000 0.000 -0.093 0.000 0.000 0.087 0.000 0.000
-1.500 -1.500 -0.445 0.000 0.000 -0.089 0.000 0.000 0.086 0.000 0.000
-1.500 -1.500 -0.450 0.000 0.000 -0.084 0.000 0.000 0.086 0.000 0.000
-1.500 -1.500 -0.454 0.000 0.000 -0.080 -0.000 -0.000 0.085 0.000 0.000
-1.500 -1.500 -0.458 0.000 0.000 -0.076 -0.000 -0.000 0.084 0.000 0.000
-1.500 -1.500 -0.461 0.000 0.000 -0.072 -0.000 -0.000 0.083 0.000 0.000
-1.500 -1.500 -0.465 0.000 0.000 -0.067 -0.000 -0.000 0.082 0.000 0.000
-1.500 -1.500 -0.468 0.000 0.000 -0.063 -0.000 -0.000 0.080 0.000 0.000
-1.500 -1.500 -0.471 0.000 0.000 -0.059 -0.000 -0.000 0.079 0.000 0.000
-1.500 -1.500 -0.474 0.000 0.000 -0.056 -0.000 -0.000 0.077 0.000 0.000
-1.500 -1.500 -0.477 0.000 0.000 -0.052 -0.000 -0.000 0.075 0.000 0.000
-1.500 -1.500 -0.479 0.000 0.000 -0.048 -0.000 -0.000 0.073 0.000 0.000
-1.500 -1.500 -0.481 0.000 0.000 -0.044 -0.000 -0.000 0.071 0.000 0.000
-1.500 -1.500 -0.484 0.000 0.000 -0.041 -0.000 -0.000 0.068 0.000 0.000
-1.500 -1.500 -0.486 0.000 0.000 -0.038 -0.000 -0.000 0.066 0.000 0.000
-1.500 -1.500 -0.487 0.000 0.000 -0.034 -0.000 -0.000 0.063 0.000 0.000
-1.500 -1.500 -0.489 0.000 0.000 -0.031 -0.000 -0.000 0.061 0.000 0.000
-1.500 -1.500 -0.490 0.000 0.000 -0.028 -0.000 -0.000 0.058 0.000 0.000
-1.500 -1.500 -0.492 0.000 0.000 -0.026 -0.000 -0.000 0.055 0.000 0.000
-1.500 -1.500 -0.493 0.000 0.000 -0.023 -0.000 -0.000 0.052 0.000 0.000
-1.500 -1.500 -0.494 0.000 0.000 -0.020 -0.000 -0.000 0.049 0.000 0.000
-1.500 -1.500 -0.495 0.000 0.000 -0.018 -0.000 -0.000 0.046 0.000 0.000
-1.500 -1.500 -0.496 0.000 0.000 -0.016 -0.000 -0.000 0.043 0.000 0.000
-1.500 -1.500 -0.497 0.000 0.000 -0.014 -0.000 -0.000 0.040 0.000 0.000
-1.500 -1.500 -0.497 0.000 0.000 -0.012 -0.000 -0.000 0.036 0.000 0.000
-1.500 -1.500 -0.498 0.000 0.000 -0.010 -0.000 -0.000 0.033 0.000 0.000
-1.500 -1.500 -0.498 0.000 0.000 -0.008 -0.000 -0.000 0.030 0.000 0.000
-1.500 -1.500 -0.499 0.000 0.000 -0.007 -0.000 -0.000 0.027 0.000 0.000
-1.500 -1.500 -0.499 0.000 0.000 -0.006 -0.000 -0.000 0.024 0.000 0.000
-1.500 -1.500 -0.499 0.000 0.000 -0.005 -0.000 -0.000 0.021 0.000 0.000
-1.500 -1.500 -0.499 -0.000 -0.000 -0.004 -0.000 -0.000 0.018 0.000 0.000
-1.500 -1.500 -0.500 -0.000 -0.000 -0.003 -0.000 -0.000 0.016 0.000 0.000
-1.500 -1.500 -0.500 -0.000 -0.000 -0.002 -0.000 -0.000 0.013 0.000 0.000
-1.500 -1.500 -0.500 -0.000 -0.000 -0.001 -0.000 -0.000 0.011 0.000 0.000
-1.500 -1.500 -0.500 -0.000 -0.000 -0.001 -0.000 -0.000 0.008 0.000 0.000
-1.500 -1.500 -0.500 -0.000 -0.000 -0.001 -0.000 -0.000 0.006 0.000 0.000
-1.500 -1.500 -0.500 -0.000 -0.000 -0.000 -0.000 -0.000 0.004 0.000 0.000
-1.500 -1.500 -0.500 -0.000 -0.000 -0.000 -0.000 -0.000 0.003 0.000 0.000
-1.500 -1.500 -0.500 -0.000 -0.000 -0.000 -0.000 -0.000 0.002 0.000 0.000
-1.500 -1.500 -0.500 -0.000 -0.000 -0.000 -0.000 -0.000 0.001 0.000 0.000
-1.500 -1.500 -0.500 -0.000 -0.000 -0.000 -0.000 -0.000 0.000 0.000 0.000
-1.500 -1.500 -0.500 -0.000 -0.000 -0.000 -0.000 -0.000 -0.000 0.000 0.000
