-1.500 1.500 0.000 -0.000 0.000 0.000 -0.000 0.000 0.002 0.000 0.000
-1.500 1.500 0.000 -0.000 0.000 0.000 -0.000 0.000 0.006 0.000 0.000
-1.500 1.500 0.000 -0.000 0.000 0.001 0.000 -0.000 0.013 0.000 0.000
-1.500 1.500 0.000 -0.000 0.000 0.002 0.000 -0.000 0.023 0.000 0.000
-1.500 1.500 0.000 -0.000 0.000 0.003 0.000 -0.000 0.034 0.000 0.000
-1.500 1.500 0.000 -0.000 0.000 0.005 0.000 -0.000 0.047 0.000 0.000
-1.500 1.500 0.001 -0.000 0.000 0.008 0.000 -0.000 0.061 0.000 0.000
-1.500 1.500 0.001 -0.000 0.000 0.011 0.000 -0.000 0.076 0.000 0.000
-1.500 1.500 0.002 -0.000 0.000 0.015 0.000 -0.000 0.092 0.000 0.000
-1.500 1.500 0.003 -0.000 0.000 0.020 0.000 -0.000 0.109 0.000 0.000
-1.500 1.500 0.004 -0.000 0.000 0.026 0.000 -0.000 0.126 0.000 0.000
-1.500 1.500 0.005 -0.000 0.000 0.033 0.000 -0.000 0.142 0.000 0.000
-1.500 1.500 0.007 -0.000 0.000 0.041 0.000 -0.000 0.159 0.000 0.000
-1.500 1.500 0.009 -0.000 0.000 0.049 0.000 -0.000 0.175 0.000 0.000
-1.500 1.500 0.012 -0.000 0.000 0.058 0.000 -0.000 0.191 0.000 0.000
-1.500 1.500 0.015 -0.000 0.000 0.068 0.000 -0.000 0.206 0.000 0.000
-1.500 1.500 0.019 -0.000 0.000 0.079 0.000 -0.000 0.221 0.000 0.000
-1.500 1.500 0.023 -0.000 0.000 0.090 0.000 -0.000 0.234 0.000 0.000
-1.500 1.500 0.028 -0.000 0.000 0.102 0.000 -0.000 0.247 0.000 0.000
-1.500 1.500 0.033 -0.000 0.000 0.115 0.000 -0.000 0.258 0.000 0.000
-1.500 1.500 0.039 -0.000 0.000 0.128 0.000 -0.000 0.268 0.000 0.000
-1.500 1.500 0.046 -0.000 0.000 0.141 0.000 -0.000 0.277 0.000 0.000
-1.500 1.500 0.054 -0.000 0.000 0.156 0.000 -0.000 0.285 0.000 0.000
-1.500 1.500 0.062 -0.000 0.000 0.170 0.000 -0.000 0.291 0.000 0.000
-1.500 1.500 0.071 -0.000 0.000 0.185 0.000 -0.000 0.295 0.000 0.000
-1.500 1.500 0.080 -0.000 0.000 0.199 0.000 -0.000 0.299 0.000 0.000
-1.500 1.500 0.091 -0.000 0.000 0.214 0.000 -0.000 0.300 0.000 0.000
-1.500 1.500 0.102 -0.000 0.000 0.229 0.000 -0.000 0.300 0.000 0.000
-1.500 1.500 0.113 -0.000 0.000 0.244 0.000 -0.000 0.299 0.000 0.000
-1.500 1.500 0.126 -0.000 0.000 0.259 0.000 -0.000 0.296 0.000 0.000
-1.500 1.500 0.139 -0.000 0.000 0.274 0.000 -0.000 0.292 0.000 0.000
-1.500 1.500 0.153 -0.000 0.000 0.288 0.000 -0.000 0.286 0.000 0.000
-1.500 1.500 0.168 -0.000 0.000 0.303 0.000 -0.000 0.279 0.000 0.000
-1.500 1.500 0.184 -0.000 0.000 0.316 0.000 -0.000 0.271 0.000 0.000
-1.500 1.500 0.200 -0.000 0.000 0.330 0.000 -0.000 0.261 0.000 0.000
-1.500 1.500 0.217 -0.000 0.000 0.342 0.000 -0.000 0.250 0.000 0.000
-1.500 1.500 0.234 -0.000 0.000 0.355 0.000 -0.000 0.237 0.000 0.000
-1.500 1.500 0.252 0.000 -0.000 0.366 0.000 -0.000 0.224 0.000 0.000
-1.500 1.500 0.271 0.000 -0.000 0.377 0.000 -0.000 0.209 0.000 0.000
-1.500 1.500 0.290 0.000 -0.000 0.387 0.000 -0.000 0.194 0.000 0.000
-1.500 1.500 0.309 0.000 -0.000 0.396 0.000 -0.000 0.177 0.000 0.000
-1.500 1.500 0.329 0.000 -0.000 0.405 0.000 -0.000 0.160 0.000 0.000
-1.500 1.500 0.350 0.000 -0.000 0.412 0.000 -0.000 0.141 0.000 0.000
-1.500 1.500 0.371 0.000 -0.000 0.419 0.000 -0.000 0.122 0.000 0.000
-1.500 1.500 0.392 0.000 -0.000 0.425 0.000 -0.000 0.103 0.000 0.000
-1.500 1.500 0.413 0.000 -0.000 0.429 0.000 -0.000 0.083 0.000 0.000
-1.500 1.500 0.435 0.000 -0.000 0.433 0.000 -0.000 0.063 0.000 0.000
-1.500 1.500 0.456 0.000 -0.000 0.435 0.000 -0.000 0.042 0.000 0.000
-1.500 1.500 0.478 0.000 -0.000 0.437 0.000 -0.000 0.021 0.000 0.000
-1.500 1.500 0.500 0.000 -0.000 0.438 -0.000 0.000 0.000 0.000 0.000
-1.500 1.500 0.522 0.000 -0.000 0.437 0.000 -0.000 -0.021 0.000 0.000
-1.500 1.500 0.544 0.000 -0.000 0.435 0.000 -0.000 -0.042 0.000 0.000
-1.500 1.500 0.565 0.000 -0.000 0.433 -0.000 0.000 -0.063 0.000 0.000
-1.500 1.500 0.587 0.000 -0.000 0.429 -0.000 0.000 -0.083 0.000 0.000
-1.500 1.500 0.608 0.000 -0.000 0.425 -0.000 0.000 -0.103 0.000 0.000
-1.500 1.500 0.629 0.000 -0.000 0.419 -0.000 0.000 -0.122 0.000 0.000
-1.500 1.500 0.650 0.000 -0.000 0.412 -0.000 0.000 -0.141 0.000 0.000
-1.500 1.500 0.671 0.000 -0.000 0.405 -0.000 0.000 -0.160 0.000 0.000
-1.500 1.500 0.691 0.000 -0.000 0.396 -0.000 0.000 -0.177 0.000 0.000
-1.500 1.500 0.710 0.000 -0.000 0.387 -0.000 0.000 -0.194 0.000 0.000
-1.500 1.500 0.729 0.000 -0.000 0.377 -0.000 0.000 -0.209 0.000 0.000
-1.500 1.500 0.748 0.000 -0.000 0.366 -0.000 0.000 -0.224 0.000 0.000
-1.500 1.500 0.766 0.000 -0.000 0.355 -0.000 0.000 -0.237 0.000 0.000
-1.500 1.500 0.783 0.000 -0.000 0.342 -0.000 0.000 -0.250 0.000 0.000
-1.500 1.500 0.800 0.000 -0.000 0.330 -0.000 0.000 -0.261 0.000 0.000
-1.500 1.500 0.816 0.000 -0.000 0.316 -0.000 0.000 -0.271 0.000 0.000
-1.500 1.500 0.832 0.000 -0.000 0.303 0.000 -0.000 -0.279 0.000 0.000
-1.500 1.500 0.847 0.000 -0.000 0.288 0.000 -0.000 -0.286 0.000 0.000
-1.500 1.500 0.861 0.000 -0.000 0.274 0.000 -0.000 -0.292 0.000 0.000
-1.500 1.500 0.874 0.000 -0.000 0.259 0.000 -0.000 -0.296 0.000 0.000
-1.500 1.500 0.887 0.000 -0.000 0.244 0.000 -0.000 -0.299 0.000 0.000
-1.500 1.500 0.898 0.000 -0.000 0.229 0.000 -0.000 -0.300 0.000 0.000
-1.500 1.500 0.909 0.000 -0.000 0.214 0.000 -0.000 -0.300 0.000 0.000
-1.500 1.500 0.920 0.000 -0.000 0.199 0.000 -0.000 -0.299 0.000 0.000
-1.500 1.500 0.929 0.000 -0.000 0.185 0.000 -0.000 -0.295 0.000 0.000
-1.500 1.500 0.938 0.000 -0.000 0.170 0.000 -0.000 -0.291 0.000 0.000
-1.500 1.500 0.946 0.000 -0.000 0.156 0.000 -0.000 -0.285 0.000 0.000
-1.500 1.500 0.954 0.000 -0.000 0.141 0.000 -0.000 -0.277 0.000 0.000
-1.500 1.500 0.961 0.000 -0.000 0.128 0.000 -0.000 -0.268 0.000 0.000
-1.500 1.500 0.967 0.000 -0.000 0.115 0.000 -0.000 -0.258 0.000 0.000
-1.500 1.500 0.972 0.000 -0.000 0.102 0.000 -0.000 -0.247 0.000 0.000
-1.500 1.500 0.977 0.000 -0.000 0.090 0.000 -0.000 -0.234 0.000 0.000
-1.500 1.500 0.981 0.000 -0.000 0.079 0.000 -0.000 -0.221 0.000 0.000
-1.500 1.500 0.985 0.000 -0.000 0.068 -0.000 0.000 -0.206 0.000 0.000
-1.500 1.500 0.988 0.000 -0.000 0.058 -0.000 0.000 -0.191 0.000 0.000
-1.500 1.500 0.991 0.000 -0.000 0.049 -0.000 0.000 -0.175 0.000 0.000
-1.500 1.500 0.993 0.000 -0.000 0.041 -0.000 0.000 -0.159 0.000 0.000
-1.500 1.500 0.995 0.000 -0.000 0.033 -0.000 0.000 -0.142 0.000 0.000
-1.500 1.500 0.996 0.000 -0.000 0.026 -0.000 0.000 -0.126 0.000 0.000
-1.500 1.500 0.997 0.000 -0.000 0.020 -0.000 0.000 -0.109 0.000 0.000
-1.500 1.500 0.998 0.000 -0.000 0.015 -0.000 0.000 -0.092 0.000 0.000
-1.500 1.500 0.999 0.000 -0.000 0.011 -0.000 0.000 -0.076 0.000 0.000
-1.500 1.500 0.999 0.000 -0.000 0.008 -0.000 0.000 -0.061 0.000 0.000
-1.500 1.500 1.000 0.000 -0.000 0.005 -0.000 0.000 -0.047 0.000 0.000
-1.500 1.500 1.000 0.000 -0.000 0.003 -0.000 0.000 -0.034 0.000 0.000
-1.500 1.500 1.000 0.000 -0.000 0.002 -0.000 0.000 -0.023 0.000 0.000
-1.500 1.500 1.000 0.000 -0.000 0.001 -0.000 0.000 -0.013 0.000 0.000
-1.500 1.500 1.000 0.000 -0.000 0.000 -0.000 0.000 -0.006 0.000 0.000
-1.500 1.500 1.000 0.000 -0.000 0.000 -0.000 0.000 -0.002 0.000 0.000
-1.500 1.500 1.000 0.000 -0.000 0.000 -0.000 0.000 0.000 0.000 0.000
-1.500  1.500  1.000  0.000  0.000  0.000  0.000  0.000  0.000 0.000 0.000
-1.500  1.500  1.000  0.000  0.000  0.000  0.000  0.000  0.000 0.000 0.000
-1.500  1.500  1.000  0.000  0.000  0.000  0.000  0.000  0.000 0.000 0.000
-1.500  1.500  1.000  0.000  0.000  0.000  0.000  0.000  0.000 0.000 0.000
-1.500  1.500  1.000  0.000  0.000  0.000  0.000  0.000  0.000 0.000 0.000
-1.500  1.500  1.000  0.000  0.000  0.000  0.000  0.000  0.000 0.000 0.000
-1.500  1.500  1.000  0.000  0.000  0.000  0.000  0.000  0.000 0.000 0.000
-1.500  1.500  1.000  0.000  0.000  0.000  0.000  0.000  0.000 0.000 0.000
-1.500  1.500  1.000  0.000  0.000  0.000  0.000  0.000  0.000 0.000 0.000
-1.500  1.500  1.000  0.000  0.000  0.000  0.000  0.000  0.000 0.000 0.000
-1.500  1.500  1.000  0.000  0.000  0.000  0.000  0.000  0.000 0.000 0.000
-1.500  1.500  1.000  0.000  0.000  0.000  0.000  0.000  0.000 0.000 0.000
-1.500  1.500  1.000  0.000  0.000  0.000  0.000  0.000  0.000 0.000 0.000
-1.500  1.500  1.000  0.000  0.000  0.000  0.000  0.000  0.000 0.000 0.000
-1.500  1.500  1.000  0.000  0.000  0.000  0.000  0.000  0.000 0.000 0.000
-1.500  1.500  1.000  0.000  0.000  0.000  0.000  0.000  0.000 0.000 0.000
-1.500  1.500  1.000  0.000  0.000  0.000  0.000  0.000  0.000 0.000 0.000
-1.500  1.500  1.000  0.000  0.000  0.000  0.000  0.000  0.000 0.000 0.000
-1.500  1.500  1.000  0.000  0.000  0.000  0.000  0.000  0.000 0.000 0.000
-1.500  1.500  1.000  0.000  0.000  0.000  0.000  0.000  0.000 0.000 0.000
-1.500  1.500  1.000  0.000  0.000  0.000  0.000  0.000  0.000 0.000 0.000
-1.500  1.500  1.000  0.000  0.000  0.000  0.000  0.000  0.000 0.000 0.000
-1.500  1.500  1.000  0.000  0.000  0.000  0.000  0.000  0.000 0.000 0.000
-1.500  1.500  1.000  0.000  0.000  0.000  0.000  0.000  0.000 0.000 0.000
-1.500  1.500  1.000  0.000  0.000  0.000  0.000  0.000  0.000 0.000 0.000
-1.500  1.500  1.000  0.000  0.000  0.000  0.000  0.000  0.000 0.000 0.000
-1.500  1.500  1.000  0.000  0.000  0.000  0.000  0.000  0.000 0.000 0.000
-1.500  1.500  1.000  0.000  0.000  0.000  0.000  0.000  0.000 0.000 0.000
-1.500  1.500  1.000  0.000  0.000  0.000  0.000  0.000  0.000 0.000 0.000
-1.500  1.500  1.000  0.000  0.000  0.000  0.000  0.000  0.000 0.000 0.000
-1.500  1.500  1.000  0.000  0.000  0.000  0.000  0.000  0.000 0.000 0.000
-1.500  1.500  1.000  0.000  0.000  0.000  0.000  0.000  0.000 0.000 0.000
-1.500  1.500  1.000  0.000  0.000  0.000  0.000  0.000  0.000 0.000 0.000
-1.500  1.500  1.000  0.000  0.000  0.000  0.000  0.000  0.000 0.000 0.000
-1.500  1.500  1.000  0.000  0.000  0.000  0.000  0.000  0.000 0.000 0.000
-1.500  1.500  1.000  0.000  0.000  0.000  0.000  0.000  0.000 0.000 0.000
-1.500  1.500  1.000  0.000  0.000  0.000  0.000  0.000  0.000 0.000 0.000
-1.500  1.500  1.000  0.000  0.000  0.000  0.000  0.000  0.000 0.000 0.000
-1.500  1.500  1.000  0.000  0.000  0.000  0.000  0.000  0.000 0.000 0.000
-1.500  1.500  1.000  0.000  0.000  0.000  0.000  0.000  0.000 0.000 0.000
-1.500  1.500  1.000  0.000  0.000  0.000  0.000  0.000  0.000 0.000 0.000
-1.500  1.500  1.000  0.000  0.000  0.000  0.000  0.000  0.000 0.000 0.000
-1.500  1.500  1.000  0.000  0.000  0.000  0.000  0.000  0.000 0.000 0.000
-1.500  1.500  1.000  0.000  0.000  0.000  0.000  0.000  0.000 0.000 0.000
-1.500  1.500  1.000  0.000  0.000  0.000  0.000  0.000  0.000 0.000 0.000
-1.500  1.500  1.000  0.000  0.000  0.000  0.000  0.000  0.000 0.000 0.000
-1.500  1.500  1.000  0.000  0.000  0.000  0.000  0.000  0.000 0.000 0.000
-1.500  1.500  1.000  0.000  0.000  0.000  0.000  0.000  0.000 0.000 0.000
-1.500  1.500  1.000  0.000  0.000  0.000  0.000  0.000  0.000 0.000 0.000
-1.500  1.500  1.000  0.000  0.000  0.000  0.000  0.000  0.000 0.000 0.000
-1.500  1.500  1.000  0.000  0.000  0.000  0.000  0.000  0.000 0.000 0.000
-1.500  1.500  1.000  0.000  0.000  0.000  0.000  0.000  0.000 0.000 0.000
-1.500  1.500  1.000  0.000  0.000  0.000  0.000  0.000  0.000 0.000 0.000
-1.500  1.500  1.000  0.000  0.000  0.000  0.000  0.000  0.000 0.000 0.000
-1.500  1.500  1.000  0.000  0.000  0.000  0.000  0.000  0.000 0.000 0.000
-1.500  1.500  1.000  0.000  0.000  0.000  0.000  0.000  0.000 0.000 0.000
-1.500  1.500  1.000  0.000  0.000  0.000  0.000  0.000  0.000 0.000 0.000
-1.500  1.500  1.000  0.000  0.000  0.000  0.000  0.000  0.000 0.000 0.000
-1.500  1.500  1.000  0.000  0.000  0.000  0.000  0.000  0.000 0.000 0.000
-1.500  1.500  1.000  0.000  0.000  0.000  0.000  0.000  0.000 0.000 0.000
-1.500  1.500  1.000  0.000  0.000  0.000  0.000  0.000  0.000 0.000 0.000
-1.500  1.500  1.000  0.000  0.000  0.000  0.000  0.000  0.000 0.000 0.000
-1.500  1.500  1.000  0.000  0.000  0.000  0.000  0.000  0.000 0.000 0.000
-1.500  1.500  1.000  0.000  0.000  0.000  0.000  0.000  0.000 0.000 0.000
-1.500  1.500  1.000  0.000  0.000  0.000  0.000  0.000  0.000 0.000 0.000
-1.500  1.500  1.000  0.000  0.000  0.000  0.000  0.000  0.000 0.000 0.000
-1.500  1.500  1.000  0.000  0.000  0.000  0.000  0.000  0.000 0.000 0.000
-1.500  1.500  1.000  0.000  0.000  0.000  0.000  0.000  0.000 0.000 0.000
-1.500  1.500  1.000  0.000  0.000  0.000  0.000  0.000  0.000 0.000 0.000
-1.500  1.500  1.000  0.000  0.000  0.000  0.000  0.000  0.000 0.000 0.000
-1.500  1.500  1.000  0.000  0.000  0.000  0.000  0.000  0.000 0.000 0.000
-1.500  1.500  1.000  0.000  0.000  0.000  0.000  0.000  0.000 0.000 0.000
-1.500  1.500  1.000  0.000  0.000  0.000  0.000  0.000  0.000 0.000 0.000
-1.500  1.500  1.000  0.000  0.000  0.000  0.000  0.000  0.000 0.000 0.000
-1.500  1.500  1.000  0.000  0.000  0.000  0.000  0.000  0.000 0.000 0.000
-1.500  1.500  1.000  0.000  0.000  0.000  0.000  0.000  0.000 0.000 0.000
-1.500  1.500  1.000  0.000  0.000  0.000  0.000  0.000  0.000 0.000 0.000
-1.500  1.500  1.000  0.000  0.000  0.000  0.000  0.000  0.000 0.000 0.000
-1.500  1.500  1.000  0.000  0.000  0.000  0.000  0.000  0.000 0.000 0.000
-1.500  1.500  1.000  0.000  0.000  0.000  0.000  0.000  0.000 0.000 0.000
-1.500  1.500  1.000  0.000  0.000  0.000  0.000  0.000  0.000 0.000 0.000
-1.500  1.500  1.000  0.000  0.000  0.000  0.000  0.000  0.000 0.000 0.000
-1.500  1.500  1.000  0.000  0.000  0.000  0.000  0.000  0.000 0.000 0.000
-1.500  1.500  1.000  0.000  0.000  0.000  0.000  0.000  0.000 0.000 0.000
-1.500  1.500  1.000  0.000  0.000  0.000  0.000  0.000  0.000 0.000 0.000
-1.500  1.500  1.000  0.000  0.000  0.000  0.000  0.000  0.000 0.000 0.000
-1.500  1.500  1.000  0.000  0.000  0.000  0.000  0.000  0.000 0.000 0.000
-1.500  1.500  1.000  0.000  0.000  0.000  0.000  0.000  0.000 0.000 0.000
-1.500  1.500  1.000  0.000  0.000  0.000  0.000  0.000  0.000 0.000 0.000
-1.500  1.500  1.000  0.000  0.000  0.000  0.000  0.000  0.000 0.000 0.000
-1.500  1.500  1.000  0.000  0.000  0.000  0.000  0.000  0.000 0.000 0.000
-1.500  1.500  1.000  0.000  0.000  0.000  0.000  0.000  0.000 0.000 0.000
-1.500  1.500  1.000  0.000  0.000  0.000  0.000  0.000  0.000 0.000 0.000
-1.500  1.500  1.000  0.000  0.000  0.000  0.000  0.000  0.000 0.000 0.000
-1.500  1.500  1.000  0.000  0.000  0.000  0.000  0.000  0.000 0.000 0.000
-1.500  1.500  1.000  0.000  0.000  0.000  0.000  0.000  0.000 0.000 0.000
-1.500  1.500  1.000  0.000  0.000  0.000  0.000  0.000  0.000 0.000 0.000
-1.500  1.500  1.000  0.000  0.000  0.000  0.000  0.000  0.000 0.000 0.000
-1.500  1.500  1.000  0.000  0.000  0.000  0.000  0.000  0.000 0.000 0.000
-1.500  1.500  1.000  0.000  0.000  0.000  0.000  0.000  0.000 0.000 0.000
-1.500  1.500  1.000  0.000  0.000  0.000  0.000  0.000  0.000 0.000 0.000
-1.500  1.500  1.000  0.000  0.000  0.000  0.000  0.000  0.000 0.000 0.000
-1.500  1.500  1.000  0.000  0.000  0.000  0.000  0.000  0.000 0.000 0.000
-1.500  1.500  1.000  0.000  0.000  0.000  0.000  0.000  0.000 0.000 0.000
-1.500  1.500  1.000  0.000  0.000  0.000  0.000  0.000  0.000 0.000 0.000
-1.500  1.500  1.000  0.000  0.000  0.000  0.000  0.000  0.000 0.000 0.000
-1.500  1.500  1.000  0.000  0.000  0.000  0.000  0.000  0.000 0.000 0.000
-1.500  1.500  1.000  0.000  0.000  0.000  0.000  0.000  0.000 0.000 0.000
-1.500  1.500  1.000  0.000  0.000  0.000  0.000  0.000  0.000 0.000 0.000
-1.500  1.500  1.000  0.000  0.000  0.000  0.000  0.000  0.000 0.000 0.000
-1.500  1.500  1.000  0.000  0.000  0.000  0.000  0.000  0.000 0.000 0.000
-1.500  1.500  1.000  0.000  0.000  0.000  0.000  0.000  0.000 0.000 0.000
-1.500  1.500  1.000  0.000  0.000  0.000  0.000  0.000  0.000 0.000 0.000
-1.500  1.500  1.000  0.000  0.000  0.000  0.000  0.000  0.000 0.000 0.000
-1.500  1.500  1.000  0.000  0.000  0.000  0.000  0.000  0.000 0.000 0.000
-1.500  1.500  1.000  0.000  0.000  0.000  0.000  0.000  0.000 0.000 0.000
-1.500  1.500  1.000  0.000  0.000  0.000  0.000  0.000  0.000 0.000 0.000
-1.500  1.500  1.000  0.000  0.000  0.000  0.000  0.000  0.000 0.000 0.000
-1.500  1.500  1.000  0.000  0.000  0.000  0.000  0.000  0.000 0.000 0.000
-1.500  1.500  1.000  0.000  0.000  0.000  0.000  0.000  0.000 0.000 0.000
-1.500  1.500  1.000  0.000  0.000  0.000  0.000  0.000  0.000 0.000 0.000
-1.500  1.500  1.000  0.000  0.000  0.000  0.000  0.000  0.000 0.000 0.000
-1.500  1.500  1.000  0.000  0.000  0.000  0.000  0.000  0.000 0.000 0.000
-1.500  1.500  1.000  0.000  0.000  0.000  0.000  0.000  0.000 0.000 0.000
-1.500  1.500  1.000  0.000  0.000  0.000  0.000  0.000  0.000 0.000 0.000
-1.500  1.500  1.000  0.000  0.000  0.000  0.000  0.000  0.000 0.000 0.000
-1.500  1.500  1.000  0.000  0.000  0.000  0.000  0.000  0.000 0.000 0.000
-1.500  1.500  1.000  0.000  0.000  0.000  0.000  0.000  0.000 0.000 0.000
-1.500  1.500  1.000  0.000  0.000  0.000  0.000  0.000  0.000 0.000 0.000
-1.500  1.500  1.000  0.000  0.000  0.000  0.000  0.000  0.000 0.000 0.000
-1.500  1.500  1.000  0.000  0.000  0.000  0.000  0.000  0.000 0.000 0.000
-1.500  1.500  1.000  0.000  0.000  0.000  0.000  0.000  0.000 0.000 0.000
-1.500  1.500  1.000  0.000  0.000  0.000  0.000  0.000  0.000 0.000 0.000
-1.500  1.500  1.000  0.000  0.000  0.000  0.000  0.000  0.000 0.000 0.000
-1.500  1.500  1.000  0.000  0.000  0.000  0.000  0.000  0.000 0.000 0.000
-1.500  1.500  1.000  0.000  0.000  0.000  0.000  0.000  0.000 0.000 0.000
-1.500  1.500  1.000  0.000  0.000  0.000  0.000  0.000  0.000 0.000 0.000
-1.500  1.500  1.000  0.000  0.000  0.000  0.000  0.000  0.000 0.000 0.000
-1.500  1.500  1.000  0.000  0.000  0.000  0.000  0.000  0.000 0.000 0.000
-1.500  1.500  1.000  0.000  0.000  0.000  0.000  0.000  0.000 0.000 0.000
-1.500  1.500  1.000  0.000  0.000  0.000  0.000  0.000  0.000 0.000 0.000
-1.500  1.500  1.000  0.000  0.000  0.000  0.000  0.000  0.000 0.000 0.000
-1.500  1.500  1.000  0.000  0.000  0.000  0.000  0.000  0.000 0.000 0.000
-1.500  1.500  1.000  0.000  0.000  0.000  0.000  0.000  0.000 0.000 0.000
-1.500  1.500  1.000  0.000  0.000  0.000  0.000  0.000  0.000 0.000 0.000
-1.500  1.500  1.000  0.000  0.000  0.000  0.000  0.000  0.000 0.000 0.000
-1.500  1.500  1.000  0.000  0.000  0.000  0.000  0.000  0.000 0.000 0.000
-1.500  1.500  1.000  0.000  0.000  0.000  0.000  0.000  0.000 0.000 0.000
-1.500  1.500  1.000  0.000  0.000  0.000  0.000  0.000  0.000 0.000 0.000
-1.500  1.500  1.000  0.000  0.000  0.000  0.000  0.000  0.000 0.000 0.000
-1.500  1.500  1.000  0.000  0.000  0.000  0.000  0.000  0.000 0.000 0.000
-1.500  1.500  1.000  0.000  0.000  0.000  0.000  0.000  0.000 0.000 0.000
-1.500  1.500  1.000  0.000  0.000  0.000  0.000  0.000  0.000 0.000 0.000
-1.500  1.500  1.000  0.000  0.000  0.000  0.000  0.000  0.000 0.000 0.000
-1.500  1.500  1.000  0.000  0.000  0.000  0.000  0.000  0.000 0.000 0.000
-1.500  1.500  1.000  0.000  0.000  0.000  0.000  0.000  0.000 0.000 0.000
-1.500  1.500  1.000  0.000  0.000  0.000  0.000  0.000  0.000 0.000 0.000
-1.500  1.500  1.000  0.000  0.000  0.000  0.000  0.000  0.000 0.000 0.000
-1.500  1.500  1.000  0.000  0.000  0.000  0.000  0.000  0.000 0.000 0.000
-1.500  1.500  1.000  0.000  0.000  0.000  0.000  0.000  0.000 0.000 0.000
-1.500  1.500  1.000  0.000  0.000  0.000  0.000  0.000  0.000 0.000 0.000
-1.500  1.500  1.000  0.000  0.000  0.000  0.000  0.000  0.000 0.000 0.000
-1.500  1.500  1.000  0.000  0.000  0.000  0.000  0.000  0.000 0.000 0.000
-1.500  1.500  1.000  0.000  0.000  0.000  0.000  0.000  0.000 0.000 0.000
-1.500  1.500  1.000  0.000  0.000  0.000  0.000  0.000  0.000 0.000 0.000
-1.500  1.500  1.000  0.000  0.000  0.000  0.000  0.000  0.000 0.000 0.000
-1.500  1.500  1.000  0.000  0.000  0.000  0.000  0.000  0.000 0.000 0.000
-1.500  1.500  1.000  0.000  0.000  0.000  0.000  0.000  0.000 0.000 0.000
-1.500  1.500  1.000  0.000  0.000  0.000  0.000  0.000  0.000 0.000 0.000
-1.500  1.500  1.000  0.000  0.000  0.000  0.000  0.000  0.000 0.000 0.000
-1.500  1.500  1.000  0.000  0.000  0.000  0.000  0.000  0.000 0.000 0.000
-1.500  1.500  1.000  0.000  0.000  0.000  0.000  0.000  0.000 0.000 0.000
-1.500  1.500  1.000  0.000  0.000  0.000  0.000  0.000  0.000 0.000 0.000
-1.500  1.500  1.000  0.000  0.000  0.000  0.000  0.000  0.000 0.000 0.000
-1.500  1.500  1.000  0.000  0.000  0.000  0.000  0.000  0.000 0.000 0.000
-1.500  1.500  1.000  0.000  0.000  0.000  0.000  0.000  0.000 0.000 0.000
-1.500  1.500  1.000  0.000  0.000  0.000  0.000  0.000  0.000 0.000 0.000
-1.500  1.500  1.000  0.000  0.000  0.000  0.000  0.000  0.000 0.000 0.000
-1.500  1.500  1.000  0.000  0.000  0.000  0.000  0.000  0.000 0.000 0.000
-1.500  1.500  1.000  0.000  0.000  0.000  0.000  0.000  0.000 0.000 0.000
-1.500  1.500  1.000  0.000  0.000  0.000  0.000  0.000  0.000 0.000 0.000
-1.500  1.500  1.000  0.000  0.000  0.000  0.000  0.000  0.000 0.000 0.000
-1.500  1.500  1.000  0.000  0.000  0.000  0.000  0.000  0.000 0.000 0.000
-1.500  1.500  1.000  0.000  0.000  0.000  0.000  0.000  0.000 0.000 0.000
-1.500  1.500  1.000  0.000  0.000  0.000  0.000  0.000  0.000 0.000 0.000
-1.500  1.500  1.000  0.000  0.000  0.000  0.000  0.000  0.000 0.000 0.000
-1.500  1.500  1.000  0.000  0.000  0.000  0.000  0.000  0.000 0.000 0.000
-1.500  1.500  1.000  0.000  0.000  0.000  0.000  0.000  0.000 0.000 0.000
-1.500  1.500  1.000  0.000  0.000  0.000  0.000  0.000  0.000 0.000 0.000
-1.500  1.500  1.000  0.000  0.000  0.000  0.000  0.000  0.000 0.000 0.000
-1.500  1.500  1.000  0.000  0.000  0.000  0.000  0.000  0.000 0.000 0.000
-1.500  1.500  1.000  0.000  0.000  0.000  0.000  0.000  0.000 0.000 0.000
-1.500  1.500  1.000  0.000  0.000  0.000  0.000  0.000  0.000 0.000 0.000
-1.500  1.500  1.000  0.000  0.000  0.000  0.000  0.000  0.000 0.000 0.000
-1.500  1.500  1.000  0.000  0.000  0.000  0.000  0.000  0.000 0.000 0.000
-1.500  1.500  1.000  0.000  0.000  0.000  0.000  0.000  0.000 0.000 0.000
-1.500  1.500  1.000  0.000  0.000  0.000  0.000  0.000  0.000 0.000 0.000
-1.500  1.500  1.000  0.000  0.000  0.000  0.000  0.000  0.000 0.000 0.000
-1.500  1.500  1.000  0.000  0.000  0.000  0.000  0.000  0.000 0.000 0.000
-1.500  1.500  1.000  0.000  0.000  0.000  0.000  0.000  0.000 0.000 0.000
-1.500 1.500 1.000 0.000 0.000 -0.000 0.002 0.001 -0.000 0.000 0.000
-1.500 1.500 1.000 0.000 0.000 -0.000 0.009 0.004 -0.000 0.000 0.000
-1.500 1.500 1.000 0.001 0.000 -0.000 0.020 0.009 -0.000 0.000 0.000
-1.500 1.500 1.000 0.002 0.001 -0.000 0.034 0.016 -0.000 0.000 0.000
-1.500 1.500 1.000 0.005 0.002 -0.000 0.052 0.023 -0.000 0.000 0.000
-1.499 1.500 1.000 0.008 0.003 -0.000 0.072 0.032 -0.000 0.000 0.000
-1.499 1.500 1.000 0.012 0.005 -0.000 0.094 0.042 -0.000 0.000 0.000
-1.498 1.501 1.000 0.017 0.008 -0.000 0.118 0.053 -0.000 0.000 0.000
-1.497 1.501 1.000 0.024 0.011 -0.000 0.143 0.064 -0.000 0.000 0.000
-1.496 1.502 1.000 0.031 0.014 -0.000 0.170 0.076 -0.000 0.000 0.000
-1.494 1.503 1.000 0.041 0.018 -0.000 0.197 0.088 -0.000 0.000 0.000
-1.492 1.504 1.000 0.051 0.023 -0.000 0.225 0.100 -0.000 0.000 0.000
-1.489 1.505 1.000 0.063 0.028 -0.000 0.253 0.112 -0.000 0.000 0.000
-1.485 1.507 1.000 0.076 0.034 -0.000 0.281 0.123 -0.000 0.000 0.000
-1.481 1.508 1.000 0.091 0.040 -0.000 0.308 0.135 -0.000 0.000 0.000
-1.476 1.511 1.000 0.107 0.048 -0.000 0.335 0.146 -0.000 0.000 0.000
-1.470 1.513 1.000 0.125 0.055 -0.000 0.361 0.157 -0.000 0.000 0.000
-1.464 1.516 1.000 0.143 0.063 -0.000 0.386 0.167 -0.000 0.000 0.000
-1.456 1.519 1.000 0.163 0.072 -0.000 0.410 0.176 -0.000 0.000 0.000
-1.447 1.523 1.000 0.184 0.081 -0.000 0.433 0.185 -0.000 0.000 0.000
-1.438 1.528 1.000 0.207 0.090 -0.000 0.454 0.193 -0.000 0.000 0.000
-1.427 1.532 1.000 0.230 0.100 -0.000 0.473 0.200 -0.000 0.000 0.000
-1.415 1.538 1.000 0.254 0.110 -0.000 0.491 0.206 -0.000 0.000 0.000
-1.401 1.543 1.000 0.279 0.121 -0.000 0.507 0.211 -0.000 0.000 0.000
-1.387 1.550 1.000 0.304 0.131 -0.000 0.521 0.215 -0.000 0.000 0.000
-1.371 1.556 1.000 0.331 0.142 -0.000 0.533 0.218 -0.000 0.000 0.000
-1.354 1.564 1.000 0.358 0.153 -0.000 0.543 0.220 -0.000 0.000 0.000
-1.335 1.572 1.000 0.385 0.164 -0.000 0.551 0.221 -0.000 0.000 0.000
-1.315 1.580 1.000 0.413 0.175 -0.000 0.557 0.220 -0.000 0.000 0.000
-1.294 1.589 1.000 0.441 0.186 -0.000 0.560 0.219 -0.000 0.000 0.000
-1.271 1.599 1.000 0.469 0.197 -0.000 0.562 0.217 -0.000 0.000 0.000
-1.247 1.609 1.000 0.497 0.208 -0.000 0.561 0.213 -0.000 0.000 0.000
-1.221 1.620 1.000 0.525 0.218 -0.001 0.558 0.209 -0.000 0.000 0.000
-1.194 1.631 1.000 0.553 0.229 -0.001 0.553 0.203 -0.000 0.000 0.000
-1.166 1.642 1.000 0.580 0.238 -0.001 0.546 0.196 -0.000 0.000 0.000
-1.136 1.655 1.000 0.607 0.248 -0.001 0.536 0.188 -0.000 0.000 0.000
-1.105 1.667 1.000 0.634 0.257 -0.001 0.525 0.179 -0.000 0.000 0.000
-1.073 1.680 1.000 0.660 0.266 -0.001 0.512 0.169 -0.000 0.000 0.000
-1.040 1.694 1.000 0.685 0.274 -0.001 0.496 0.159 -0.000 0.000 0.000
-1.005 1.708 1.000 0.709 0.282 -0.001 0.479 0.147 -0.000 0.000 0.000
-0.969 1.722 0.999 0.733 0.289 -0.001 0.461 0.134 0.000 0.000 0.000
-0.931 1.737 0.999 0.755 0.295 -0.001 0.440 0.121 0.000 0.000 0.000
-0.893 1.752 0.999 0.777 0.301 -0.001 0.418 0.107 0.000 0.000 0.000
-0.854 1.767 0.999 0.797 0.306 -0.001 0.395 0.092 0.000 0.000 0.000
-0.813 1.782 0.999 0.816 0.310 -0.001 0.370 0.076 0.000 0.000 0.000
-0.772 1.798 0.999 0.834 0.314 -0.001 0.344 0.060 0.000 0.000 0.000
-0.730 1.813 0.999 0.851 0.316 -0.001 0.316 0.043 0.000 0.000 0.000
-0.687 1.829 0.999 0.866 0.318 -0.001 0.288 0.026 0.000 0.000 0.000
-0.644 1.845 0.999 0.879 0.319 -0.000 0.259 0.008 0.000 0.000 0.000
-0.599 1.861 0.999 0.892 0.319 -0.000 0.229 -0.010 0.000 0.000 0.000
-0.554 1.877 0.999 0.902 0.318 -0.000 0.198 -0.028 0.001 0.000 0.000
-0.509 1.893 0.999 0.911 0.316 -0.000 0.167 -0.047 0.001 0.000 0.000
-0.463 1.909 0.999 0.919 0.313 -0.000 0.135 -0.065 0.001 0.000 0.000
-0.417 1.924 0.999 0.925 0.309 -0.000 0.103 -0.084 0.001 0.000 0.000
-0.371 1.940 0.999 0.929 0.305 -0.000 0.071 -0.103 0.001 0.000 0.000
-0.324 1.955 0.999 0.932 0.299 -0.000 0.039 -0.122 0.001 0.000 0.000
-0.278 1.969 0.999 0.933 0.293 -0.000 0.007 -0.140 0.001 0.000 0.000
-0.231 1.984 0.999 0.933 0.285 -0.000 -0.025 -0.159 0.001 0.000 0.000
-0.184 1.998 0.999 0.931 0.277 -0.000 -0.056 -0.177 0.001 0.000 0.000
-0.138 2.012 0.999 0.927 0.267 -0.000 -0.087 -0.195 0.001 0.000 0.000
-0.092 2.025 0.999 0.922 0.257 -0.000 -0.117 -0.213 0.001 0.000 0.000
-0.046 2.037 0.999 0.915 0.246 -0.000 -0.147 -0.230 0.001 0.000 0.000
-0.000 2.049 0.999 0.907 0.234 0.000 -0.175 -0.246 0.001 0.000 0.000
0.045 2.061 0.999 0.898 0.221 0.000 -0.203 -0.262 0.001 0.000 0.000
0.089 2.071 0.999 0.887 0.208 0.000 -0.229 -0.278 0.001 0.000 0.000
0.134 2.081 0.999 0.875 0.194 0.000 -0.254 -0.292 0.001 0.000 0.000
0.177 2.091 0.999 0.862 0.179 0.000 -0.278 -0.306 0.001 0.000 0.000
0.220 2.099 0.999 0.847 0.163 0.000 -0.300 -0.319 0.001 0.000 0.000
0.262 2.107 0.999 0.832 0.147 0.000 -0.321 -0.332 0.001 0.000 0.000
0.303 2.114 0.999 0.815 0.130 0.000 -0.340 -0.343 0.001 0.000 0.000
0.343 2.120 0.999 0.798 0.113 0.000 -0.357 -0.353 0.001 0.000 0.000
0.383 2.125 0.999 0.779 0.095 0.000 -0.373 -0.362 0.001 0.000 0.000
0.421 2.130 0.999 0.760 0.076 0.001 -0.387 -0.371 0.001 0.000 0.000
0.459 2.133 0.999 0.741 0.058 0.001 -0.398 -0.378 0.001 0.000 0.000
0.495 2.135 0.999 0.721 0.039 0.001 -0.408 -0.384 0.001 0.000 0.000
0.531 2.137 0.999 0.700 0.019 0.001 -0.415 -0.388 0.001 0.000 0.000
0.565 2.137 0.999 0.679 -0.000 0.001 -0.421 -0.392 0.001 0.000 0.000
0.599 2.137 0.999 0.658 -0.020 0.001 -0.424 -0.394 0.001 0.000 0.000
0.631 2.135 0.999 0.637 -0.040 0.001 -0.425 -0.395 0.001 0.000 0.000
0.662 2.133 0.999 0.615 -0.059 0.001 -0.424 -0.395 0.001 0.000 0.000
0.692 2.129 0.999 0.594 -0.079 0.001 -0.421 -0.394 0.000 0.000 0.000
0.722 2.125 1.000 0.573 -0.099 0.001 -0.415 -0.391 0.000 0.000 0.000
0.750 2.119 1.000 0.553 -0.118 0.001 -0.408 -0.388 0.000 0.000 0.000
0.777 2.113 1.000 0.533 -0.138 0.001 -0.398 -0.382 0.000 0.000 0.000
0.803 2.106 1.000 0.513 -0.157 0.001 -0.386 -0.376 0.000 0.000 0.000
0.828 2.097 1.000 0.494 -0.175 0.001 -0.372 -0.369 0.000 0.000 0.000
0.852 2.088 1.000 0.476 -0.193 0.001 -0.357 -0.360 -0.000 0.000 0.000
0.876 2.078 1.000 0.458 -0.211 0.001 -0.339 -0.350 -0.000 0.000 0.000
0.898 2.067 1.000 0.442 -0.228 0.001 -0.319 -0.339 -0.000 0.000 0.000
0.920 2.055 1.000 0.426 -0.245 0.001 -0.298 -0.327 -0.000 0.000 0.000
0.941 2.043 1.000 0.412 -0.261 0.001 -0.276 -0.314 -0.000 0.000 0.000
0.961 2.029 1.000 0.399 -0.276 0.001 -0.252 -0.300 -0.001 0.000 0.000
0.981 2.015 1.000 0.387 -0.291 0.001 -0.226 -0.285 -0.001 0.000 0.000
1.000 2.000 1.000 0.376 -0.305 0.001 -0.200 -0.270 -0.001 0.000 0.000
1.019 1.984 1.000 0.367 -0.318 0.001 -0.173 -0.253 -0.001 0.000 0.000
1.037 1.968 1.000 0.359 -0.330 0.001 -0.145 -0.236 -0.001 0.000 0.000
1.055 1.951 1.000 0.353 -0.342 0.001 -0.117 -0.219 -0.001 0.000 0.000
1.072 1.934 1.000 0.347 -0.352 0.001 -0.088 -0.201 -0.001 0.000 0.000
1.089 1.916 1.000 0.344 -0.362 0.000 -0.060 -0.183 -0.001 0.000 0.000
1.106 1.898 1.000 0.341 -0.370 0.000 -0.031 -0.164 -0.001 0.000 0.000
1.123 1.879 1.000 0.341 -0.378 0.000 -0.004 -0.146 -0.001 0.000 0.000
1.140 1.860 1.000 0.341 -0.385 0.000 0.023 -0.127 -0.001 0.000 0.000
1.158 1.841 1.000 0.343 -0.391 0.000 0.049 -0.109 -0.001 0.000 0.000
1.175 1.821 1.000 0.346 -0.396 0.000 0.073 -0.091 -0.001 0.000 0.000
1.192 1.801 1.000 0.350 -0.400 0.000 0.096 -0.074 -0.001 0.000 0.000
1.210 1.781 1.000 0.355 -0.403 0.000 0.117 -0.057 -0.001 0.000 0.000
1.228 1.761 1.000 0.362 -0.406 -0.000 0.136 -0.041 -0.001 0.000 0.000
1.246 1.741 1.000 0.369 -0.407 -0.000 0.153 -0.025 -0.001 0.000 0.000
1.265 1.720 1.000 0.377 -0.408 -0.000 0.167 -0.011 -0.001 0.000 0.000
1.284 1.700 1.000 0.386 -0.408 -0.000 0.179 0.003 -0.001 0.000 0.000
1.303 1.679 1.000 0.395 -0.408 -0.000 0.188 0.015 -0.001 0.000 0.000
1.323 1.659 1.000 0.404 -0.407 -0.000 0.193 0.027 -0.001 0.000 0.000
1.344 1.639 1.000 0.414 -0.405 -0.000 0.196 0.037 -0.001 0.000 0.000
1.365 1.618 1.000 0.424 -0.403 -0.000 0.195 0.045 -0.001 0.000 0.000
1.386 1.598 1.000 0.434 -0.401 -0.000 0.191 0.052 -0.001 0.000 0.000
1.408 1.578 1.000 0.443 -0.398 -0.001 0.184 0.058 -0.001 0.000 0.000
1.430 1.559 1.000 0.452 -0.395 -0.001 0.174 0.063 -0.001 0.000 0.000
1.453 1.539 1.000 0.460 -0.392 -0.001 0.160 0.065 -0.000 0.000 0.000
1.476 1.519 1.000 0.468 -0.388 -0.001 0.143 0.067 -0.000 0.000 0.000
1.500 1.500 1.000 0.475 -0.385 -0.001 0.123 0.067 -0.000 0.000 0.000
1.524 1.481 1.000 0.480 -0.382 -0.001 0.100 0.065 0.000 0.000 0.000
1.548 1.462 1.000 0.485 -0.379 -0.001 0.074 0.062 0.000 0.000 0.000
1.572 1.443 1.000 0.488 -0.376 -0.001 0.046 0.057 0.000 0.000 0.000
1.597 1.424 1.000 0.489 -0.373 -0.001 0.016 0.051 0.001 0.000 0.000
1.621 1.406 1.000 0.489 -0.371 -0.001 -0.017 0.044 0.001 0.000 0.000
1.646 1.387 1.000 0.487 -0.369 -0.001 -0.051 0.036 0.001 0.000 0.000
1.670 1.369 1.000 0.484 -0.367 -0.000 -0.086 0.027 0.001 0.000 0.000
1.694 1.350 1.000 0.479 -0.366 -0.000 -0.121 0.017 0.001 0.000 0.000
1.718 1.332 1.000 0.472 -0.365 -0.000 -0.158 0.006 0.001 0.000 0.000
1.741 1.314 1.000 0.463 -0.365 -0.000 -0.194 -0.005 0.001 0.000 0.000
1.764 1.296 1.000 0.453 -0.366 -0.000 -0.229 -0.017 0.002 0.000 0.000
1.786 1.277 1.000 0.440 -0.367 -0.000 -0.264 -0.029 0.002 0.000 0.000
1.808 1.259 1.000 0.426 -0.369 -0.000 -0.298 -0.042 0.002 0.000 0.000
1.829 1.240 1.000 0.410 -0.371 0.000 -0.329 -0.054 0.002 0.000 0.000
1.849 1.222 1.000 0.393 -0.374 0.000 -0.359 -0.067 0.002 0.000 0.000
1.868 1.203 1.000 0.375 -0.378 0.000 -0.386 -0.079 0.002 0.000 0.000
1.887 1.184 1.000 0.355 -0.382 0.000 -0.411 -0.091 0.002 0.000 0.000
1.904 1.165 1.000 0.334 -0.387 0.000 -0.432 -0.102 0.002 0.000 0.000
1.920 1.145 1.000 0.311 -0.392 0.000 -0.450 -0.112 0.002 0.000 0.000
1.935 1.126 1.000 0.289 -0.398 0.001 -0.465 -0.122 0.001 0.000 0.000
1.949 1.106 1.000 0.265 -0.404 0.001 -0.475 -0.131 0.001 0.000 0.000
1.961 1.085 1.000 0.241 -0.411 0.001 -0.481 -0.138 0.001 0.000 0.000
1.973 1.064 1.000 0.217 -0.418 0.001 -0.483 -0.145 0.001 0.000 0.000
1.983 1.043 1.000 0.193 -0.426 0.001 -0.481 -0.150 0.001 0.000 0.000
1.992 1.022 1.000 0.169 -0.433 0.001 -0.475 -0.154 0.000 0.000 0.000
2.000 1.000 1.000 0.145 -0.441 0.001 -0.465 -0.156 0.000 0.000 0.000
2.007 0.978 1.000 0.123 -0.449 0.001 -0.450 -0.157 -0.000 0.000 0.000
2.012 0.955 1.000 0.101 -0.457 0.001 -0.432 -0.156 -0.000 0.000 0.000
2.017 0.932 1.000 0.079 -0.464 0.001 -0.410 -0.154 -0.001 0.000 0.000
2.020 0.909 1.000 0.060 -0.472 0.001 -0.385 -0.150 -0.001 0.000 0.000
2.023 0.885 1.000 0.041 -0.479 0.001 -0.357 -0.145 -0.001 0.000 0.000
2.024 0.861 1.000 0.024 -0.486 0.001 -0.326 -0.138 -0.002 0.000 0.000
2.025 0.836 1.000 0.009 -0.493 0.000 -0.293 -0.130 -0.002 0.000 0.000
2.025 0.811 1.000 -0.005 -0.499 0.000 -0.259 -0.121 -0.002 0.000 0.000
2.025 0.786 1.000 -0.017 -0.505 0.000 -0.224 -0.110 -0.002 0.000 0.000
2.024 0.761 1.000 -0.028 -0.510 0.000 -0.189 -0.097 -0.003 0.000 0.000
2.022 0.735 1.000 -0.036 -0.515 -0.000 -0.153 -0.084 -0.003 0.000 0.000
2.020 0.709 1.000 -0.043 -0.519 -0.000 -0.118 -0.069 -0.003 0.000 0.000
2.018 0.683 1.000 -0.048 -0.522 -0.000 -0.084 -0.054 -0.003 0.000 0.000
2.015 0.657 1.000 -0.051 -0.524 -0.000 -0.051 -0.037 -0.003 0.000 0.000
2.013 0.631 1.000 -0.053 -0.526 -0.001 -0.020 -0.020 -0.003 0.000 0.000
2.010 0.605 1.000 -0.053 -0.526 -0.001 0.008 -0.002 -0.003 0.000 0.000
2.007 0.578 1.000 -0.052 -0.526 -0.001 0.034 0.016 -0.003 0.000 0.000
2.005 0.552 1.000 -0.050 -0.524 -0.001 0.057 0.035 -0.002 0.000 0.000
2.002 0.526 1.000 -0.047 -0.522 -0.001 0.077 0.053 -0.002 0.000 0.000
2.000 0.500 1.000 -0.042 -0.519 -0.001 0.093 0.072 -0.002 0.000 0.000
1.998 0.474 1.000 -0.038 -0.515 -0.001 0.105 0.090 -0.001 0.000 0.000
1.996 0.449 1.000 -0.032 -0.510 -0.001 0.114 0.108 -0.001 0.000 0.000
1.995 0.423 1.000 -0.026 -0.504 -0.001 0.119 0.126 -0.000 0.000 0.000
1.994 0.398 1.000 -0.020 -0.498 -0.001 0.121 0.143 0.000 0.000 0.000
1.993 0.373 1.000 -0.014 -0.490 -0.001 0.120 0.158 0.001 0.000 0.000
1.992 0.349 1.000 -0.008 -0.482 -0.001 0.115 0.173 0.001 0.000 0.000
1.992 0.325 1.000 -0.003 -0.473 -0.001 0.107 0.187 0.002 0.000 0.000
1.992 0.302 0.999 0.002 -0.463 -0.001 0.097 0.198 0.002 0.000 0.000
1.992 0.279 0.999 0.007 -0.453 -0.001 0.085 0.209 0.003 0.000 0.000
1.993 0.257 0.999 0.011 -0.442 -0.001 0.071 0.217 0.003 0.000 0.000
1.993 0.235 0.999 0.014 -0.431 -0.001 0.056 0.224 0.004 0.000 0.000
1.994 0.213 0.999 0.017 -0.420 -0.000 0.040 0.228 0.004 0.000 0.000
1.995 0.193 0.999 0.018 -0.408 -0.000 0.023 0.231 0.005 0.000 0.000
1.996 0.173 0.999 0.019 -0.397 0.000 0.006 0.231 0.005 0.000 0.000
1.997 0.153 0.999 0.019 -0.385 0.000 -0.011 0.228 0.005 0.000 0.000
1.998 0.134 0.999 0.018 -0.374 0.001 -0.027 0.224 0.005 0.000 0.000
1.999 0.116 0.999 0.016 -0.363 0.001 -0.042 0.216 0.005 0.000 0.000
1.999 0.098 0.999 0.014 -0.352 0.001 -0.056 0.207 0.005 0.000 0.000
2.000 0.080 0.999 0.010 -0.342 0.001 -0.067 0.194 0.005 0.000 0.000
2.000 0.064 1.000 0.007 -0.333 0.002 -0.077 0.180 0.005 0.000 0.000
2.001 0.047 1.000 0.003 -0.325 0.002 -0.084 0.163 0.005 0.000 0.000
2.001 0.031 1.000 -0.002 -0.317 0.002 -0.089 0.143 0.004 0.000 0.000
2.000 0.015 1.000 -0.006 -0.310 0.002 -0.091 0.122 0.004 0.000 0.000
2.000 0.000 1.000 -0.011 -0.305 0.002 -0.090 0.098 0.003 0.000 0.000
1.999 -0.015 1.000 -0.015 -0.300 0.003 -0.087 0.073 0.002 0.000 0.000
1.999 -0.030 1.000 -0.019 -0.297 0.003 -0.080 0.046 0.001 0.000 0.000
1.997 -0.045 1.000 -0.023 -0.296 0.003 -0.071 0.018 0.000 0.000 0.000
1.996 -0.060 1.001 -0.026 -0.296 0.003 -0.060 -0.011 -0.000 0.000 0.000
1.995 -0.074 1.001 -0.029 -0.297 0.003 -0.046 -0.041 -0.001 0.000 0.000
1.993 -0.089 1.001 -0.031 -0.300 0.003 -0.031 -0.071 -0.002 0.000 0.000
1.992 -0.104 1.001 -0.032 -0.304 0.002 -0.013 -0.101 -0.004 0.000 0.000
1.990 -0.120 1.001 -0.032 -0.310 0.002 0.005 -0.131 -0.005 0.000 0.000
1.989 -0.136 1.001 -0.031 -0.317 0.002 0.024 -0.159 -0.005 0.000 0.000
1.987 -0.152 1.001 -0.030 -0.326 0.002 0.043 -0.187 -0.006 0.000 0.000
1.986 -0.168 1.001 -0.027 -0.336 0.001 0.062 -0.213 -0.007 0.000 0.000
1.984 -0.185 1.001 -0.024 -0.347 0.001 0.081 -0.237 -0.008 0.000 0.000
1.983 -0.203 1.001 -0.019 -0.359 0.001 0.099 -0.259 -0.009 0.000 0.000
1.982 -0.221 1.001 -0.014 -0.373 0.000 0.115 -0.278 -0.009 0.000 0.000
1.982 -0.240 1.001 -0.008 -0.387 -0.000 0.130 -0.294 -0.009 0.000 0.000
1.982 -0.260 1.001 -0.001 -0.402 -0.001 0.142 -0.307 -0.010 0.000 0.000
1.982 -0.280 1.001 0.007 -0.418 -0.001 0.151 -0.316 -0.010 0.000 0.000
1.982 -0.302 1.001 0.014 -0.434 -0.002 0.157 -0.322 -0.009 0.000 0.000
1.983 -0.324 1.001 0.022 -0.450 -0.002 0.160 -0.324 -0.009 0.000 0.000
1.985 -0.347 1.001 0.030 -0.466 -0.003 0.159 -0.322 -0.008 0.000 0.000
1.986 -0.370 1.001 0.038 -0.482 -0.003 0.154 -0.315 -0.008 0.000 0.000
1.988 -0.395 1.001 0.046 -0.498 -0.003 0.146 -0.305 -0.007 0.000 0.000
1.991 -0.420 1.001 0.053 -0.512 -0.004 0.133 -0.290 -0.005 0.000 0.000
1.994 -0.446 1.000 0.059 -0.526 -0.004 0.115 -0.271 -0.004 0.000 0.000
1.997 -0.473 1.000 0.064 -0.539 -0.004 0.094 -0.248 -0.003 0.000 0.000
2.000 -0.500 1.000 0.068 -0.551 -0.004 0.069 -0.222 -0.001 0.000 0.000
2.003 -0.528 1.000 0.071 -0.562 -0.004 0.039 -0.192 0.001 0.000 0.000
2.007 -0.556 1.000 0.072 -0.570 -0.004 0.007 -0.159 0.003 0.000 0.000
2.011 -0.585 0.999 0.071 -0.577 -0.004 -0.029 -0.124 0.005 0.000 0.000
2.014 -0.614 0.999 0.069 -0.583 -0.004 -0.067 -0.086 0.007 0.000 0.000
2.018 -0.643 0.999 0.065 -0.586 -0.003 -0.108 -0.047 0.009 0.000 0.000
2.021 -0.672 0.999 0.058 -0.587 -0.003 -0.149 -0.007 0.010 0.000 0.000
2.023 -0.702 0.999 0.050 -0.587 -0.002 -0.192 0.033 0.012 0.000 0.000
2.026 -0.731 0.999 0.039 -0.584 -0.002 -0.235 0.073 0.014 0.000 0.000
2.027 -0.760 0.999 0.026 -0.579 -0.001 -0.277 0.111 0.015 0.000 0.000
2.028 -0.789 0.999 0.011 -0.573 0.000 -0.318 0.148 0.017 0.000 0.000
2.028 -0.817 0.999 -0.005 -0.565 0.001 -0.356 0.183 0.017 0.000 0.000
2.028 -0.845 0.999 -0.024 -0.555 0.002 -0.393 0.215 0.018 0.000 0.000
2.026 -0.873 0.999 -0.045 -0.543 0.003 -0.426 0.243 0.018 0.000 0.000
2.023 -0.900 0.999 -0.067 -0.531 0.004 -0.455 0.268 0.018 0.000 0.000
2.019 -0.926 0.999 -0.090 -0.517 0.004 -0.480 0.288 0.018 0.000 0.000
2.014 -0.951 0.999 -0.115 -0.502 0.005 -0.500 0.303 0.017 0.000 0.000
2.008 -0.976 1.000 -0.140 -0.486 0.006 -0.515 0.313 0.016 0.000 0.000
2.000 -1.000 1.000 -0.166 -0.471 0.007 -0.525 0.318 0.014 0.000 0.000
1.991 -1.023 1.000 -0.192 -0.455 0.008 -0.528 0.318 0.012 0.000 0.000
1.981 -1.045 1.001 -0.219 -0.439 0.008 -0.527 0.312 0.010 0.000 0.000
1.969 -1.067 1.001 -0.245 -0.424 0.009 -0.519 0.301 0.007 0.000 0.000
1.956 -1.088 1.002 -0.271 -0.409 0.009 -0.506 0.286 0.004 0.000 0.000
1.942 -1.108 1.002 -0.296 -0.395 0.009 -0.488 0.265 0.001 0.000 0.000
1.927 -1.127 1.003 -0.319 -0.382 0.009 -0.465 0.241 -0.003 0.000 0.000
1.910 -1.146 1.003 -0.342 -0.371 0.009 -0.437 0.212 -0.007 0.000 0.000
1.893 -1.164 1.003 -0.363 -0.361 0.008 -0.405 0.181 -0.010 0.000 0.000
1.874 -1.182 1.004 -0.382 -0.353 0.008 -0.369 0.146 -0.014 0.000 0.000
1.854 -1.200 1.004 -0.400 -0.347 0.007 -0.330 0.110 -0.018 0.000 0.000
1.834 -1.217 1.004 -0.415 -0.342 0.006 -0.289 0.072 -0.021 0.000 0.000
1.813 -1.234 1.005 -0.429 -0.339 0.005 -0.246 0.034 -0.025 0.000 0.000
1.791 -1.251 1.005 -0.440 -0.339 0.003 -0.202 -0.004 -0.028 0.000 0.000
1.769 -1.268 1.005 -0.449 -0.340 0.002 -0.157 -0.042 -0.030 0.000 0.000
1.746 -1.285 1.005 -0.456 -0.343 0.000 -0.113 -0.079 -0.033 0.000 0.000
1.723 -1.302 1.005 -0.460 -0.348 -0.001 -0.069 -0.113 -0.035 0.000 0.000
1.700 -1.320 1.005 -0.463 -0.354 -0.003 -0.026 -0.144 -0.036 0.000 0.000
1.677 -1.338 1.005 -0.463 -0.362 -0.005 0.014 -0.173 -0.037 0.000 0.000
1.654 -1.356 1.004 -0.461 -0.371 -0.007 0.052 -0.197 -0.037 0.000 0.000
1.631 -1.375 1.004 -0.458 -0.382 -0.009 0.086 -0.217 -0.037 0.000 0.000
1.608 -1.394 1.004 -0.453 -0.393 -0.010 0.117 -0.232 -0.036 0.000 0.000
1.586 -1.414 1.003 -0.446 -0.405 -0.012 0.144 -0.242 -0.034 0.000 0.000
1.564 -1.435 1.002 -0.438 -0.417 -0.014 0.166 -0.246 -0.032 0.000 0.000
1.542 -1.456 1.002 -0.430 -0.429 -0.015 0.183 -0.244 -0.029 0.000 0.000
1.521 -1.478 1.001 -0.420 -0.441 -0.017 0.195 -0.237 -0.025 0.000 0.000
1.500 -1.500 1.000 -0.410 -0.453 -0.018 0.202 -0.223 -0.020 0.000 0.000
1.480 -1.523 0.999 -0.400 -0.464 -0.019 0.204 -0.203 -0.015 0.000 0.000
1.460 -1.546 0.998 -0.390 -0.473 -0.019 0.200 -0.178 -0.010 0.000 0.000
1.441 -1.570 0.997 -0.380 -0.481 -0.020 0.192 -0.147 -0.004 0.000 0.000
1.422 -1.594 0.996 -0.371 -0.488 -0.020 0.178 -0.112 0.003 0.000 0.000
1.404 -1.619 0.995 -0.362 -0.492 -0.019 0.160 -0.072 0.009 0.000 0.000
1.386 -1.644 0.994 -0.355 -0.495 -0.019 0.139 -0.028 0.016 0.000 0.000
1.368 -1.668 0.993 -0.348 -0.495 -0.018 0.113 0.019 0.023 0.000 0.000
1.351 -1.693 0.992 -0.344 -0.493 -0.016 0.084 0.068 0.030 0.000 0.000
1.334 -1.718 0.992 -0.340 -0.488 -0.015 0.053 0.119 0.037 0.000 0.000
1.317 -1.742 0.991 -0.338 -0.481 -0.013 0.020 0.171 0.043 0.000 0.000
1.300 -1.766 0.990 -0.338 -0.471 -0.010 -0.014 0.223 0.049 0.000 0.000
1.283 -1.789 0.990 -0.340 -0.459 -0.008 -0.049 0.274 0.055 0.000 0.000
1.266 -1.812 0.990 -0.343 -0.444 -0.005 -0.084 0.324 0.060 0.000 0.000
1.249 -1.833 0.989 -0.348 -0.426 -0.002 -0.118 0.371 0.064 0.000 0.000
1.231 -1.854 0.989 -0.355 -0.407 0.001 -0.151 0.415 0.067 0.000 0.000
1.213 -1.874 0.990 -0.363 -0.385 0.005 -0.182 0.454 0.069 0.000 0.000
1.195 -1.893 0.990 -0.373 -0.361 0.008 -0.211 0.490 0.070 0.000 0.000
1.176 -1.910 0.990 -0.384 -0.336 0.012 -0.236 0.519 0.070 0.000 0.000
1.156 -1.926 0.991 -0.396 -0.310 0.015 -0.258 0.543 0.069 0.000 0.000
1.136 -1.941 0.992 -0.410 -0.282 0.019 -0.276 0.561 0.066 0.000 0.000
1.115 -1.954 0.993 -0.424 -0.254 0.022 -0.290 0.571 0.062 0.000 0.000
1.094 -1.966 0.994 -0.439 -0.225 0.025 -0.299 0.575 0.056 0.000 0.000
1.071 -1.977 0.995 -0.454 -0.196 0.027 -0.303 0.571 0.049 0.000 0.000
1.048 -1.986 0.997 -0.469 -0.168 0.030 -0.302 0.560 0.041 0.000 0.000
1.025 -1.994 0.998 -0.484 -0.140 0.032 -0.296 0.542 0.031 0.000 0.000
1.000 -2.000 1.000 -0.499 -0.114 0.033 -0.285 0.517 0.020 0.000 0.000
0.975 -2.005 1.002 -0.512 -0.089 0.033 -0.269 0.485 0.007 0.000 0.000
0.949 -2.009 1.003 -0.525 -0.065 0.033 -0.249 0.448 -0.007 0.000 0.000
0.922 -2.012 1.005 -0.537 -0.044 0.033 -0.225 0.405 -0.021 0.000 0.000
0.895 -2.013 1.007 -0.548 -0.025 0.031 -0.197 0.358 -0.037 0.000 0.000
0.867 -2.014 1.008 -0.557 -0.008 0.029 -0.167 0.308 -0.054 0.000 0.000
0.839 -2.014 1.009 -0.564 0.006 0.026 -0.134 0.255 -0.071 0.000 0.000
0.811 -2.014 1.011 -0.570 0.017 0.022 -0.100 0.201 -0.088 0.000 0.000
0.782 -2.013 1.012 -0.574 0.026 0.017 -0.065 0.147 -0.106 0.000 0.000
0.754 -2.011 1.012 -0.577 0.032 0.011 -0.030 0.095 -0.124 0.000 0.000
0.725 -2.009 1.013 -0.577 0.035 0.005 0.004 0.044 -0.141 0.000 0.000
0.696 -2.008 1.013 -0.576 0.036 -0.003 0.036 -0.003 -0.159 0.000 0.000
0.667 -2.006 1.013 -0.574 0.035 -0.011 0.066 -0.046 -0.175 0.000 0.000
0.639 -2.004 1.012 -0.570 0.032 -0.020 0.093 -0.083 -0.191 0.000 0.000
0.610 -2.003 1.010 -0.565 0.027 -0.030 0.116 -0.114 -0.206 0.000 0.000
0.582 -2.001 1.009 -0.558 0.021 -0.041 0.135 -0.139 -0.220 0.000 0.000
0.554 -2.001 1.006 -0.551 0.013 -0.052 0.150 -0.156 -0.232 0.000 0.000
0.527 -2.000 1.004 -0.544 0.005 -0.064 0.159 -0.165 -0.243 0.000 0.000
0.500 -2.000 1.000 -0.535 -0.003 -0.076 0.164 -0.166 -0.252 0.000 0.000
0.473 -2.000 0.996 -0.527 -0.011 -0.089 0.164 -0.160 -0.260 0.000 0.000
0.447 -2.001 0.991 -0.519 -0.019 -0.102 0.159 -0.146 -0.266 0.000 0.000
0.422 -2.002 0.986 -0.511 -0.026 -0.116 0.149 -0.125 -0.270 0.000 0.000
0.396 -2.004 0.979 -0.504 -0.031 -0.129 0.135 -0.098 -0.272 0.000 0.000
0.371 -2.005 0.973 -0.498 -0.036 -0.143 0.118 -0.066 -0.272 0.000 0.000
0.346 -2.007 0.965 -0.493 -0.038 -0.156 0.097 -0.030 -0.270 0.000 0.000
0.322 -2.009 0.957 -0.488 -0.038 -0.170 0.074 0.010 -0.266 0.000 0.000
0.297 -2.011 0.948 -0.485 -0.037 -0.183 0.050 0.051 -0.260 0.000 0.000
0.273 -2.013 0.939 -0.483 -0.033 -0.196 0.025 0.092 -0.252 0.000 0.000
0.249 -2.014 0.929 -0.483 -0.028 -0.208 -0.000 0.133 -0.243 0.000 0.000
0.225 -2.016 0.918 -0.483 -0.020 -0.220 -0.024 0.171 -0.232 0.000 0.000
0.201 -2.016 0.907 -0.485 -0.011 -0.231 -0.047 0.206 -0.219 0.000 0.000
0.176 -2.017 0.895 -0.488 0.000 -0.242 -0.067 0.235 -0.205 0.000 0.000
0.152 -2.016 0.882 -0.492 0.013 -0.252 -0.083 0.259 -0.189 0.000 0.000
0.127 -2.015 0.870 -0.496 0.026 -0.261 -0.096 0.276 -0.172 0.000 0.000
0.102 -2.014 0.856 -0.501 0.040 -0.269 -0.104 0.285 -0.154 0.000 0.000
0.077 -2.011 0.843 -0.507 0.054 -0.276 -0.108 0.285 -0.136 0.000 0.000
0.052 -2.008 0.829 -0.512 0.069 -0.283 -0.106 0.276 -0.116 0.000 0.000
0.026 -2.004 0.815 -0.517 0.082 -0.288 -0.099 0.257 -0.096 0.000 0.000
-0.000 -2.000 0.800 -0.522 0.094 -0.292 -0.086 0.229 -0.076 0.000 0.000
-0.026 -1.995 0.785 -0.526 0.105 -0.296 -0.068 0.192 -0.056 0.000 0.000
-0.053 -1.990 0.770 -0.528 0.113 -0.298 -0.045 0.146 -0.036 0.000 0.000
-0.079 -1.984 0.756 -0.530 0.119 -0.299 -0.017 0.093 -0.016 0.000 0.000
-0.106 -1.978 0.741 -0.530 0.122 -0.299 0.015 0.033 0.003 0.000 0.000
-0.132 -1.972 0.726 -0.528 0.122 -0.299 0.049 -0.033 0.021 0.000 0.000
-0.158 -1.966 0.711 -0.525 0.119 -0.297 0.086 -0.102 0.038 0.000 0.000
-0.184 -1.960 0.696 -0.520 0.112 -0.295 0.125 -0.174 0.053 0.000 0.000
-0.210 -1.954 0.681 -0.513 0.102 -0.292 0.163 -0.246 0.068 0.000 0.000
-0.236 -1.950 0.667 -0.503 0.088 -0.288 0.201 -0.316 0.080 0.000 0.000
-0.261 -1.946 0.652 -0.492 0.070 -0.284 0.237 -0.384 0.091 0.000 0.000
-0.285 -1.943 0.638 -0.480 0.049 -0.279 0.270 -0.446 0.099 0.000 0.000
-0.309 -1.941 0.624 -0.466 0.026 -0.274 0.299 -0.501 0.105 0.000 0.000
-0.331 -1.940 0.611 -0.450 -0.001 -0.269 0.322 -0.548 0.109 0.000 0.000
-0.354 -1.941 0.598 -0.433 -0.029 -0.263 0.340 -0.584 0.111 0.000 0.000
-0.375 -1.943 0.585 -0.416 -0.059 -0.258 0.351 -0.609 0.110 0.000 0.000
-0.395 -1.947 0.572 -0.399 -0.090 -0.252 0.354 -0.620 0.106 0.000 0.000
-0.415 -1.952 0.559 -0.381 -0.121 -0.247 0.349 -0.618 0.100 0.000 0.000
-0.433 -1.959 0.547 -0.364 -0.151 -0.243 0.335 -0.600 0.091 0.000 0.000
-0.451 -1.967 0.535 -0.348 -0.180 -0.238 0.312 -0.567 0.080 0.000 0.000
-0.468 -1.977 0.523 -0.333 -0.208 -0.235 0.280 -0.517 0.067 0.000 0.000
-0.484 -1.988 0.512 -0.320 -0.232 -0.232 0.240 -0.452 0.052 0.000 0.000
-0.500 -2.000 0.500 -0.309 -0.253 -0.229 0.190 -0.372 0.035 0.000 0.000
-0.515 -2.013 0.489 -0.301 -0.269 -0.228 0.133 -0.278 0.016 0.000 0.000
-0.530 -2.027 0.477 -0.296 -0.280 -0.228 0.069 -0.170 -0.003 0.000 0.000
-0.545 -2.041 0.466 -0.294 -0.286 -0.228 -0.000 -0.052 -0.024 0.000 0.000
-0.560 -2.055 0.454 -0.296 -0.285 -0.230 -0.074 0.076 -0.044 0.000 0.000
-0.574 -2.069 0.443 -0.301 -0.278 -0.233 -0.151 0.210 -0.065 0.000 0.000
-0.590 -2.083 0.431 -0.311 -0.264 -0.237 -0.229 0.348 -0.084 0.000 0.000
-0.606 -2.096 0.419 -0.324 -0.243 -0.241 -0.306 0.488 -0.103 0.000 0.000
-0.622 -2.107 0.407 -0.341 -0.215 -0.247 -0.380 0.625 -0.120 0.000 0.000
-0.640 -2.117 0.394 -0.362 -0.181 -0.253 -0.450 0.758 -0.134 0.000 0.000
-0.659 -2.125 0.382 -0.386 -0.140 -0.260 -0.513 0.882 -0.146 0.000 0.000
-0.679 -2.131 0.368 -0.413 -0.093 -0.268 -0.568 0.996 -0.155 0.000 0.000
-0.700 -2.134 0.355 -0.443 -0.040 -0.276 -0.613 1.097 -0.160 0.000 0.000
-0.723 -2.135 0.341 -0.474 0.017 -0.284 -0.647 1.181 -0.162 0.000 0.000
-0.747 -2.133 0.326 -0.507 0.077 -0.292 -0.667 1.246 -0.159 0.000 0.000
-0.774 -2.127 0.312 -0.541 0.141 -0.300 -0.673 1.291 -0.151 0.000 0.000
-0.801 -2.118 0.296 -0.574 0.206 -0.307 -0.664 1.313 -0.139 0.000 0.000
-0.831 -2.107 0.281 -0.607 0.272 -0.313 -0.639 1.311 -0.123 0.000 0.000
-0.862 -2.091 0.265 -0.638 0.337 -0.319 -0.598 1.283 -0.101 0.000 0.000
-0.895 -2.073 0.249 -0.667 0.400 -0.324 -0.540 1.231 -0.075 0.000 0.000
-0.929 -2.051 0.233 -0.692 0.459 -0.327 -0.466 1.153 -0.045 0.000 0.000
-0.964 -2.027 0.216 -0.713 0.515 -0.328 -0.378 1.050 -0.011 0.000 0.000
-1.000 -2.000 0.200 -0.729 0.564 -0.328 -0.275 0.925 0.027 0.000 0.000
-1.037 -1.971 0.184 -0.740 0.607 -0.325 -0.160 0.779 0.068 0.000 0.000
-1.074 -1.939 0.168 -0.745 0.642 -0.321 -0.035 0.615 0.110 0.000 0.000
-1.111 -1.907 0.152 -0.744 0.668 -0.314 0.098 0.437 0.154 0.000 0.000
-1.148 -1.873 0.136 -0.735 0.685 -0.305 0.234 0.249 0.198 0.000 0.000
-1.185 -1.838 0.121 -0.720 0.693 -0.294 0.371 0.055 0.241 0.000 0.000
-1.220 -1.804 0.107 -0.698 0.691 -0.281 0.505 -0.139 0.282 0.000 0.000
-1.254 -1.769 0.093 -0.670 0.679 -0.266 0.632 -0.328 0.320 0.000 0.000
-1.287 -1.736 0.080 -0.635 0.658 -0.249 0.750 -0.508 0.354 0.000 0.000
-1.318 -1.704 0.068 -0.595 0.628 -0.231 0.855 -0.674 0.383 0.000 0.000
-1.346 -1.673 0.057 -0.550 0.591 -0.211 0.943 -0.820 0.405 0.000 0.000
-1.373 -1.645 0.047 -0.501 0.547 -0.190 1.012 -0.944 0.421 0.000 0.000
-1.396 -1.619 0.038 -0.449 0.497 -0.169 1.059 -1.041 0.429 0.000 0.000
-1.418 -1.595 0.030 -0.396 0.443 -0.148 1.083 -1.108 0.429 0.000 0.000
-1.436 -1.574 0.023 -0.341 0.387 -0.126 1.083 -1.143 0.420 0.000 0.000
-1.452 -1.556 0.017 -0.288 0.329 -0.106 1.057 -1.145 0.404 0.000 0.000
-1.465 -1.541 0.013 -0.236 0.273 -0.086 1.006 -1.114 0.379 0.000 0.000
-1.475 -1.529 0.009 -0.187 0.219 -0.068 0.932 -1.051 0.347 0.000 0.000
-1.484 -1.519 0.006 -0.143 0.168 -0.052 0.837 -0.958 0.308 0.000 0.000
-1.490 -1.512 0.004 -0.104 0.123 -0.037 0.724 -0.840 0.264 0.000 0.000
-1.494 -1.507 0.002 -0.071 0.085 -0.025 0.598 -0.702 0.216 0.000 0.000
-1.497 -1.504 0.001 -0.044 0.053 -0.016 0.464 -0.551 0.166 0.000 0.000
-1.499 -1.502 0.000 -0.025 0.030 -0.009 0.331 -0.396 0.118 0.000 0.000
-1.500 -1.501 0.000 -0.011 0.014 -0.004 0.206 -0.249 0.073 0.000 0.000
-1.500 -1.500 0.000 -0.004 0.004 -0.001 0.101 -0.123 0.036 0.000 0.000
-1.500 -1.500 0.000 -0.000 0.001 -0.000 0.028 -0.034 0.010 0.000 0.000
-1.500 -1.500 0.000 0.000 -0.000 -0.000 -0.000 -0.000 0.000 0.000 0.000
-1.500 -1.500 -0.000 -0.000 -0.000 -0.000 -0.000 -0.000 -0.001 0.000 0.000
-1.500 -1.500 -0.000 -0.000 -0.000 -0.000 -0.000 -0.000 -0.003 0.000 0.000
-1.500 -1.500 -0.000 -0.000 -0.000 -0.000 -0.000 -0.000 -0.007 0.000 0.000
-1.500 -1.500 -0.000 -0.000 -0.000 -0.001 -0.000 -0.000 -0.011 0.000 0.000
-1.500 -1.500 -0.000 -0.000 -0.000 -0.002 -0.000 -0.000 -0.017 0.000 0.000
-1.500 -1.500 -0.000 -0.000 -0.000 -0.003 -0.000 -0.000 -0.024 0.000 0.000
-1.500 -1.500 -0.000 -0.000 -0.000 -0.004 -0.000 -0.000 -0.031 0.000 0.000
-1.500 -1.500 -0.001 -0.000 -0.000 -0.006 -0.000 -0.000 -0.038 0.000 0.000
-1.500 -1.500 -0.001 -0.000 -0.000 -0.008 -0.000 -0.000 -0.046 0.000 0.000
-1.500 -1.500 -0.001 -0.000 -0.000 -0.010 -0.000 -0.000 -0.054 0.000 0.000
-1.500 -1.500 -0.002 -0.000 -0.000 -0.013 -0.000 -0.000 -0.063 0.000 0.000
-1.500 -1.500 -0.003 -0.000 -0.000 -0.016 -0.000 -0.000 -0.071 0.000 0.000
-1.500 -1.500 -0.004 -0.000 -0.000 -0.020 -0.000 -0.000 -0.080 0.000 0.000
-1.500 -1.500 -0.005 -0.000 -0.000 -0.024 -0.000 -0.000 -0.088 0.000 0.000
-1.500 -1.500 -0.006 -0.000 -0.000 -0.029 -0.000 -0.000 -0.096 0.000 0.000
-1.500 -1.500 -0.008 -0.000 -0.000 -0.034 -0.000 -0.000 -0.103 0.000 0.000
-1.500 -1.500 -0.009 -0.000 -0.000 -0.039 -0.000 -0.000 -0.110 0.000 0.000
-1.500 -1.500 -0.012 -0.000 -0.000 -0.045 -0.000 -0.000 -0.117 0.000 0.000
-1.500 -1.500 -0.014 -0.000 -0.000 -0.051 -0.000 -0.000 -0.123 0.000 0.000
-1.500 -1.500 -0.017 -0.000 -0.000 -0.057 -0.000 -0.000 -0.129 0.000 0.000
-1.500 -1.500 -0.020 -0.000 -0.000 -0.064 -0.000 -0.000 -0.134 0.000 0.000
-1.500 -1.500 -0.023 -0.000 -0.000 -0.071 -0.000 -0.000 -0.139 0.000 0.000
-1.500 -1.500 -0.027 -0.000 -0.000 -0.078 -0.000 -0.000 -0.142 0.000 0.000
-1.500 -1.500 -0.031 -0.000 -0.000 -0.085 -0.000 -0.000 -0.145 0.000 0.000
-1.500 -1.500 -0.035 -0.000 -0.000 -0.092 -0.000 -0.000 -0.148 0.000 0.000
-1.500 -1.500 -0.040 -0.000 -0.000 -0.100 -0.000 -0.000 -0.149 0.000 0.000
-1.500 -1.500 -0.045 -0.000 -0.000 -0.107 -0.000 -0.000 -0.150 0.000 0.000
-1.500 -1.500 -0.051 -0.000 -0.000 -0.115 -0.000 -0.000 -0.150 0.000 0.000
-1.500 -1.500 -0.057 -0.000 -0.000 -0.122 -0.000 -0.000 -0.150 0.000 0.000
-1.500 -1.500 -0.063 -0.000 -0.000 -0.130 -0.000 -0.000 -0.148 0.000 0.000
-1.500 -1.500 -0.070 -0.000 -0.000 -0.137 -0.000 -0.000 -0.146 0.000 0.000
-1.500 -1.500 -0.077 -0.000 -0.000 -0.144 -0.000 -0.000 -0.143 0.000 0.000
-1.500 -1.500 -0.084 -0.000 -0.000 -0.151 -0.000 -0.000 -0.140 0.000 0.000
-1.500 -1.500 -0.092 -0.000 -0.000 -0.158 -0.000 -0.000 -0.135 0.000 0.000
-1.500 -1.500 -0.100 -0.000 -0.000 -0.165 -0.000 -0.000 -0.130 0.000 0.000
-1.500 -1.500 -0.108 -0.000 -0.000 -0.171 -0.000 -0.000 -0.125 0.000 0.000
-1.500 -1.500 -0.117 -0.000 -0.000 -0.177 -0.000 -0.000 -0.119 0.000 0.000
-1.500 -1.500 -0.126 -0.000 -0.000 -0.183 0.000 0.000 -0.112 0.000 0.000
-1.500 -1.500 -0.135 -0.000 -0.000 -0.189 0.000 0.000 -0.105 0.000 0.000
-1.500 -1.500 -0.145 -0.000 -0.000 -0.194 0.000 0.000 -0.097 0.000 0.000
-1.500 -1.500 -0.155 -0.000 -0.000 -0.198 0.000 0.000 -0.088 0.000 0.000
-1.500 -1.500 -0.165 -0.000 -0.000 -0.202 0.000 0.000 -0.080 0.000 0.000
-1.500 -1.500 -0.175 -0.000 -0.000 -0.206 0.000 0.000 -0.071 0.000 0.000
-1.500 -1.500 -0.185 -0.000 -0.000 -0.209 0.000 0.000 -0.061 0.000 0.000
-1.500 -1.500 -0.196 -0.000 -0.000 -0.212 0.000 0.000 -0.051 0.000 0.000
-1.500 -1.500 -0.207 -0.000 -0.000 -0.215 0.000 0.000 -0.041 0.000 0.000
-1.500 -1.500 -0.217 -0.000 -0.000 -0.216 0.000 0.000 -0.031 0.000 0.000
-1.500 -1.500 -0.228 -0.000 -0.000 -0.218 0.000 0.000 -0.021 0.000 0.000
-1.500 -1.500 -0.239 -0.000 -0.000 -0.218 0.000 0.000 -0.010 0.000 0.000
-1.500 -1.500 -0.250 -0.000 -0.000 -0.219 0.000 0.000 0.000 0.000 0.000
-1.500 -1.500 -0.261 -0.000 -0.000 -0.218 0.000 0.000 0.010 0.000 0.000
-1.500 -1.500 -0.272 -0.000 -0.000 -0.218 0.000 0.000 0.021 0.000 0.000
-1.500 -1.500 -0.283 -0.000 -0.000 -0.216 0.000 0.000 0.031 0.000 0.000
-1.500 -1.500 -0.293 -0.000 -0.000 -0.215 0.000 0.000 0.041 0.000 0.000
-1.500 -1.500 -0.304 -0.000 -0.000 -0.212 0.000 0.000 0.051 0.000 0.000
-1.500 -1.500 -0.315 -0.000 -0.000 -0.209 0.000 0.000 0.061 0.000 0.000
-1.500 -1.500 -0.325 -0.000 -0.000 -0.206 0.000 0.000 0.071 0.000 0.000
-1.500 -1.500 -0.335 -0.000 -0.000 -0.202 0.000 0.000 0.080 0.000 0.000
-1.500 -1.500 -0.345 0.000 0.000 -0.198 0.000 0.000 0.088 0.000 0.000
-1.500 -1.500 -0.355 0.000 0.000 -0.194 0.000 0.000 0.097 0.000 0.000
-1.500 -1.500 -0.365 0.000 0.000 -0.189 0.000 0.000 0.105 0.000 0.000
-1.500 -1.500 -0.374 0.000 0.000 -0.183 0.000 0.000 0.112 0.000 0.000
-1.500 -1.500 -0.383 0.000 0.000 -0.177 0.000 0.000 0.119 0.000 0.000
-1.500 -1.500 -0.392 0.000 0.000 -0.171 0.000 0.000 0.125 0.000 0.000
-1.500 -1.500 -0.400 0.000 0.000 -0.165 0.000 0.000 0.130 0.000 0.000
-1.500 -1.500 -0.408 0.000 0.000 -0.158 0.000 0.000 0.135 0.000 0.000
-1.500 -1.500 -0.416 0.000 0.000 -0.151 0.000 0.000 0.140 0.000 0.000
-1.500 -1.500 -0.423 0.000 0.000 -0.144 0.000 0.000 0.143 0.000 0.000
-1.500 -1.500 -0.430 0.000 0.000 -0.137 0.000 0.000 0.146 0.000 0.000
-1.500 -1.500 -0.437 0.000 0.000 -0.130 0.000 0.000 0.148 0.000 0.000
-1.500 -1.500 -0.443 0.000 0.000 -0.122 0.000 0.000 0.150 0.000 0.000
-1.500 -1.500 -0.449 0.000 0.000 -0.115 0.000 0.000 0.150 0.000 0.000
-1.500 -1.500 -0.455 0.000 0.000 -0.107 0.000 0.000 0.150 0.000 0.000
-1.500 -1.500 -0.460 0.000 0.000 -0.100 0.000 0.000 0.149 0.000 0.000
-1.500 -1.500 -0.465 0.000 0.000 -0.092 0.000 0.000 0.148 0.000 0.000
-1.500 -1.500 -0.469 0.000 0.000 -0.085 0.000 0.000 0.145 0.000 0.000
-1.500 -1.500 -0.473 0.000 0.000 -0.078 0.000 0.000 0.142 0.000 0.000
-1.500 -1.500 -0.477 0.000 0.000 -0.071 0.000 0.000 0.139 0.000 0.000
-1.500 -1.500 -0.480 0.000 0.000 -0.064 0.000 0.000 0.134 0.000 0.000
-1.500 -1.500 -0.483 0.000 0.000 -0.057 -0.000 -0.000 0.129 0.000 0.000
-1.500 -1.500 -0.486 0.000 0.000 -0.051 -0.000 -0.000 0.123 0.000 0.000
-1.500 -1.500 -0.488 0.000 0.000 -0.045 -0.000 -0.000 0.117 0.000 0.000
-1.500 -1.500 -0.491 0.000 0.000 -0.039 -0.000 -0.000 0.110 0.000 0.000
-1.500 -1.500 -0.492 0.000 0.000 -0.034 -0.000 -0.000 0.103 0.000 0.000
-1.500 -1.500 -0.494 0.000 0.000 -0.029 -0.000 -0.000 0.096 0.000 0.000
-1.500 -1.500 -0.495 0.000 0.000 -0.024 -0.000 -0.000 0.088 0.000 0.000
-1.500 -1.500 -0.496 0.000 0.000 -0.020 -0.000 -0.000 0.080 0.000 0.000
-1.500 -1.500 -0.497 0.000 0.000 -0.016 -0.000 -0.000 0.071 0.000 0.000
-1.500 -1.500 -0.498 0.000 0.000 -0.013 -0.000 -0.000 0.063 0.000 0.000
-1.500 -1.500 -0.499 0.000 0.000 -0.010 -0.000 -0.000 0.054 0.000 0.000
-1.500 -1.500 -0.499 0.000 0.000 -0.008 -0.000 -0.000 0.046 0.000 0.000
-1.500 -1.500 -0.499 0.000 0.000 -0.006 -0.000 -0.000 0.038 0.000 0.000
-1.500 -1.500 -0.500 0.000 0.000 -0.004 -0.000 -0.000 0.031 0.000 0.000
-1.500 -1.500 -0.500 0.000 0.000 -0.003 -0.000 -0.000 0.024 0.000 0.000
-1.500 -1.500 -0.500 0.000 0.000 -0.002 -0.000 -0.000 0.017 0.000 0.000
-1.500 -1.500 -0.500 0.000 0.000 -0.001 -0.000 -0.000 0.011 0.000 0.000
-1.500 -1.500 -0.500 0.000 0.000 -0.000 -0.000 -0.000 0.007 0.000 0.000
-1.500 -1.500 -0.500 0.000 0.000 -0.000 -0.000 -0.000 0.003 0.000 0.000
-1.500 -1.500 -0.500 0.000 0.000 -0.000 -0.000 -0.000 0.001 0.000 0.000
-1.500 -1.500 -0.500 0.000 0.000 -0.000 -0.000 -0.000 -0.000 0.000 0.000
